idx	predict	radius	unperturbed predict	time
0	0	0.541	0	0:01:18.134649
20	0	0.604	0	0:01:16.893782
40	0	0.133	0	0:01:17.322981
60	1	0.609	1	0:01:17.753553
80	1	0.429	1	0:01:18.166686
100	0	0.548	0	0:01:19.414507
120	0	0.254	0	0:01:17.087405
140	0	0.181	0	0:01:16.447847
160	-1	0.0	0	0:01:18.165255
180	0	0.288	0	0:01:17.243306
200	0	0.53	0	0:01:17.861598
220	0	0.326	0	0:01:16.405890
240	1	0.947	1	0:01:16.451143
260	1	0.22	1	0:01:17.705853
280	0	0.139	0	0:01:18.250790
300	1	0.614	1	0:01:16.342188
320	0	0.532	0	0:01:16.319392
340	0	0.479	0	0:01:16.095286
360	1	0.185	1	0:01:16.420578
380	0	0.0425	0	0:01:16.318168
400	1	0.299	1	0:01:16.371214
420	1	0.163	1	0:01:16.411564
440	1	0.378	1	0:01:16.693634
460	1	0.0255	1	0:01:16.677873
480	0	0.255	0	0:01:16.704305
500	0	0.717	0	0:01:16.402094
520	1	0.0665	1	0:01:16.691749
540	1	0.445	1	0:01:16.629164
560	1	0.93	1	0:01:16.320111
580	0	0.322	0	0:01:16.605778
600	0	0.184	0	0:01:16.745039
620	1	0.415	1	0:01:16.670929
640	0	0.317	0	0:01:16.490809
660	0	0.126	0	0:01:16.129886
680	0	0.347	0	0:01:16.475073
700	1	0.615	1	0:01:17.463730
720	0	0.276	0	0:01:16.852154
740	0	0.379	0	0:01:16.564243
760	0	0.41	0	0:01:16.565390
780	1	0.636	1	0:01:16.324018
800	1	0.947	1	0:01:17.238868
820	0	0.487	0	0:01:17.755810
840	1	0.947	1	0:01:18.377492
860	0	0.491	0	0:01:17.569911
880	1	0.628	1	0:01:16.293210
900	0	0.613	0	0:01:16.441557
920	0	0.167	0	0:01:16.544488
940	1	0.452	1	0:01:16.422707
960	0	0.215	0	0:01:16.433309
980	0	0.475	0	0:01:16.426466
1000	1	0.744	1	0:01:16.374017
1020	1	0.474	1	0:01:16.366850
1040	0	0.327	0	0:01:16.239632
1060	1	0.947	1	0:01:16.459379
1080	0	0.0599	0	0:01:17.443116
1100	0	0.42	0	0:01:18.843513
1120	0	0.395	0	0:01:16.681479
1140	0	0.265	0	0:01:16.524932
1160	1	0.349	1	0:01:16.497478
1180	0	0.376	0	0:01:16.443200
1200	1	0.22	1	0:01:16.280352
1220	0	0.626	0	0:01:16.502299
1240	0	0.312	0	0:01:16.434408
1260	0	0.151	0	0:01:16.230178
1280	0	0.541	0	0:01:16.528007
1300	0	0.417	0	0:01:16.425102
1320	1	0.214	1	0:01:17.691979
1340	1	0.145	1	0:01:17.149595
1360	0	0.196	0	0:01:18.252337
1380	0	0.439	0	0:01:18.772583
1400	0	0.753	0	0:01:18.240067
1420	0	0.319	0	0:01:18.116027
1440	0	0.115	0	0:01:16.692375
1460	1	0.513	1	0:01:16.451792
1480	0	0.338	0	0:01:16.942303
1500	1	0.434	1	0:01:17.629488
1520	1	0.0562	1	0:01:17.417934
1540	1	0.546	1	0:01:16.477610
1560	1	0.947	1	0:01:16.411706
1580	0	0.562	0	0:01:16.377502
1600	0	0.638	0	0:01:16.591329
1620	0	0.814	0	0:01:16.522252
1640	0	0.947	0	0:01:16.690880
1660	0	0.294	0	0:01:16.448052
1680	0	0.0709	0	0:01:16.463686
1700	0	0.471	0	0:01:16.574858
1720	1	0.058	1	0:01:16.647688
1740	1	0.137	1	0:01:16.300364
1760	1	0.331	1	0:01:16.355562
1780	1	0.0574	1	0:01:16.406631
1800	0	0.173	0	0:01:16.357400
1820	1	0.299	1	0:01:16.509948
1840	0	0.661	0	0:01:16.557989
1860	1	0.589	1	0:01:16.602968
1880	1	0.93	1	0:01:16.662041
1900	1	0.796	1	0:01:16.381410
1920	1	0.788	1	0:01:16.749480
1940	0	0.656	0	0:01:19.051807
1960	0	0.362	0	0:01:16.799334
1980	1	0.492	1	0:01:18.854606
2000	1	0.385	1	0:01:16.898160
2020	1	0.894	1	0:01:16.302851
2040	1	0.6	1	0:01:16.158058
2060	0	0.153	0	0:01:18.722748
2080	0	0.115	0	0:01:17.373185
2100	0	0.0509	0	0:01:18.908034
2120	0	0.474	0	0:01:18.488394
2140	1	0.93	1	0:01:17.233205
2160	1	0.172	1	0:01:18.230722
2180	0	0.26	0	0:01:16.490724
2200	0	0.567	0	0:01:16.243707
2220	1	0.901	1	0:01:18.727956
2240	0	0.183	0	0:01:17.993729
2260	0	0.0247	0	0:01:16.455904
2280	0	0.562	0	0:01:18.446450
2300	0	0.691	0	0:01:18.071175
2320	1	0.0654	1	0:01:16.393558
2340	1	0.918	1	0:01:16.328256
2360	0	0.414	0	0:01:16.445286
2380	1	0.376	1	0:01:16.634256
2400	1	0.947	1	0:01:16.436957
2420	0	0.441	0	0:01:16.588161
2440	1	0.69	1	0:01:16.142815
2460	0	0.516	0	0:01:16.518999
2480	1	0.532	1	0:01:16.380752
2500	0	0.542	0	0:01:16.194405
2520	0	0.321	0	0:01:16.380101
2540	0	0.549	0	0:01:16.399344
2560	0	0.149	0	0:01:16.551693
2580	0	0.579	0	0:01:16.520456
2600	1	0.589	1	0:01:16.251403
2620	1	0.304	1	0:01:16.459936
2640	1	0.635	1	0:01:16.470682
2660	0	0.773	0	0:01:16.092136
2680	1	0.835	1	0:01:16.347288
2700	0	0.196	0	0:01:16.324905
2720	0	0.0569	0	0:01:16.509529
2740	0	0.318	0	0:01:16.268158
2760	0	0.101	0	0:01:16.444487
2780	1	0.498	1	0:01:16.424237
2800	0	0.159	0	0:01:16.587322
2820	1	0.738	1	0:01:16.140786
2840	1	0.726	1	0:01:16.486995
2860	0	0.503	0	0:01:16.480088
2880	1	0.283	1	0:01:16.239187
2900	0	0.622	0	0:01:16.470203
2920	0	0.666	0	0:01:16.533140
2940	0	0.0824	0	0:01:16.312931
2960	0	0.489	0	0:01:16.131386
2980	1	0.122	1	0:01:16.484037
3000	1	0.229	1	0:01:16.383665
3020	1	0.276	1	0:01:16.161258
3040	1	0.947	1	0:01:16.622947
3060	1	0.425	1	0:01:18.701781
3080	0	0.331	0	0:01:18.703688
3100	0	0.0297	0	0:01:16.427233
3120	0	0.647	0	0:01:16.763848
3140	1	0.339	1	0:01:16.980783
3160	0	0.445	0	0:01:17.283845
3180	0	0.602	0	0:01:17.642544
3200	0	0.146	0	0:01:18.192865
3220	0	0.33	0	0:01:18.039598
3240	0	0.733	0	0:01:19.151558
3260	1	0.129	1	0:01:16.109187
3280	0	0.395	0	0:01:16.429474
3300	0	0.161	0	0:01:16.526378
3320	0	0.423	0	0:01:16.506782
3340	-1	0.0	0	0:01:16.154988
3360	0	0.221	0	0:01:16.616254
3380	1	0.909	1	0:01:16.455793
3400	0	0.329	0	0:01:16.280225
3420	0	0.763	0	0:01:16.552729
3440	0	0.353	0	0:01:16.499280
3460	1	0.888	1	0:01:16.482594
3480	1	0.613	1	0:01:16.579342
3500	0	0.317	0	0:01:16.212906
3520	1	0.888	1	0:01:16.512465
3540	1	0.293	1	0:01:16.522944
3560	0	0.3	0	0:01:16.240986
3580	0	0.524	0	0:01:16.511741
3600	-1	0.0	1	0:01:16.531280
3620	0	0.18	0	0:01:16.473265
3640	0	0.462	0	0:01:16.201997
3660	1	0.229	1	0:01:16.450315
3680	0	0.636	0	0:01:16.519399
3700	1	0.106	1	0:01:16.425029
3720	1	0.776	1	0:01:16.287981
3740	1	0.808	1	0:01:16.460756
3760	1	0.79	1	0:01:16.520219
3780	0	0.417	0	0:01:16.527268
3800	1	0.322	1	0:01:16.197482
3820	0	0.605	0	0:01:16.527758
3840	0	0.709	0	0:01:16.530374
3860	1	0.947	1	0:01:16.585699
3880	0	0.264	0	0:01:16.080855
3900	0	0.537	0	0:01:16.489839
3920	0	0.242	0	0:01:16.508396
3940	0	0.673	0	0:01:16.203098
3960	1	0.431	1	0:01:16.735192
3980	0	0.615	0	0:01:16.251566
4000	0	0.66	0	0:01:16.408052
4020	1	0.101	1	0:01:16.492395
4040	1	0.471	1	0:01:18.015851
4060	1	0.148	1	0:01:16.496151
4080	1	0.918	1	0:01:16.883772
4100	1	0.778	1	0:01:17.347942
4120	1	0.616	1	0:01:17.137608
4140	0	0.337	0	0:01:18.253734
4160	0	0.716	0	0:01:17.563203
4180	0	0.0507	0	0:01:16.529022
4200	0	0.404	0	0:01:16.293386
4220	0	0.406	0	0:01:18.424763
4240	0	0.121	0	0:01:18.298379
4260	1	0.661	1	0:01:16.171560
4280	0	0.221	0	0:01:16.519392
4300	-1	0.0	0	0:01:16.536851
4320	0	0.392	0	0:01:18.016890
4340	1	0.597	1	0:01:17.916317
4360	1	0.348	1	0:01:16.293875
4380	1	0.196	1	0:01:20.089041
4400	0	0.774	0	0:01:16.586440
4420	0	0.222	0	0:01:17.628133
4440	0	0.38	0	0:01:16.793237
4460	1	0.419	1	0:01:16.262336
4480	1	0.824	1	0:01:18.565922
4500	0	0.686	0	0:01:16.463977
4520	0	0.735	0	0:01:16.220497
4540	1	0.387	1	0:01:16.342125
4560	1	0.804	1	0:01:16.482928
4580	0	0.0293	0	0:01:18.444458
4600	0	0.306	0	0:01:16.258647
4620	0	0.419	0	0:01:16.527054
4640	0	0.0901	0	0:01:16.270057
4660	0	0.617	0	0:01:16.481285
4680	1	0.372	1	0:01:18.788811
4700	0	0.561	0	0:01:16.220981
4720	0	0.0776	0	0:01:16.631898
4740	0	0.62	0	0:01:19.284285
4760	0	0.481	0	0:01:16.405570
4780	1	0.133	1	0:01:16.512684
4800	1	0.947	1	0:01:16.525562
4820	0	0.469	0	0:01:16.236416
4840	1	0.866	1	0:01:16.558261
4860	1	0.686	1	0:01:17.701421
4880	0	0.21	0	0:01:17.114191
4900	0	0.216	0	0:01:16.422038
4920	1	0.947	1	0:01:16.145202
4940	1	0.0505	1	0:01:16.757135
4960	0	0.222	0	0:01:16.296835
4980	1	0.0938	1	0:01:16.820847
5000	1	0.947	1	0:01:17.761172
5020	1	0.414	1	0:01:16.234286
5040	0	0.678	0	0:01:16.300563
5060	0	0.41	0	0:01:18.438376
5080	1	0.23	1	0:01:16.294368
5100	0	0.187	0	0:01:16.661043
5120	1	0.0173	1	0:01:16.259937
5140	1	0.506	1	0:01:16.124875
5160	1	0.368	1	0:01:16.584147
5180	0	0.423	0	0:01:16.251999
5200	0	0.411	0	0:01:16.355832
5220	1	0.0482	1	0:01:16.488113
5240	1	0.0814	1	0:01:16.271039
5260	1	0.947	1	0:01:17.325385
5280	0	0.619	0	0:01:18.006873
5300	1	0.386	1	0:01:16.247361
5320	0	0.0925	0	0:01:16.792627
5340	0	0.481	0	0:01:18.028405
5360	1	0.386	1	0:01:16.480885
5380	0	0.0186	0	0:01:18.445282
5400	1	0.431	1	0:01:16.249983
5420	1	0.575	1	0:01:16.475705
5440	1	0.894	1	0:01:16.530052
5460	1	0.648	1	0:01:16.486685
5480	1	0.311	1	0:01:16.522666
5500	0	0.2	0	0:01:16.241185
5520	0	0.378	0	0:01:16.504872
5540	0	0.666	0	0:01:16.429374
5560	0	0.387	0	0:01:16.541878
5580	0	0.705	0	0:01:16.075417
5600	0	0.419	0	0:01:18.054013
5620	0	0.874	0	0:01:19.453290
5640	0	0.677	0	0:01:17.192177
5660	0	0.251	0	0:01:20.347797
5680	0	0.85	0	0:01:16.621999
5700	0	0.352	0	0:01:18.152075
5720	1	0.888	1	0:01:19.324735
5740	0	0.329	0	0:01:16.225797
5760	0	0.258	0	0:01:17.156648
5780	1	0.947	1	0:01:19.909553
5800	1	0.225	1	0:01:16.357433
5820	0	0.121	0	0:01:16.421643
5840	0	0.393	0	0:01:16.400696
5860	1	0.108	1	0:01:16.498866
5880	1	0.654	1	0:01:16.490867
5900	0	0.809	0	0:01:16.233884
5920	1	0.947	1	0:01:16.832866
5940	0	0.634	0	0:01:16.237464
5960	0	0.403	0	0:01:16.245468
5980	1	0.673	1	0:01:16.628488
6000	0	0.0334	0	0:01:16.270443
6020	1	0.26	1	0:01:16.480704
6040	0	0.757	0	0:01:16.473752
6060	0	0.561	0	0:01:16.183296
6080	1	0.338	1	0:01:18.390190
6100	1	0.638	1	0:01:18.535381
6120	1	0.00506	-1	0:01:16.201926
6140	1	0.318	1	0:01:16.656033
6160	0	0.515	0	0:01:16.193202
6180	0	0.113	0	0:01:16.629663
6200	0	0.671	0	0:01:19.928246
6220	0	0.593	0	0:01:16.218987
6240	0	0.101	0	0:01:16.877207
6260	0	0.45	0	0:01:17.539697
6280	0	0.811	0	0:01:19.429902
6300	1	0.261	1	0:01:16.631587
6320	0	0.135	0	0:01:16.268408
6340	0	0.695	0	0:01:17.006515
6360	0	0.3	0	0:01:20.033825
6380	0	0.859	0	0:01:16.167226
6400	1	0.0976	1	0:01:16.706032
6420	1	0.585	1	0:01:16.234084
6440	0	0.909	0	0:01:16.570766
6460	0	0.0696	0	0:01:20.478285
6480	0	0.0489	0	0:01:16.282933
6500	0	0.534	0	0:01:17.779179
6520	0	0.342	0	0:01:19.308390
6540	-1	0.0	1	0:01:16.860090
6560	0	0.363	0	0:01:16.731214
6580	0	0.495	0	0:01:16.557852
6600	1	0.622	1	0:01:16.745828
6620	1	0.947	1	0:01:16.594697
6640	0	0.338	0	0:01:16.519233
6660	1	0.284	1	0:01:16.841069
6680	0	0.423	0	0:01:16.654672
6700	1	0.359	1	0:01:16.647582
6720	0	0.397	0	0:01:17.048542
6740	0	0.781	0	0:01:16.518952
6760	1	0.493	1	0:01:16.758868
6780	1	0.703	1	0:01:16.619275
6800	0	0.459	0	0:01:19.217305
6820	1	0.556	1	0:01:17.806398
6840	1	0.486	1	0:01:16.491471
6860	1	0.0485	1	0:01:16.444167
6880	1	0.117	1	0:01:16.635753
6900	0	0.293	0	0:01:18.585081
6920	0	0.577	0	0:01:18.265374
6940	1	0.947	1	0:01:16.644728
6960	-1	0.0	0	0:01:17.728766
6980	0	0.0824	0	0:01:19.135317
7000	0	0.615	0	0:01:16.614663
7020	1	0.947	1	0:01:16.564449
7040	0	0.572	0	0:01:16.274790
7060	1	0.739	1	0:01:17.030828
7080	0	0.418	0	0:01:21.049954
7100	0	0.719	0	0:01:16.580638
7120	0	0.129	0	0:01:16.299083
7140	0	0.485	0	0:01:16.222994
7160	1	0.134	1	0:01:18.185140
7180	1	0.00387	-1	0:01:18.356159
7200	0	0.46	0	0:01:18.480065
7220	1	0.179	1	0:01:19.662772
7240	0	0.0974	0	0:01:20.073250
7260	1	0.479	1	0:01:20.682545
7280	0	0.274	0	0:01:21.619103
7300	0	0.454	0	0:01:20.357796
7320	0	0.418	0	0:01:22.419455
7340	0	0.266	0	0:01:20.979720
7360	0	0.276	0	0:01:22.506166
7380	1	0.409	1	0:01:20.615342
7400	0	0.73	0	0:01:21.361468
7420	0	0.418	0	0:01:20.861745
7440	1	0.073	1	0:01:22.218932
7460	1	0.662	1	0:01:21.486455
7480	1	0.207	1	0:01:22.030372
7500	1	0.947	1	0:01:21.798308
7520	0	0.291	0	0:01:22.189592
7540	1	0.758	1	0:01:20.266970
7560	0	0.0871	0	0:01:21.021142
7580	1	0.643	1	0:01:21.982718
7600	0	0.619	0	0:01:21.043579
7620	0	0.751	0	0:01:21.826610
7640	0	0.143	0	0:01:21.173317
7660	-1	0.0	0	0:01:22.112252
7680	0	0.559	0	0:01:21.859971
7700	1	0.514	1	0:01:21.152067
7720	0	0.661	0	0:01:21.592541
7740	0	0.365	0	0:01:22.659845
7760	0	0.646	0	0:01:22.716492
7780	0	0.459	0	0:01:22.346660
7800	1	0.179	1	0:01:22.360390
7820	0	0.477	0	0:01:21.432808
7840	1	0.93	1	0:01:22.890870
7860	1	0.405	1	0:01:20.850745
7880	1	0.0324	1	0:01:21.288003
7900	0	0.709	0	0:01:22.354087
7920	1	0.373	1	0:01:21.760029
7940	0	0.445	0	0:01:21.656067
7960	0	0.263	0	0:01:22.395751
7980	0	0.597	0	0:01:19.131868
8000	1	0.448	1	0:01:19.118595
8020	0	0.62	0	0:01:20.221260
8040	1	0.142	1	0:01:20.243965
8060	1	0.223	1	0:01:21.177160
8080	0	0.557	0	0:01:21.283790
8100	0	0.439	0	0:01:20.813776
8120	0	0.5	0	0:01:20.407567
8140	0	0.614	0	0:01:20.438330
8160	1	0.83	1	0:01:19.700698
8180	0	0.405	0	0:01:19.085688
8200	0	0.751	0	0:01:19.552999
8220	0	0.608	0	0:01:21.118446
8240	1	0.269	1	0:01:19.676127
8260	1	0.791	1	0:01:20.264502
8280	1	0.175	1	0:01:19.291150
8300	0	0.7	0	0:01:20.540592
8320	0	0.292	0	0:01:21.872872
8340	0	0.455	0	0:01:20.186560
8360	1	0.801	1	0:01:20.144939
8380	1	0.621	1	0:01:19.401901
8400	0	0.308	0	0:01:20.952767
8420	0	0.0385	0	0:01:19.355970
8440	0	0.466	0	0:01:20.157756
8460	1	0.477	1	0:01:20.324665
8480	0	0.755	0	0:01:21.028514
8500	0	0.107	0	0:01:19.559754
8520	0	0.0267	0	0:01:20.277487
8540	0	0.534	0	0:01:20.019944
8560	1	0.461	1	0:01:20.117259
8580	0	0.947	0	0:01:19.870004
8600	0	0.658	0	0:01:20.565940
8620	0	0.87	0	0:01:19.971086
8640	1	0.2	1	0:01:19.615573
8660	1	0.247	1	0:01:19.251692
8680	0	0.777	0	0:01:18.246532
8700	0	0.227	0	0:01:20.611090
8720	1	0.511	1	0:01:20.619536
8740	0	0.336	0	0:01:20.665541
8760	1	0.719	1	0:01:19.851465
8780	0	0.271	0	0:01:21.738825
8800	1	0.573	1	0:01:21.508985
8820	1	0.888	1	0:01:20.008820
8840	0	0.814	0	0:01:19.886322
8860	1	0.534	1	0:01:20.913419
8880	1	0.577	1	0:01:21.602552
8900	0	0.582	0	0:01:21.153101
8920	1	0.0778	1	0:01:23.053645
8940	0	0.183	0	0:01:21.263458
8960	0	0.883	0	0:01:21.177134
8980	1	0.785	1	0:01:21.411876
9000	1	0.821	1	0:01:19.903686
9020	1	0.633	1	0:01:21.931265
9040	1	0.178	1	0:01:19.654937
9060	1	0.149	1	0:01:20.451261
9080	0	0.626	0	0:01:21.611735
9100	0	0.0838	0	0:01:19.867637
9120	0	0.558	0	0:01:20.284158
9140	1	0.00875	-1	0:01:20.441736
9160	0	0.58	0	0:01:21.090542
9180	1	0.901	1	0:01:22.501389
9200	1	0.398	1	0:01:19.963927
9220	1	0.523	1	0:01:19.221057
9240	-1	0.0	1	0:01:22.889594
9260	0	0.441	0	0:01:21.092983
9280	0	0.37	0	0:01:20.791473
9300	0	0.758	0	0:01:21.456183
9320	1	0.701	1	0:01:20.332656
9340	1	0.93	1	0:01:23.088240
9360	0	0.531	0	0:01:20.149931
9380	0	0.674	0	0:01:22.125331
9400	1	0.801	1	0:01:21.522479
9420	1	0.209	1	0:01:21.299936
9440	1	0.227	1	0:01:21.036491
9460	0	0.424	0	0:01:21.007535
9480	0	0.502	0	0:01:19.208538
9500	1	0.203	1	0:01:20.834367
9520	1	0.318	1	0:01:21.525735
9540	1	0.0367	1	0:01:21.188642
9560	0	0.374	0	0:01:22.334335
9580	1	0.909	1	0:01:19.937788
9600	1	0.0421	1	0:01:21.697814
9620	1	0.0148	1	0:01:20.653466
9640	0	0.357	0	0:01:21.174167
9660	1	0.548	1	0:01:19.770672
9680	1	0.44	1	0:01:20.615937
9700	1	0.165	1	0:01:20.943274
9720	0	0.591	0	0:01:21.345797
9740	0	0.3	0	0:01:20.622720
9760	0	0.442	0	0:01:19.807836
9780	0	0.434	0	0:01:21.073656
9800	1	0.947	1	0:01:21.484177
9820	0	0.333	0	0:01:21.307966
9840	0	0.263	0	0:01:22.332932
9860	0	0.68	0	0:01:20.646213
9880	0	0.433	0	0:01:20.106458
9900	1	0.796	1	0:01:20.356437
9920	1	0.715	1	0:01:20.162753
9940	0	0.634	0	0:01:21.213222
9960	1	0.453	1	0:01:21.495910
9980	1	0.947	1	0:01:20.639460
