idx	predict	radius	unperturbed predict	time
0	1	0.612	1	0:01:18.134649
20	1	0.272	1	0:01:16.893782
40	1	0.878	1	0:01:17.322981
60	1	0.947	1	0:01:17.753553
80	1	0.947	1	0:01:18.166686
100	1	0.393	1	0:01:19.414507
120	1	0.823	1	0:01:17.087405
140	1	0.479	1	0:01:16.447847
160	1	0.821	1	0:01:18.165255
180	1	0.727	1	0:01:17.243306
200	1	0.773	1	0:01:17.861598
220	1	0.947	1	0:01:16.405890
240	1	0.947	1	0:01:16.451143
260	1	0.761	1	0:01:17.705853
280	1	0.894	1	0:01:18.250790
300	1	0.947	1	0:01:16.342188
320	1	0.909	1	0:01:16.319392
340	1	0.584	1	0:01:16.095286
360	1	0.558	1	0:01:16.420578
380	1	0.626	1	0:01:16.318168
400	1	0.842	1	0:01:16.371214
420	1	0.796	1	0:01:16.411564
440	1	0.947	1	0:01:16.693634
460	1	0.85	1	0:01:16.677873
480	1	0.585	1	0:01:16.704305
500	-1	0.0	1	0:01:16.402094
520	1	0.93	1	0:01:16.691749
540	1	0.947	1	0:01:16.629164
560	1	0.947	1	0:01:16.320111
580	1	0.64	1	0:01:16.605778
600	1	0.492	1	0:01:16.745039
620	1	0.839	1	0:01:16.670929
640	1	0.811	1	0:01:16.490809
660	1	0.431	1	0:01:16.129886
680	1	0.317	1	0:01:16.475073
700	1	0.947	1	0:01:17.463730
720	1	0.188	1	0:01:16.852154
740	1	0.947	1	0:01:16.564243
760	1	0.472	1	0:01:16.565390
780	1	0.947	1	0:01:16.324018
800	1	0.947	1	0:01:17.238868
820	1	0.243	1	0:01:17.755810
840	1	0.947	1	0:01:18.377492
860	1	0.856	1	0:01:17.569911
880	1	0.947	1	0:01:16.293210
900	1	0.339	1	0:01:16.441557
920	1	0.679	1	0:01:16.544488
940	1	0.947	1	0:01:16.422707
960	1	0.431	1	0:01:16.433309
980	1	0.565	1	0:01:16.426466
1000	1	0.947	1	0:01:16.374017
1020	1	0.947	1	0:01:16.366850
1040	1	0.772	1	0:01:16.239632
1060	1	0.947	1	0:01:16.459379
1080	1	0.584	1	0:01:17.443116
1100	1	0.756	1	0:01:18.843513
1120	1	0.55	1	0:01:16.681479
1140	1	0.416	1	0:01:16.524932
1160	1	0.947	1	0:01:16.497478
1180	1	0.45	1	0:01:16.443200
1200	1	0.947	1	0:01:16.280352
1220	1	0.243	1	0:01:16.502299
1240	1	0.764	1	0:01:16.434408
1260	1	0.947	1	0:01:16.230178
1280	1	0.901	1	0:01:16.528007
1300	1	0.394	1	0:01:16.425102
1320	1	0.947	1	0:01:17.691979
1340	1	0.947	1	0:01:17.149595
1360	1	0.785	1	0:01:18.252337
1380	1	0.539	1	0:01:18.772583
1400	1	0.586	1	0:01:18.240067
1420	1	0.608	1	0:01:18.116027
1440	1	0.785	1	0:01:16.692375
1460	1	0.947	1	0:01:16.451792
1480	1	0.405	1	0:01:16.942303
1500	1	0.947	1	0:01:17.629488
1520	1	0.686	1	0:01:17.417934
1540	1	0.947	1	0:01:16.477610
1560	1	0.947	1	0:01:16.411706
1580	1	0.0387	1	0:01:16.377502
1600	0	0.0421	0	0:01:16.591329
1620	-1	0.0	0	0:01:16.522252
1640	1	0.0159	1	0:01:16.690880
1660	1	0.509	1	0:01:16.448052
1680	1	0.489	1	0:01:16.463686
1700	1	0.866	1	0:01:16.574858
1720	1	0.93	1	0:01:16.647688
1740	1	0.947	1	0:01:16.300364
1760	1	0.901	1	0:01:16.355562
1780	1	0.778	1	0:01:16.406631
1800	1	0.468	1	0:01:16.357400
1820	1	0.87	1	0:01:16.509948
1840	0	0.103	0	0:01:16.557989
1860	1	0.947	1	0:01:16.602968
1880	1	0.947	1	0:01:16.662041
1900	1	0.947	1	0:01:16.381410
1920	1	0.947	1	0:01:16.749480
1940	1	0.542	1	0:01:19.051807
1960	1	0.878	1	0:01:16.799334
1980	1	0.947	1	0:01:18.854606
2000	1	0.947	1	0:01:16.898160
2020	1	0.947	1	0:01:16.302851
2040	1	0.947	1	0:01:16.158058
2060	1	0.93	1	0:01:18.722748
2080	1	0.947	1	0:01:17.373185
2100	1	0.812	1	0:01:18.908034
2120	1	0.137	1	0:01:18.488394
2140	1	0.947	1	0:01:17.233205
2160	1	0.947	1	0:01:18.230722
2180	1	0.764	1	0:01:16.490724
2200	1	0.598	1	0:01:16.243707
2220	1	0.947	1	0:01:18.727956
2240	1	0.866	1	0:01:17.993729
2260	1	0.713	1	0:01:16.455904
2280	1	0.272	1	0:01:18.446450
2300	1	0.0178	1	0:01:18.071175
2320	1	0.766	1	0:01:16.393558
2340	1	0.947	1	0:01:16.328256
2360	1	0.819	1	0:01:16.445286
2380	1	0.888	1	0:01:16.634256
2400	1	0.947	1	0:01:16.436957
2420	1	0.0618	1	0:01:16.588161
2440	1	0.947	1	0:01:16.142815
2460	0	0.0731	0	0:01:16.518999
2480	1	0.947	1	0:01:16.380752
2500	1	0.565	1	0:01:16.194405
2520	1	0.472	1	0:01:16.380101
2540	1	0.36	1	0:01:16.399344
2560	1	0.55	1	0:01:16.551693
2580	1	0.537	1	0:01:16.520456
2600	1	0.947	1	0:01:16.251403
2620	1	0.8	1	0:01:16.459936
2640	1	0.947	1	0:01:16.470682
2660	1	0.277	1	0:01:16.092136
2680	1	0.947	1	0:01:16.347288
2700	1	0.947	1	0:01:16.324905
2720	1	0.571	1	0:01:16.509529
2740	1	0.108	1	0:01:16.268158
2760	1	0.862	1	0:01:16.444487
2780	1	0.947	1	0:01:16.424237
2800	1	0.619	1	0:01:16.587322
2820	1	0.93	1	0:01:16.140786
2840	1	0.947	1	0:01:16.486995
2860	1	0.382	1	0:01:16.480088
2880	1	0.947	1	0:01:16.239187
2900	1	0.476	1	0:01:16.470203
2920	1	0.32	1	0:01:16.533140
2940	1	0.93	1	0:01:16.312931
2960	1	0.517	1	0:01:16.131386
2980	1	0.918	1	0:01:16.484037
3000	1	0.947	1	0:01:16.383665
3020	1	0.947	1	0:01:16.161258
3040	1	0.947	1	0:01:16.622947
3060	1	0.947	1	0:01:18.701781
3080	1	0.918	1	0:01:18.703688
3100	1	0.947	1	0:01:16.427233
3120	1	0.415	1	0:01:16.763848
3140	1	0.947	1	0:01:16.980783
3160	1	0.653	1	0:01:17.283845
3180	1	0.317	1	0:01:17.642544
3200	1	0.767	1	0:01:18.192865
3220	1	0.204	1	0:01:18.039598
3240	0	0.181	0	0:01:19.151558
3260	1	0.657	1	0:01:16.109187
3280	1	0.85	1	0:01:16.429474
3300	1	0.519	1	0:01:16.526378
3320	1	0.176	1	0:01:16.506782
3340	1	0.525	1	0:01:16.154988
3360	1	0.511	1	0:01:16.616254
3380	1	0.947	1	0:01:16.455793
3400	1	0.34	1	0:01:16.280225
3420	1	0.279	1	0:01:16.552729
3440	1	0.626	1	0:01:16.499280
3460	1	0.947	1	0:01:16.482594
3480	1	0.947	1	0:01:16.579342
3500	1	0.54	1	0:01:16.212906
3520	1	0.947	1	0:01:16.512465
3540	1	0.859	1	0:01:16.522944
3560	1	0.52	1	0:01:16.240986
3580	1	0.166	1	0:01:16.511741
3600	1	0.468	1	0:01:16.531280
3620	1	0.334	1	0:01:16.473265
3640	1	0.739	1	0:01:16.201997
3660	1	0.947	1	0:01:16.450315
3680	1	0.0934	1	0:01:16.519399
3700	1	0.947	1	0:01:16.425029
3720	1	0.947	1	0:01:16.287981
3740	1	0.947	1	0:01:16.460756
3760	1	0.947	1	0:01:16.520219
3780	1	0.449	1	0:01:16.527268
3800	1	0.85	1	0:01:16.197482
3820	1	0.318	1	0:01:16.527758
3840	1	0.212	1	0:01:16.530374
3860	1	0.947	1	0:01:16.585699
3880	1	0.488	1	0:01:16.080855
3900	1	0.947	1	0:01:16.489839
3920	1	0.369	1	0:01:16.508396
3940	1	0.04	1	0:01:16.203098
3960	1	0.947	1	0:01:16.735192
3980	0	0.0381	0	0:01:16.251566
4000	1	0.0276	1	0:01:16.408052
4020	1	0.909	1	0:01:16.492395
4040	1	0.947	1	0:01:18.015851
4060	1	0.699	1	0:01:16.496151
4080	1	0.947	1	0:01:16.883772
4100	1	0.947	1	0:01:17.347942
4120	1	0.947	1	0:01:17.137608
4140	1	0.947	1	0:01:18.253734
4160	1	0.824	1	0:01:17.563203
4180	1	0.947	1	0:01:16.529022
4200	1	0.673	1	0:01:16.293386
4220	1	0.541	1	0:01:18.424763
4240	1	0.918	1	0:01:18.298379
4260	1	0.947	1	0:01:16.171560
4280	1	0.797	1	0:01:16.519392
4300	1	0.603	1	0:01:16.536851
4320	1	0.58	1	0:01:18.016890
4340	1	0.947	1	0:01:17.916317
4360	1	0.93	1	0:01:16.293875
4380	1	0.894	1	0:01:20.089041
4400	1	0.0755	1	0:01:16.586440
4420	1	0.725	1	0:01:17.628133
4440	1	0.213	1	0:01:16.793237
4460	1	0.947	1	0:01:16.262336
4480	1	0.947	1	0:01:18.565922
4500	1	0.883	1	0:01:16.463977
4520	1	0.725	1	0:01:16.220497
4540	1	0.883	1	0:01:16.342125
4560	1	0.947	1	0:01:16.482928
4580	1	0.772	1	0:01:18.444458
4600	1	0.51	1	0:01:16.258647
4620	1	0.819	1	0:01:16.527054
4640	1	0.632	1	0:01:16.270057
4660	1	0.0851	1	0:01:16.481285
4680	1	0.947	1	0:01:18.788811
4700	1	0.134	1	0:01:16.220981
4720	1	0.947	1	0:01:16.631898
4740	1	0.57	1	0:01:19.284285
4760	1	0.269	1	0:01:16.405570
4780	1	0.707	1	0:01:16.512684
4800	1	0.947	1	0:01:16.525562
4820	1	0.862	1	0:01:16.236416
4840	1	0.947	1	0:01:16.558261
4860	1	0.947	1	0:01:17.701421
4880	1	0.694	1	0:01:17.114191
4900	1	0.797	1	0:01:16.422038
4920	1	0.947	1	0:01:16.145202
4940	1	0.824	1	0:01:16.757135
4960	1	0.69	1	0:01:16.296835
4980	1	0.918	1	0:01:16.820847
5000	1	0.947	1	0:01:17.761172
5020	1	0.947	1	0:01:16.234286
5040	1	0.483	1	0:01:16.300563
5060	1	0.518	1	0:01:18.438376
5080	1	0.947	1	0:01:16.294368
5100	1	0.894	1	0:01:16.661043
5120	1	0.874	1	0:01:16.259937
5140	1	0.947	1	0:01:16.124875
5160	1	0.947	1	0:01:16.584147
5180	1	0.152	1	0:01:16.251999
5200	1	0.947	1	0:01:16.355832
5220	1	0.518	1	0:01:16.488113
5240	1	0.947	1	0:01:16.271039
5260	1	0.947	1	0:01:17.325385
5280	1	0.0244	1	0:01:18.006873
5300	1	0.947	1	0:01:16.247361
5320	1	0.947	1	0:01:16.792627
5340	1	0.296	1	0:01:18.028405
5360	1	0.901	1	0:01:16.480885
5380	1	0.947	1	0:01:18.445282
5400	1	0.947	1	0:01:16.249983
5420	1	0.947	1	0:01:16.475705
5440	1	0.947	1	0:01:16.530052
5460	1	0.947	1	0:01:16.486685
5480	1	0.806	1	0:01:16.522666
5500	1	0.683	1	0:01:16.241185
5520	1	0.526	1	0:01:16.504872
5540	1	0.261	1	0:01:16.429374
5560	1	0.918	1	0:01:16.541878
5580	1	0.797	1	0:01:16.075417
5600	1	0.236	1	0:01:18.054013
5620	0	0.0195	0	0:01:19.453290
5640	1	0.457	1	0:01:17.192177
5660	1	0.53	1	0:01:20.347797
5680	1	0.17	1	0:01:16.621999
5700	1	0.835	1	0:01:18.152075
5720	1	0.947	1	0:01:19.324735
5740	1	0.468	1	0:01:16.225797
5760	1	0.689	1	0:01:17.156648
5780	1	0.947	1	0:01:19.909553
5800	1	0.947	1	0:01:16.357433
5820	1	0.615	1	0:01:16.421643
5840	1	0.299	1	0:01:16.400696
5860	1	0.947	1	0:01:16.498866
5880	1	0.947	1	0:01:16.490867
5900	1	0.0923	1	0:01:16.233884
5920	1	0.947	1	0:01:16.832866
5940	-1	0.0	0	0:01:16.237464
5960	1	0.304	1	0:01:16.245468
5980	1	0.947	1	0:01:16.628488
6000	1	0.618	1	0:01:16.270443
6020	1	0.909	1	0:01:16.480704
6040	1	0.138	1	0:01:16.473752
6060	1	0.346	1	0:01:16.183296
6080	1	0.947	1	0:01:18.390190
6100	1	0.947	1	0:01:18.535381
6120	1	0.859	1	0:01:16.201926
6140	1	0.947	1	0:01:16.656033
6160	1	0.264	1	0:01:16.193202
6180	1	0.878	1	0:01:16.629663
6200	1	0.289	1	0:01:19.928246
6220	1	0.382	1	0:01:16.218987
6240	1	0.775	1	0:01:16.877207
6260	1	0.206	1	0:01:17.539697
6280	-1	0.0	0	0:01:19.429902
6300	1	0.701	1	0:01:16.631587
6320	1	0.763	1	0:01:16.268408
6340	1	0.497	1	0:01:17.006515
6360	1	0.42	1	0:01:20.033825
6380	0	0.312	0	0:01:16.167226
6400	1	0.93	1	0:01:16.706032
6420	1	0.947	1	0:01:16.234084
6440	0	0.0362	0	0:01:16.570766
6460	1	0.862	1	0:01:20.478285
6480	1	0.579	1	0:01:16.282933
6500	1	0.0462	1	0:01:17.779179
6520	1	0.947	1	0:01:19.308390
6540	1	0.578	1	0:01:16.860090
6560	1	0.349	1	0:01:16.731214
6580	1	0.195	1	0:01:16.557852
6600	1	0.947	1	0:01:16.745828
6620	1	0.947	1	0:01:16.594697
6640	1	0.745	1	0:01:16.519233
6660	1	0.947	1	0:01:16.841069
6680	1	0.792	1	0:01:16.654672
6700	1	0.874	1	0:01:16.647582
6720	1	0.487	1	0:01:17.048542
6740	1	0.255	1	0:01:16.518952
6760	1	0.947	1	0:01:16.758868
6780	1	0.947	1	0:01:16.619275
6800	1	0.722	1	0:01:19.217305
6820	1	0.947	1	0:01:17.806398
6840	1	0.947	1	0:01:16.491471
6860	1	0.93	1	0:01:16.444167
6880	1	0.918	1	0:01:16.635753
6900	1	0.767	1	0:01:18.585081
6920	1	0.398	1	0:01:18.265374
6940	1	0.947	1	0:01:16.644728
6960	1	0.625	1	0:01:17.728766
6980	1	0.947	1	0:01:19.135317
7000	1	0.443	1	0:01:16.614663
7020	1	0.947	1	0:01:16.564449
7040	1	0.113	1	0:01:16.274790
7060	1	0.947	1	0:01:17.030828
7080	1	0.169	1	0:01:21.049954
7100	1	0.462	1	0:01:16.580638
7120	1	0.947	1	0:01:16.299083
7140	1	0.3	1	0:01:16.222994
7160	1	0.909	1	0:01:18.185140
7180	1	0.85	1	0:01:18.356159
7200	1	0.739	1	0:01:18.480065
7220	1	0.828	1	0:01:19.662772
7240	1	0.755	1	0:01:20.073250
7260	1	0.947	1	0:01:20.682545
7280	1	0.505	1	0:01:21.619103
7300	1	0.947	1	0:01:20.357796
7320	1	0.837	1	0:01:22.419455
7340	1	0.518	1	0:01:20.979720
7360	1	0.707	1	0:01:22.506166
7380	1	0.894	1	0:01:20.615342
7400	1	0.71	1	0:01:21.361468
7420	1	0.391	1	0:01:20.861745
7440	1	0.842	1	0:01:22.218932
7460	1	0.947	1	0:01:21.486455
7480	1	0.776	1	0:01:22.030372
7500	1	0.947	1	0:01:21.798308
7520	1	0.715	1	0:01:22.189592
7540	1	0.947	1	0:01:20.266970
7560	1	0.536	1	0:01:21.021142
7580	1	0.947	1	0:01:21.982718
7600	1	0.0517	1	0:01:21.043579
7620	1	0.115	1	0:01:21.826610
7640	1	0.947	1	0:01:21.173317
7660	1	0.529	1	0:01:22.112252
7680	1	0.375	1	0:01:21.859971
7700	1	0.93	1	0:01:21.152067
7720	1	0.26	1	0:01:21.592541
7740	1	0.657	1	0:01:22.659845
7760	1	0.248	1	0:01:22.716492
7780	1	0.338	1	0:01:22.346660
7800	1	0.947	1	0:01:22.360390
7820	1	0.228	1	0:01:21.432808
7840	1	0.947	1	0:01:22.890870
7860	1	0.821	1	0:01:20.850745
7880	1	0.947	1	0:01:21.288003
7900	1	0.274	1	0:01:22.354087
7920	1	0.824	1	0:01:21.760029
7940	1	0.947	1	0:01:21.656067
7960	1	0.844	1	0:01:22.395751
7980	1	0.619	1	0:01:19.131868
8000	1	0.947	1	0:01:19.118595
8020	1	0.479	1	0:01:20.221260
8040	1	0.947	1	0:01:20.243965
8060	1	0.883	1	0:01:21.177160
8080	1	0.303	1	0:01:21.283790
8100	1	0.856	1	0:01:20.813776
8120	1	0.947	1	0:01:20.407567
8140	1	0.0618	1	0:01:20.438330
8160	1	0.947	1	0:01:19.700698
8180	1	0.821	1	0:01:19.085688
8200	-1	0.0	1	0:01:19.552999
8220	1	0.0618	1	0:01:21.118446
8240	1	0.947	1	0:01:19.676127
8260	1	0.947	1	0:01:20.264502
8280	1	0.883	1	0:01:19.291150
8300	1	0.0752	1	0:01:20.540592
8320	1	0.393	1	0:01:21.872872
8340	1	0.888	1	0:01:20.186560
8360	1	0.947	1	0:01:20.144939
8380	1	0.947	1	0:01:19.401901
8400	1	0.728	1	0:01:20.952767
8420	1	0.651	1	0:01:19.355970
8440	1	0.621	1	0:01:20.157756
8460	1	0.947	1	0:01:20.324665
8480	1	0.193	1	0:01:21.028514
8500	1	0.83	1	0:01:19.559754
8520	1	0.734	1	0:01:20.277487
8540	1	0.693	1	0:01:20.019944
8560	1	0.947	1	0:01:20.117259
8580	1	0.0622	1	0:01:19.870004
8600	1	0.393	1	0:01:20.565940
8620	0	0.116	0	0:01:19.971086
8640	1	0.93	1	0:01:19.615573
8660	1	0.947	1	0:01:19.251692
8680	0	0.0918	0	0:01:18.246532
8700	1	0.847	1	0:01:20.611090
8720	1	0.947	1	0:01:20.619536
8740	1	0.493	1	0:01:20.665541
8760	1	0.947	1	0:01:19.851465
8780	1	0.768	1	0:01:21.738825
8800	1	0.947	1	0:01:21.508985
8820	1	0.947	1	0:01:20.008820
8840	1	0.211	1	0:01:19.886322
8860	1	0.93	1	0:01:20.913419
8880	1	0.947	1	0:01:21.602552
8900	1	0.545	1	0:01:21.153101
8920	1	0.707	1	0:01:23.053645
8940	1	0.856	1	0:01:21.263458
8960	1	0.258	1	0:01:21.177134
8980	1	0.947	1	0:01:21.411876
9000	1	0.947	1	0:01:19.903686
9020	1	0.947	1	0:01:21.931265
9040	1	0.947	1	0:01:19.654937
9060	1	0.93	1	0:01:20.451261
9080	1	0.75	1	0:01:21.611735
9100	1	0.766	1	0:01:19.867637
9120	1	0.324	1	0:01:20.284158
9140	1	0.413	1	0:01:20.441736
9160	1	0.734	1	0:01:21.090542
9180	1	0.947	1	0:01:22.501389
9200	1	0.947	1	0:01:19.963927
9220	1	0.947	1	0:01:19.221057
9240	1	0.724	1	0:01:22.889594
9260	1	0.93	1	0:01:21.092983
9280	1	0.545	1	0:01:20.791473
9300	1	0.16	1	0:01:21.456183
9320	1	0.947	1	0:01:20.332656
9340	1	0.947	1	0:01:23.088240
9360	1	0.089	1	0:01:20.149931
9380	1	0.673	1	0:01:22.125331
9400	1	0.947	1	0:01:21.522479
9420	1	0.93	1	0:01:21.299936
9440	1	0.93	1	0:01:21.036491
9460	1	0.603	1	0:01:21.007535
9480	1	0.309	1	0:01:19.208538
9500	1	0.75	1	0:01:20.834367
9520	1	0.947	1	0:01:21.525735
9540	1	0.947	1	0:01:21.188642
9560	1	0.0128	1	0:01:22.334335
9580	1	0.947	1	0:01:19.937788
9600	1	0.947	1	0:01:21.697814
9620	1	0.93	1	0:01:20.653466
9640	1	0.465	1	0:01:21.174167
9660	1	0.947	1	0:01:19.770672
9680	1	0.947	1	0:01:20.615937
9700	1	0.614	1	0:01:20.943274
9720	1	0.111	1	0:01:21.345797
9740	1	0.66	1	0:01:20.622720
9760	1	0.208	1	0:01:19.807836
9780	1	0.566	1	0:01:21.073656
9800	1	0.947	1	0:01:21.484177
9820	1	0.641	1	0:01:21.307966
9840	1	0.756	1	0:01:22.332932
9860	-1	0.0	-1	0:01:20.646213
9880	1	0.266	1	0:01:20.106458
9900	1	0.947	1	0:01:20.356437
9920	1	0.947	1	0:01:20.162753
9940	1	0.654	1	0:01:21.213222
9960	1	0.947	1	0:01:21.495910
9980	1	0.947	1	0:01:20.639460
