idx	label	predict	radius	correct	unperturbed predict	unperturbed correct	time
0	3	3	0.373	1	3	1	0:01:18.134649
20	7	-1	0.0	0	7	1	0:01:16.893782
40	4	4	0.34	1	4	1	0:01:17.322981
60	7	7	0.918	1	7	1	0:01:17.753553
80	8	8	0.726	1	8	1	0:01:18.166686
100	4	-1	0.0	0	5	0	0:01:19.414507
120	8	8	0.16	1	8	1	0:01:17.087405
140	6	6	0.204	1	6	1	0:01:16.447847
160	2	2	0.547	1	2	1	0:01:18.165255
180	0	0	0.551	1	0	1	0:01:17.243306
200	5	5	0.314	1	5	1	0:01:17.861598
220	7	7	0.133	1	7	1	0:01:16.405890
240	1	1	0.947	1	1	1	0:01:16.451143
260	8	8	0.562	1	8	1	0:01:17.705853
280	9	9	0.279	1	9	1	0:01:18.250790
300	6	6	0.947	1	6	1	0:01:16.342188
320	3	3	0.223	1	3	1	0:01:16.319392
340	2	4	0.153	0	4	0	0:01:16.095286
360	9	9	0.617	1	9	1	0:01:16.420578
380	6	6	0.443	1	6	1	0:01:16.318168
400	9	9	0.737	1	9	1	0:01:16.371214
420	4	4	0.693	1	4	1	0:01:16.411564
440	1	1	0.701	1	1	1	0:01:16.693634
460	5	5	0.612	1	5	1	0:01:16.677873
480	8	9	0.209	0	9	0	0:01:16.704305
500	4	-1	0.0	0	3	0	0:01:16.402094
520	5	5	0.629	1	5	1	0:01:16.691749
540	1	1	0.731	1	1	1	0:01:16.629164
560	0	0	0.947	1	0	1	0:01:16.320111
580	4	4	0.314	1	4	1	0:01:16.605778
600	8	8	0.461	1	8	1	0:01:16.745039
620	7	7	0.844	1	7	1	0:01:16.670929
640	5	3	0.703	0	3	0	0:01:16.490809
660	9	9	0.409	1	9	1	0:01:16.129886
680	9	9	0.439	1	9	1	0:01:16.475073
700	7	7	0.93	1	7	1	0:01:17.463730
720	4	4	0.232	1	4	1	0:01:16.852154
740	2	5	0.504	0	5	0	0:01:16.564243
760	3	3	0.236	1	3	1	0:01:16.565390
780	9	9	0.87	1	9	1	0:01:16.324018
800	7	7	0.947	1	7	1	0:01:17.238868
820	6	6	0.252	1	6	1	0:01:17.755810
840	7	7	0.947	1	7	1	0:01:18.377492
860	4	4	0.082	1	4	1	0:01:17.569911
880	8	8	0.859	1	8	1	0:01:16.293210
900	2	6	0.0312	0	6	0	0:01:16.441557
920	6	6	0.417	1	6	1	0:01:16.544488
940	9	9	0.755	1	9	1	0:01:16.422707
960	9	9	0.242	1	9	1	0:01:16.433309
980	2	2	0.0551	1	2	1	0:01:16.426466
1000	5	5	0.947	1	5	1	0:01:16.374017
1020	1	1	0.883	1	1	1	0:01:16.366850
1040	7	5	0.169	0	5	0	0:01:16.239632
1060	9	9	0.947	1	9	1	0:01:16.459379
1080	6	6	0.406	1	6	1	0:01:17.443116
1100	7	0	0.0622	0	0	0	0:01:18.843513
1120	5	2	0.0392	0	2	0	0:01:16.681479
1140	6	6	0.257	1	6	1	0:01:16.524932
1160	8	8	0.616	1	8	1	0:01:16.497478
1180	3	3	0.556	1	3	1	0:01:16.443200
1200	8	8	0.517	1	8	1	0:01:16.280352
1220	9	6	0.0593	0	6	0	0:01:16.502299
1240	2	6	0.194	0	6	0	0:01:16.434408
1260	1	1	0.0104	1	1	1	0:01:16.230178
1280	3	3	0.301	1	3	1	0:01:16.528007
1300	4	3	0.345	0	3	0	0:01:16.425102
1320	7	7	0.505	1	7	1	0:01:17.691979
1340	1	1	0.648	1	1	1	0:01:17.149595
1360	7	7	0.325	1	7	1	0:01:18.252337
1380	4	4	0.0972	1	4	1	0:01:18.772583
1400	5	-1	0.0	0	3	0	0:01:18.240067
1420	4	4	0.166	1	4	1	0:01:18.116027
1440	0	0	0.324	1	0	1	0:01:16.692375
1460	6	6	0.828	1	6	1	0:01:16.451792
1480	1	1	0.259	1	1	1	0:01:16.942303
1500	1	1	0.719	1	1	1	0:01:17.629488
1520	7	7	0.521	1	7	1	0:01:17.417934
1540	8	8	0.87	1	8	1	0:01:16.477610
1560	7	7	0.947	1	7	1	0:01:16.411706
1580	6	-1	0.0	0	3	0	0:01:16.377502
1600	8	-1	0.0	0	9	0	0:01:16.591329
1620	5	-1	0.0	0	3	0	0:01:16.522252
1640	7	-1	0.0	0	3	0	0:01:16.690880
1660	3	3	0.365	1	3	1	0:01:16.448052
1680	6	6	0.473	1	6	1	0:01:16.463686
1700	5	5	0.0624	1	5	1	0:01:16.574858
1720	4	4	0.574	1	4	1	0:01:16.647688
1740	1	1	0.472	1	1	1	0:01:16.300364
1760	0	0	0.687	1	0	1	0:01:16.355562
1780	7	7	0.656	1	7	1	0:01:16.406631
1800	4	4	0.441	1	4	1	0:01:16.357400
1820	8	8	0.784	1	8	1	0:01:16.509948
1840	8	-1	0.0	0	4	0	0:01:16.557989
1860	8	8	0.947	1	8	1	0:01:16.602968
1880	1	1	0.947	1	1	1	0:01:16.662041
1900	8	8	0.909	1	8	1	0:01:16.381410
1920	2	2	0.947	1	2	1	0:01:16.749480
1940	5	5	0.263	1	5	1	0:01:19.051807
1960	2	2	0.018	1	2	1	0:01:16.799334
1980	9	9	0.721	1	9	1	0:01:18.854606
2000	1	1	0.717	1	1	1	0:01:16.898160
2020	9	9	0.947	1	9	1	0:01:16.302851
2040	0	0	0.901	1	0	1	0:01:16.158058
2060	5	3	0.535	0	3	0	0:01:18.722748
2080	1	9	0.137	0	9	0	0:01:17.373185
2100	2	2	0.481	1	2	1	0:01:18.908034
2120	4	8	0.0906	0	8	0	0:01:18.488394
2140	9	9	0.947	1	9	1	0:01:17.233205
2160	0	0	0.398	1	0	1	0:01:18.230722
2180	4	4	0.555	1	4	1	0:01:16.490724
2200	0	0	0.226	1	0	1	0:01:16.243707
2220	1	1	0.947	1	1	1	0:01:18.727956
2240	9	9	0.265	1	9	1	0:01:17.993729
2260	4	4	0.665	1	4	1	0:01:16.455904
2280	4	4	0.143	1	4	1	0:01:18.446450
2300	3	3	0.0155	1	3	1	0:01:18.071175
2320	5	2	0.649	0	2	0	0:01:16.393558
2340	7	7	0.947	1	7	1	0:01:16.328256
2360	7	7	0.0171	1	7	1	0:01:16.445286
2380	8	8	0.721	1	8	1	0:01:16.634256
2400	0	0	0.947	1	0	1	0:01:16.436957
2420	8	8	0.0535	1	8	1	0:01:16.588161
2440	7	7	0.93	1	7	1	0:01:16.142815
2460	9	9	0.105	1	9	1	0:01:16.518999
2480	8	8	0.821	1	8	1	0:01:16.380752
2500	4	4	0.108	1	4	1	0:01:16.194405
2520	1	1	0.145	1	1	1	0:01:16.380101
2540	2	6	0.12	0	6	0	0:01:16.399344
2560	7	7	0.31	1	7	1	0:01:16.551693
2580	6	5	0.05	0	5	0	0:01:16.520456
2600	8	8	0.894	1	8	1	0:01:16.251403
2620	1	1	0.637	1	1	1	0:01:16.459936
2640	7	7	0.918	1	7	1	0:01:16.470682
2660	3	-1	0.0	0	5	0	0:01:16.092136
2680	0	0	0.947	1	0	1	0:01:16.347288
2700	9	9	0.0147	1	9	1	0:01:16.324905
2720	3	3	0.483	1	3	1	0:01:16.509529
2740	1	1	0.164	1	1	1	0:01:16.268158
2760	2	2	0.42	1	2	1	0:01:16.444487
2780	7	7	0.87	1	7	1	0:01:16.424237
2800	4	4	0.371	1	4	1	0:01:16.587322
2820	6	6	0.93	1	6	1	0:01:16.140786
2840	3	3	0.947	1	3	1	0:01:16.486995
2860	5	4	0.276	0	4	0	0:01:16.480088
2880	4	4	0.792	1	4	1	0:01:16.239187
2900	3	7	0.127	0	7	0	0:01:16.470203
2920	2	3	0.0227	0	3	0	0:01:16.533140
2940	3	0	0.8	0	0	0	0:01:16.312931
2960	9	0	0.152	0	0	0	0:01:16.131386
2980	8	8	0.452	1	8	1	0:01:16.484037
3000	5	5	0.784	1	5	1	0:01:16.383665
3020	1	1	0.564	1	1	1	0:01:16.161258
3040	7	7	0.947	1	7	1	0:01:16.622947
3060	7	7	0.806	1	7	1	0:01:18.701781
3080	1	1	0.0725	1	1	1	0:01:18.703688
3100	0	0	0.61	1	0	1	0:01:16.427233
3120	4	4	0.137	1	4	1	0:01:16.763848
3140	8	8	0.588	1	8	1	0:01:16.980783
3160	6	2	0.112	0	2	0	0:01:17.283845
3180	3	3	0.0905	1	3	1	0:01:17.642544
3200	5	5	0.575	1	5	1	0:01:18.192865
3220	3	9	0.125	0	9	0	0:01:18.039598
3240	4	-1	0.0	0	0	0	0:01:19.151558
3260	7	7	0.518	1	7	1	0:01:16.109187
3280	3	5	0.0795	0	5	0	0:01:16.429474
3300	4	4	0.282	1	4	1	0:01:16.526378
3320	2	7	0.333	0	7	0	0:01:16.506782
3340	6	6	0.521	1	6	1	0:01:16.154988
3360	4	4	0.436	1	4	1	0:01:16.616254
3380	8	8	0.947	1	8	1	0:01:16.455793
3400	6	4	0.485	0	4	0	0:01:16.280225
3420	5	-1	0.0	0	5	1	0:01:16.552729
3440	2	3	0.632	0	3	0	0:01:16.499280
3460	1	1	0.947	1	1	1	0:01:16.482594
3480	2	2	0.947	1	2	1	0:01:16.579342
3500	1	1	0.114	1	1	1	0:01:16.212906
3520	1	1	0.947	1	1	1	0:01:16.512465
3540	6	6	0.737	1	6	1	0:01:16.522944
3560	1	1	0.0281	1	1	1	0:01:16.240986
3580	4	4	0.228	1	4	1	0:01:16.511741
3600	4	2	0.462	0	2	0	0:01:16.531280
3620	0	0	0.302	1	0	1	0:01:16.473265
3640	6	6	0.0858	1	6	1	0:01:16.201997
3660	0	0	0.505	1	0	1	0:01:16.450315
3680	0	0	0.0723	1	0	1	0:01:16.519399
3700	3	3	0.746	1	3	1	0:01:16.425029
3720	2	2	0.947	1	2	1	0:01:16.287981
3740	0	0	0.947	1	0	1	0:01:16.460756
3760	7	7	0.947	1	7	1	0:01:16.520219
3780	4	4	0.348	1	4	1	0:01:16.527268
3800	9	9	0.71	1	9	1	0:01:16.197482
3820	0	0	0.131	1	0	1	0:01:16.527758
3840	6	3	0.00149	0	3	0	0:01:16.530374
3860	7	7	0.947	1	7	1	0:01:16.585699
3880	6	6	0.288	1	6	1	0:01:16.080855
3900	3	3	0.0868	1	3	1	0:01:16.489839
3920	7	7	0.27	1	7	1	0:01:16.508396
3940	6	-1	0.0	0	6	1	0:01:16.203098
3960	2	2	0.78	1	2	1	0:01:16.735192
3980	9	9	0.162	1	9	1	0:01:16.251566
4000	8	-1	0.0	0	4	0	0:01:16.408052
4020	8	8	0.491	1	8	1	0:01:16.492395
4040	0	0	0.859	1	0	1	0:01:18.015851
4060	6	6	0.557	1	6	1	0:01:16.496151
4080	1	1	0.947	1	1	1	0:01:16.883772
4100	7	7	0.947	1	7	1	0:01:17.347942
4120	4	4	0.883	1	4	1	0:01:17.137608
4140	5	5	0.673	1	5	1	0:01:18.253734
4160	5	-1	0.0	0	5	1	0:01:17.563203
4180	0	8	0.156	0	8	0	0:01:16.529022
4200	4	4	0.18	1	4	1	0:01:16.293386
4220	4	0	0.111	0	0	0	0:01:18.424763
4240	7	7	0.046	1	7	1	0:01:18.298379
4260	8	8	0.878	1	8	1	0:01:16.171560
4280	8	0	0.393	0	0	0	0:01:16.519392
4300	8	8	0.623	1	8	1	0:01:16.536851
4320	1	-1	0.0	0	-1	0	0:01:18.016890
4340	0	0	0.87	1	0	1	0:01:17.916317
4360	6	6	0.901	1	6	1	0:01:16.293875
4380	9	9	0.635	1	9	1	0:01:20.089041
4400	3	-1	0.0	0	3	1	0:01:16.586440
4420	5	5	0.465	1	5	1	0:01:17.628133
4440	2	2	0.207	1	2	1	0:01:16.793237
4460	9	9	0.676	1	9	1	0:01:16.262336
4480	9	9	0.947	1	9	1	0:01:18.565922
4500	3	5	0.0351	0	5	0	0:01:16.463977
4520	3	3	0.171	1	3	1	0:01:16.220497
4540	9	9	0.774	1	9	1	0:01:16.342125
4560	1	1	0.947	1	1	1	0:01:16.482928
4580	6	6	0.411	1	6	1	0:01:18.444458
4600	4	4	0.506	1	4	1	0:01:16.258647
4620	7	7	0.125	1	7	1	0:01:16.527054
4640	2	2	0.338	1	2	1	0:01:16.270057
4660	7	-1	0.0	0	7	1	0:01:16.481285
4680	9	9	0.615	1	9	1	0:01:18.788811
4700	6	5	0.177	0	5	0	0:01:16.220981
4720	8	8	0.299	1	8	1	0:01:16.631898
4740	5	3	0.144	0	3	0	0:01:19.284285
4760	3	2	0.434	0	2	0	0:01:16.405570
4780	0	0	0.584	1	0	1	0:01:16.512684
4800	9	9	0.947	1	9	1	0:01:16.525562
4820	3	3	0.471	1	3	1	0:01:16.236416
4840	0	0	0.947	1	0	1	0:01:16.558261
4860	5	5	0.93	1	5	1	0:01:17.701421
4880	0	8	0.177	0	8	0	0:01:17.114191
4900	3	3	0.662	1	3	1	0:01:16.422038
4920	7	7	0.947	1	7	1	0:01:16.145202
4940	6	6	0.373	1	6	1	0:01:16.757135
4960	4	4	0.316	1	4	1	0:01:16.296835
4980	1	9	0.477	0	9	0	0:01:16.820847
5000	7	7	0.947	1	7	1	0:01:17.761172
5020	8	8	0.75	1	8	1	0:01:16.234286
5040	3	3	0.335	1	3	1	0:01:16.300563
5060	6	6	0.255	1	6	1	0:01:18.438376
5080	7	7	0.722	1	7	1	0:01:16.294368
5100	3	3	0.716	1	3	1	0:01:16.661043
5120	9	9	0.319	1	9	1	0:01:16.259937
5140	8	8	0.758	1	8	1	0:01:16.124875
5160	0	0	0.669	1	0	1	0:01:16.584147
5180	9	-1	0.0	0	9	1	0:01:16.251999
5200	3	3	0.668	1	3	1	0:01:16.355832
5220	0	0	0.427	1	0	1	0:01:16.488113
5240	1	1	0.422	1	1	1	0:01:16.271039
5260	0	0	0.947	1	0	1	0:01:17.325385
5280	0	-1	0.0	0	4	0	0:01:18.006873
5300	9	9	0.747	1	9	1	0:01:16.247361
5320	7	7	0.446	1	7	1	0:01:16.792627
5340	3	4	0.135	0	4	0	0:01:18.028405
5360	9	9	0.8	1	9	1	0:01:16.480885
5380	1	9	0.266	0	9	0	0:01:18.445282
5400	9	9	0.787	1	9	1	0:01:16.249983
5420	6	6	0.826	1	6	1	0:01:16.475705
5440	9	9	0.947	1	9	1	0:01:16.530052
5460	0	0	0.947	1	0	1	0:01:16.486685
5480	1	1	0.645	1	1	1	0:01:16.522666
5500	8	8	0.336	1	8	1	0:01:16.241185
5520	4	4	0.28	1	4	1	0:01:16.504872
5540	5	5	0.103	1	5	1	0:01:16.429374
5560	3	5	0.291	0	5	0	0:01:16.541878
5580	5	-1	0.0	0	-1	0	0:01:16.075417
5600	6	6	0.188	1	6	1	0:01:18.054013
5620	3	-1	0.0	0	6	0	0:01:19.453290
5640	2	5	0.0527	0	5	0	0:01:17.192177
5660	9	9	0.166	1	9	1	0:01:20.347797
5680	2	3	0.154	0	3	0	0:01:16.621999
5700	3	3	0.64	1	3	1	0:01:18.152075
5720	9	9	0.947	1	9	1	0:01:19.324735
5740	6	6	0.321	1	6	1	0:01:16.225797
5760	2	2	0.262	1	2	1	0:01:17.156648
5780	7	7	0.947	1	7	1	0:01:19.909553
5800	2	2	0.515	1	2	1	0:01:16.357433
5820	5	5	0.432	1	5	1	0:01:16.421643
5840	2	2	0.321	1	2	1	0:01:16.400696
5860	0	0	0.518	1	0	1	0:01:16.498866
5880	0	0	0.852	1	0	1	0:01:16.490867
5900	4	3	0.046	0	3	0	0:01:16.233884
5920	8	8	0.947	1	8	1	0:01:16.832866
5940	7	7	0.0766	1	7	1	0:01:16.237464
5960	2	6	0.222	0	6	0	0:01:16.245468
5980	9	9	0.894	1	9	1	0:01:16.628488
6000	8	8	0.477	1	8	1	0:01:16.270443
6020	6	6	0.627	1	6	1	0:01:16.480704
6040	2	-1	0.0	0	5	0	0:01:16.473752
6060	3	4	0.0693	0	4	0	0:01:16.183296
6080	1	1	0.584	1	1	1	0:01:18.390190
6100	1	1	0.947	1	1	1	0:01:18.535381
6120	5	5	0.534	1	5	1	0:01:16.201926
6140	9	9	0.608	1	9	1	0:01:16.656033
6160	2	-1	0.0	0	5	0	0:01:16.193202
6180	0	0	0.39	1	0	1	0:01:16.629663
6200	3	3	0.046	1	3	1	0:01:19.928246
6220	2	-1	0.0	0	-1	0	0:01:16.218987
6240	2	2	0.41	1	2	1	0:01:16.877207
6260	2	2	0.176	1	2	1	0:01:17.539697
6280	8	-1	0.0	0	5	0	0:01:19.429902
6300	1	1	0.758	1	1	1	0:01:16.631587
6320	0	0	0.368	1	0	1	0:01:16.268408
6340	3	3	0.175	1	3	1	0:01:17.006515
6360	2	2	0.247	1	2	1	0:01:20.033825
6380	3	-1	0.0	0	6	0	0:01:16.167226
6400	0	0	0.539	1	0	1	0:01:16.706032
6420	7	7	0.947	1	7	1	0:01:16.234084
6440	3	3	0.101	1	3	1	0:01:16.570766
6460	3	3	0.727	1	3	1	0:01:20.478285
6480	0	0	0.56	1	0	1	0:01:16.282933
6500	7	-1	0.0	0	6	0	0:01:17.779179
6520	6	6	0.185	1	6	1	0:01:19.308390
6540	8	8	0.448	1	8	1	0:01:16.860090
6560	6	6	0.0869	1	6	1	0:01:16.731214
6580	1	1	0.117	1	1	1	0:01:16.557852
6600	7	7	0.947	1	7	1	0:01:16.745828
6620	7	7	0.947	1	7	1	0:01:16.594697
6640	5	3	0.5	0	3	0	0:01:16.519233
6660	0	0	0.727	1	0	1	0:01:16.841069
6680	3	5	0.269	0	5	0	0:01:16.654672
6700	6	6	0.856	1	6	1	0:01:16.647582
6720	2	2	0.302	1	2	1	0:01:17.048542
6740	2	2	0.0891	1	2	1	0:01:16.518952
6760	5	5	0.947	1	5	1	0:01:16.758868
6780	7	7	0.93	1	7	1	0:01:16.619275
6800	6	-1	0.0	0	-1	0	0:01:19.217305
6820	1	1	0.862	1	1	1	0:01:17.806398
6840	9	9	0.744	1	9	1	0:01:16.491471
6860	0	0	0.613	1	0	1	0:01:16.444167
6880	2	2	0.572	1	2	1	0:01:16.635753
6900	3	3	0.62	1	3	1	0:01:18.585081
6920	5	4	0.199	0	4	0	0:01:18.265374
6940	1	1	0.947	1	1	1	0:01:16.644728
6960	9	9	0.401	1	9	1	0:01:17.728766
6980	0	0	0.375	1	0	1	0:01:19.135317
7000	2	0	0.076	0	0	0	0:01:16.614663
7020	7	7	0.947	1	7	1	0:01:16.564449
7040	7	-1	0.0	0	-1	0	0:01:16.274790
7060	8	8	0.93	1	8	1	0:01:17.030828
7080	5	4	0.173	0	4	0	0:01:21.049954
7100	9	3	0.35	0	3	0	0:01:16.580638
7120	7	7	0.315	1	7	1	0:01:16.299083
7140	4	4	0.145	1	4	1	0:01:16.222994
7160	5	5	0.681	1	5	1	0:01:18.185140
7180	6	6	0.442	1	6	1	0:01:18.356159
7200	4	4	0.105	1	4	1	0:01:18.480065
7220	9	9	0.665	1	9	1	0:01:19.662772
7240	0	0	0.411	1	0	1	0:01:20.073250
7260	1	1	0.754	1	1	1	0:01:20.682545
7280	1	1	0.231	1	1	1	0:01:21.619103
7300	3	5	0.0328	0	5	0	0:01:20.357796
7320	8	0	0.106	0	0	0	0:01:22.419455
7340	2	2	0.233	1	2	1	0:01:20.979720
7360	2	2	0.326	1	2	1	0:01:22.506166
7380	7	7	0.842	1	7	1	0:01:20.615342
7400	3	5	0.369	0	5	0	0:01:21.361468
7420	3	4	0.185	0	4	0	0:01:20.861745
7440	3	3	0.684	1	3	1	0:01:22.218932
7460	5	5	0.947	1	5	1	0:01:21.486455
7480	1	1	0.467	1	1	1	0:01:22.030372
7500	6	6	0.947	1	6	1	0:01:21.798308
7520	4	4	0.361	1	4	1	0:01:22.189592
7540	5	5	0.93	1	5	1	0:01:20.266970
7560	0	0	0.369	1	0	1	0:01:21.021142
7580	8	8	0.947	1	8	1	0:01:21.982718
7600	8	2	0.0621	0	2	0	0:01:21.043579
7620	5	3	0.101	0	3	0	0:01:21.826610
7640	9	9	0.114	1	9	1	0:01:21.173317
7660	7	7	0.42	1	7	1	0:01:22.112252
7680	3	5	0.0615	0	5	0	0:01:21.859971
7700	6	6	0.894	1	6	1	0:01:21.152067
7720	5	2	0.003	0	2	0	0:01:21.592541
7740	4	4	0.299	1	4	1	0:01:22.659845
7760	2	0	0.141	0	0	0	0:01:22.716492
7780	3	-1	0.0	0	8	0	0:01:22.346660
7800	0	0	0.589	1	0	1	0:01:22.360390
7820	5	5	0.18	1	5	1	0:01:21.432808
7840	1	1	0.947	1	1	1	0:01:22.890870
7860	8	8	0.739	1	8	1	0:01:20.850745
7880	0	0	0.641	1	0	1	0:01:21.288003
7900	0	-1	0.0	0	2	0	0:01:22.354087
7920	9	9	0.87	1	9	1	0:01:21.760029
7940	2	2	0.0559	1	2	1	0:01:21.656067
7960	0	0	0.136	1	0	1	0:01:22.395751
7980	3	3	0.322	1	3	1	0:01:19.131868
8000	9	9	0.736	1	9	1	0:01:19.118595
8020	6	3	0.0193	0	3	0	0:01:20.221260
8040	2	2	0.707	1	2	1	0:01:20.243965
8060	6	6	0.774	1	6	1	0:01:21.177160
8080	4	4	0.233	1	4	1	0:01:21.283790
8100	6	2	0.0183	0	2	0	0:01:20.813776
8120	8	8	0.000866	1	8	1	0:01:20.407567
8140	5	7	0.0366	0	7	0	0:01:20.438330
8160	6	6	0.93	1	6	1	0:01:19.700698
8180	4	4	0.237	1	4	1	0:01:19.085688
8200	3	-1	0.0	0	6	0	0:01:19.552999
8220	6	5	0.0164	0	5	0	0:01:21.118446
8240	7	7	0.571	1	7	1	0:01:19.676127
8260	1	1	0.93	1	1	1	0:01:20.264502
8280	4	4	0.85	1	4	1	0:01:19.291150
8300	5	-1	0.0	0	4	0	0:01:20.540592
8320	7	7	0.269	1	7	1	0:01:21.872872
8340	5	5	0.101	1	5	1	0:01:20.186560
8360	7	7	0.947	1	7	1	0:01:20.144939
8380	9	9	0.947	1	9	1	0:01:19.401901
8400	0	0	0.167	1	0	1	0:01:20.952767
8420	3	6	0.567	0	6	0	0:01:19.355970
8440	5	5	0.138	1	5	1	0:01:20.157756
8460	8	8	0.767	1	8	1	0:01:20.324665
8480	2	2	0.359	1	2	1	0:01:21.028514
8500	4	4	0.643	1	4	1	0:01:19.559754
8520	8	8	0.413	1	8	1	0:01:20.277487
8540	4	4	0.00998	1	4	1	0:01:20.019944
8560	7	7	0.918	1	7	1	0:01:20.117259
8580	3	5	0.243	0	5	0	0:01:19.870004
8600	3	-1	0.0	0	-1	0	0:01:20.565940
8620	3	-1	0.0	0	5	0	0:01:19.971086
8640	1	1	0.573	1	1	1	0:01:19.615573
8660	7	7	0.685	1	7	1	0:01:19.251692
8680	3	3	0.00364	1	3	1	0:01:18.246532
8700	3	3	0.553	1	3	1	0:01:20.611090
8720	2	0	0.894	0	0	0	0:01:20.619536
8740	2	2	0.25	1	2	1	0:01:20.665541
8760	8	8	0.909	1	8	1	0:01:19.851465
8780	4	4	0.253	1	4	1	0:01:21.738825
8800	0	0	0.947	1	0	1	0:01:21.508985
8820	2	2	0.947	1	2	1	0:01:20.008820
8840	2	2	0.127	1	2	1	0:01:19.886322
8860	2	2	0.909	1	2	1	0:01:20.913419
8880	1	1	0.775	1	1	1	0:01:21.602552
8900	2	4	0.189	0	4	0	0:01:21.153101
8920	6	6	0.563	1	6	1	0:01:23.053645
8940	6	3	0.39	0	3	0	0:01:21.263458
8960	0	0	0.0602	1	0	1	0:01:21.177134
8980	9	9	0.947	1	9	1	0:01:21.411876
9000	8	8	0.947	1	8	1	0:01:19.903686
9020	7	7	0.824	1	7	1	0:01:21.931265
9040	2	5	0.712	0	5	0	0:01:19.654937
9060	9	9	0.466	1	9	1	0:01:20.451261
9080	3	3	0.182	1	3	1	0:01:21.611735
9100	9	1	0.231	0	1	0	0:01:19.867637
9120	3	-1	0.0	0	3	1	0:01:20.284158
9140	7	7	0.453	1	7	1	0:01:20.441736
9160	5	3	0.19	0	3	0	0:01:21.090542
9180	5	5	0.947	1	5	1	0:01:22.501389
9200	8	8	0.817	1	8	1	0:01:19.963927
9220	8	8	0.826	1	8	1	0:01:19.221057
9240	8	8	0.474	1	8	1	0:01:22.889594
9260	5	5	0.317	1	5	1	0:01:21.092983
9280	9	8	0.0561	0	8	0	0:01:20.791473
9300	5	-1	0.0	0	5	1	0:01:21.456183
9320	9	9	0.883	1	9	1	0:01:20.332656
9340	1	1	0.947	1	1	1	0:01:23.088240
9360	5	0	0.118	0	0	0	0:01:20.149931
9380	5	3	0.0575	0	3	0	0:01:22.125331
9400	6	6	0.93	1	6	1	0:01:21.522479
9420	5	5	0.772	1	5	1	0:01:21.299936
9440	8	8	0.569	1	8	1	0:01:21.036491
9460	3	3	0.14	1	3	1	0:01:21.007535
9480	2	2	0.177	1	2	1	0:01:19.208538
9500	9	9	0.645	1	9	1	0:01:20.834367
9520	1	1	0.718	1	1	1	0:01:21.525735
9540	5	5	0.646	1	5	1	0:01:21.188642
9560	9	7	0.124	0	7	0	0:01:22.334335
9580	1	1	0.947	1	1	1	0:01:19.937788
9600	8	8	0.319	1	8	1	0:01:21.697814
9620	4	4	0.351	1	4	1	0:01:20.653466
9640	5	5	0.355	1	5	1	0:01:21.174167
9660	6	6	0.894	1	6	1	0:01:19.770672
9680	8	8	0.85	1	8	1	0:01:20.615937
9700	0	0	0.699	1	0	1	0:01:20.943274
9720	8	-1	0.0	0	8	1	0:01:21.345797
9740	3	6	0.216	0	6	0	0:01:20.622720
9760	9	-1	0.0	0	9	1	0:01:19.807836
9780	4	4	0.191	1	4	1	0:01:21.073656
9800	1	1	0.947	1	1	1	0:01:21.484177
9820	0	8	0.0363	0	8	0	0:01:21.307966
9840	4	7	0.565	0	7	0	0:01:22.332932
9860	0	-1	0.0	0	0	1	0:01:20.646213
9880	7	7	0.0738	1	7	1	0:01:20.106458
9900	8	8	0.947	1	8	1	0:01:20.356437
9920	6	6	0.93	1	6	1	0:01:20.162753
9940	4	4	0.0453	1	4	1	0:01:21.213222
9960	2	0	0.918	0	0	0	0:01:21.495910
9980	0	0	0.947	1	0	1	0:01:20.639460
