idx	mean	std	min	25 percentile	50 percentile	75 percentile	max
0	0.3426	0.1041	0.08555	0.2723	0.3331	0.4094	0.7031
20	0.4945	0.1366	0.05965	0.4098	0.502	0.5933	0.834
40	0.2243	0.123	0.00533	0.1186	0.2162	0.3293	0.5479
60	0.01551	0.02009	0.0005645	0.00448	0.008773	0.01854	0.2065
80	0.03141	0.0464	0.0001738	0.005213	0.01454	0.03659	0.3028
100	0.4698	0.1285	0.04152	0.3938	0.4955	0.5605	0.7244
120	0.311	0.1481	0.01612	0.1872	0.3304	0.4331	0.628
140	0.308	0.1861	0.002895	0.1425	0.3056	0.4603	0.7207
160	0.1721	0.1111	0.009374	0.0863	0.1477	0.2322	0.5837
180	0.264	0.1201	0.04431	0.1722	0.2482	0.3423	0.7714
200	0.3315	0.09345	0.06802	0.2699	0.3337	0.3877	0.6336
220	0.303	0.1158	0.0212	0.22	0.3208	0.3923	0.511
240	1.859e-05	6.243e-05	8.828e-08	1.432e-06	4.301e-06	1.333e-05	0.001016
260	0.07704	0.1088	0.0001742	0.01089	0.03273	0.09604	0.7229
280	0.2248	0.1215	0.005736	0.1208	0.2315	0.3218	0.5411
300	0.01159	0.02288	2.229e-05	0.001669	0.004512	0.01209	0.3752
320	0.3565	0.09533	0.05862	0.2985	0.3646	0.4262	0.5785
340	0.3739	0.1155	0.04447	0.2942	0.3761	0.4512	0.6825
360	0.09369	0.1354	0.0006781	0.0132	0.03805	0.1117	0.8054
380	0.1936	0.1509	0.002539	0.07152	0.1546	0.2799	0.7619
400	0.05335	0.07281	0.0002709	0.00971	0.02479	0.06855	0.4812
420	0.1022	0.1153	0.001108	0.02651	0.05837	0.1298	0.6478
440	0.03588	0.05384	0.0001613	0.005274	0.01449	0.04158	0.3883
460	0.1504	0.1169	0.008526	0.06378	0.1173	0.2016	0.5717
480	0.2985	0.1459	0.008246	0.1819	0.3042	0.4126	0.7237
500	0.6108	0.1013	0.1305	0.5557	0.6278	0.6793	0.8769
520	0.1275	0.0995	0.002863	0.05162	0.09822	0.1784	0.6303
540	0.02568	0.04087	0.0001224	0.004745	0.01157	0.02887	0.4679
560	0.00137	0.002	3.121e-05	0.0003826	0.0007849	0.001572	0.03239
580	0.318	0.1309	0.0116	0.2177	0.3254	0.4115	0.6633
600	0.2775	0.1688	0.01034	0.1316	0.2515	0.4016	0.7166
620	0.03636	0.04715	0.000542	0.008707	0.01979	0.04579	0.4417
640	0.2553	0.1026	0.02754	0.177	0.2408	0.3217	0.6035
660	0.2708	0.1881	0.001936	0.1115	0.2306	0.4002	0.9128
680	0.3746	0.1891	0.01395	0.2295	0.3533	0.5033	0.9277
700	0.0136	0.02408	8.547e-05	0.00243	0.006142	0.01404	0.311
720	0.4135	0.2326	0.009731	0.2172	0.3952	0.6013	0.9139
740	0.2649	0.08825	0.04596	0.2007	0.2628	0.3299	0.5914
760	0.3692	0.1447	0.03127	0.2644	0.3712	0.4708	0.771
780	0.008615	0.01763	4.915e-05	0.001093	0.003041	0.008494	0.2847
800	0.0001309	0.0003639	1.081e-06	1.944e-05	4.332e-05	0.0001269	0.006175
820	0.4832	0.1595	0.04722	0.3734	0.5107	0.6014	0.7923
840	0.0007255	0.001239	6.079e-06	0.0001737	0.0003766	0.0008437	0.02323
860	0.3635	0.1017	0.03989	0.3039	0.37	0.4367	0.6446
880	0.008774	0.01889	5.84e-05	0.001187	0.00311	0.008686	0.2648
900	0.4948	0.1215	0.05254	0.418	0.5165	0.5833	0.7509
920	0.2553	0.1449	0.0144	0.1354	0.2397	0.3606	0.6366
940	0.02554	0.03794	0.0001223	0.004532	0.01152	0.02764	0.298
960	0.3418	0.1815	0.005803	0.1836	0.3502	0.4938	0.7924
980	0.43	0.1279	0.009716	0.3584	0.459	0.5236	0.6736
1000	0.006766	0.01252	7.35e-05	0.001106	0.002853	0.006947	0.131
1020	0.03211	0.03367	0.0006151	0.01021	0.02062	0.04315	0.2403
1040	0.314	0.1202	0.01799	0.2265	0.3336	0.4007	0.6085
1060	0.0003834	0.0006062	5.916e-06	8.926e-05	0.0001974	0.000427	0.00945
1080	0.2208	0.1655	0.004727	0.07497	0.182	0.3371	0.7767
1100	0.3066	0.0923	0.0346	0.2512	0.3138	0.3594	0.6605
1120	0.3747	0.1365	0.02954	0.2845	0.3834	0.4721	0.7518
1140	0.382	0.1787	0.004852	0.2405	0.4028	0.5364	0.713
1160	0.03913	0.05843	0.0001227	0.006262	0.01657	0.0433	0.3326
1180	0.3284	0.1481	0.02488	0.2106	0.3101	0.4255	0.7294
1200	0.07244	0.08276	0.0003082	0.01419	0.03624	0.09958	0.3648
1220	0.5094	0.1327	0.09937	0.425	0.5216	0.6021	0.9185
1240	0.2798	0.1021	0.02072	0.2118	0.2936	0.3457	0.6529
1260	0.1936	0.08859	0.003751	0.1206	0.2123	0.2776	0.3033
1280	0.3224	0.08779	0.06558	0.263	0.3221	0.3833	0.5704
1300	0.394	0.1563	0.03261	0.2788	0.4004	0.5168	0.7749
1320	0.08085	0.1128	0.0002241	0.01156	0.03111	0.09666	0.5779
1340	0.1031	0.08295	0.002518	0.0406	0.08144	0.1398	0.4463
1360	0.2751	0.1515	0.00584	0.1453	0.2718	0.4016	0.6419
1380	0.4014	0.136	0.06043	0.3098	0.4212	0.5063	0.6991
1400	0.4204	0.09374	0.1491	0.3557	0.4083	0.4824	0.6912
1420	0.3275	0.1318	0.00958	0.2337	0.3335	0.4174	0.7295
1440	0.2054	0.1157	0.007518	0.1064	0.2003	0.2996	0.6001
1460	0.01821	0.03921	3.548e-05	0.001625	0.005592	0.01656	0.4102
1480	0.3807	0.1712	0.02605	0.2452	0.3887	0.5226	0.7402
1500	0.02784	0.04545	0.0002067	0.003924	0.01072	0.02778	0.3009
1520	0.1479	0.13	0.001179	0.0441	0.1035	0.2227	0.7297
1540	0.02076	0.02689	0.0006426	0.006124	0.0122	0.02505	0.3311
1560	0.0001373	0.0001728	4.1e-06	4.464e-05	8.5e-05	0.0001635	0.002399
1580	0.5818	0.1698	0.03336	0.4794	0.6197	0.7086	0.8989
1600	0.6464	0.1704	0.04626	0.5366	0.6773	0.7767	0.9355
1620	0.6355	0.1241	0.1879	0.5604	0.6517	0.7282	0.8901
1640	0.6206	0.08508	0.2037	0.5766	0.6344	0.6795	0.8253
1660	0.3142	0.1513	0.0134	0.1913	0.3046	0.4231	0.7338
1680	0.2292	0.1834	0.001795	0.07481	0.1743	0.3559	0.7148
1700	0.2984	0.07628	0.05036	0.2588	0.3078	0.3379	0.5843
1720	0.138	0.119	0.002804	0.04886	0.1041	0.1903	0.5988
1740	0.09928	0.1029	0.0005387	0.02156	0.05904	0.148	0.4845
1760	0.04488	0.06947	0.0002035	0.00657	0.01843	0.05162	0.5735
1780	0.1311	0.1039	0.004864	0.05064	0.1036	0.1774	0.5103
1800	0.2731	0.1712	0.004767	0.1352	0.2473	0.3842	0.8504
1820	0.05998	0.07239	0.0008762	0.01369	0.03272	0.07589	0.5076
1840	0.6705	0.1598	0.05547	0.5867	0.7061	0.7872	0.9388
1860	0.02128	0.02374	0.0006217	0.006543	0.01298	0.02683	0.196
1880	0.0008146	0.001572	1.257e-05	0.0001616	0.0003609	0.0008142	0.02764
1900	0.001955	0.006782	5.575e-06	0.0001634	0.0004602	0.001277	0.1005
1920	0.009449	0.01218	0.0004687	0.003109	0.00616	0.01094	0.1553
1940	0.4164	0.1073	0.09326	0.3517	0.4204	0.4882	0.7299
1960	0.3011	0.1058	0.01897	0.236	0.3213	0.3704	0.5916
1980	0.01639	0.0345	9.307e-06	0.001043	0.004106	0.0135	0.3003
2000	0.03794	0.05303	0.0004399	0.008349	0.01865	0.04296	0.3747
2020	0.001088	0.002318	5.213e-06	0.0001602	0.0003736	0.001023	0.03315
2040	0.01407	0.02149	0.0002581	0.004152	0.00746	0.01606	0.3105
2060	0.1897	0.09022	0.01937	0.1228	0.175	0.247	0.5401
2080	0.185	0.09916	0.002849	0.09651	0.1941	0.276	0.5089
2100	0.1819	0.1237	0.01008	0.08004	0.1513	0.2688	0.6222
2120	0.5273	0.1722	0.04438	0.4318	0.5592	0.6616	0.8279
2140	0.0003567	0.0009282	2.666e-06	3.743e-05	0.0001048	0.0003043	0.01574
2160	0.08242	0.09368	0.0001801	0.01163	0.04145	0.1248	0.4631
2180	0.2492	0.1144	0.04218	0.1578	0.2387	0.327	0.6153
2200	0.4051	0.1232	0.07292	0.3155	0.4142	0.502	0.6798
2220	0.001353	0.002748	8.941e-06	0.0002272	0.0005959	0.001406	0.04828
2240	0.2406	0.1243	0.007044	0.1428	0.2369	0.3359	0.5647
2260	0.1755	0.1321	0.005244	0.07285	0.1406	0.2413	0.6893
2280	0.4705	0.1465	0.0194	0.3708	0.489	0.5785	0.8377
2300	0.6067	0.1444	0.1286	0.5205	0.628	0.7118	0.8852
2320	0.1408	0.1227	0.003281	0.05002	0.1022	0.1878	0.6892
2340	0.0003414	0.000696	9.368e-06	7.601e-05	0.0001522	0.000335	0.01203
2360	0.3444	0.1061	0.03684	0.278	0.361	0.4224	0.6011
2380	0.03567	0.05457	0.0001353	0.005751	0.01508	0.04055	0.4094
2400	0.007799	0.004786	0.001209	0.004627	0.00637	0.009847	0.04259
2420	0.547	0.211	0.02006	0.4012	0.579	0.7254	0.9124
2440	0.006661	0.01309	5.691e-05	0.001015	0.00238	0.006612	0.1517
2460	0.6429	0.2112	0.05247	0.5232	0.7059	0.8138	0.9329
2480	0.01329	0.02659	4e-05	0.001276	0.003857	0.01213	0.2836
2500	0.4104	0.1132	0.06198	0.348	0.4229	0.4876	0.6824
2520	0.3314	0.1483	0.01484	0.23	0.3294	0.4184	0.7896
2540	0.4698	0.1299	0.02973	0.3826	0.489	0.564	0.7515
2560	0.2555	0.1655	0.00619	0.1136	0.2305	0.3833	0.7684
2580	0.3986	0.108	0.0825	0.3274	0.3935	0.4761	0.7499
2600	0.01657	0.0266	0.0001711	0.003685	0.00847	0.01858	0.38
2620	0.0475	0.08121	0.0001339	0.0059	0.01644	0.04797	0.625
2640	0.01341	0.01884	8.857e-05	0.003351	0.007292	0.01511	0.1848
2660	0.5539	0.08792	0.1206	0.5123	0.569	0.616	0.7413
2680	0.00803	0.007061	0.0003672	0.003738	0.005968	0.01032	0.08644
2700	0.2081	0.08427	0.007508	0.1376	0.2249	0.2854	0.3733
2720	0.2071	0.1556	0.007853	0.08306	0.1622	0.3022	0.7548
2740	0.4898	0.2363	0.005953	0.2866	0.5462	0.694	0.9035
2760	0.2133	0.1326	0.006293	0.1009	0.1912	0.3124	0.6319
2780	0.02164	0.03548	0.0002865	0.004102	0.01011	0.0247	0.441
2800	0.2581	0.1607	0.00843	0.1212	0.2311	0.3849	0.7759
2820	0.003532	0.008833	2.844e-05	0.0005101	0.001243	0.003066	0.1183
2840	0.03891	0.01612	0.01087	0.0278	0.03528	0.04582	0.135
2860	0.4321	0.1457	0.06835	0.322	0.4511	0.5469	0.775
2880	0.06971	0.05136	0.004655	0.03443	0.05597	0.09042	0.3269
2900	0.4782	0.1135	0.02411	0.4171	0.4998	0.5649	0.6917
2920	0.5036	0.1152	0.07083	0.4297	0.5192	0.5875	0.7597
2940	0.1686	0.08343	0.02506	0.1059	0.1562	0.2189	0.5399
2960	0.3944	0.13	0.04641	0.3086	0.4	0.4881	0.7721
2980	0.1079	0.09338	0.001085	0.03057	0.07723	0.1655	0.3681
3000	0.08015	0.06435	0.002584	0.03437	0.059	0.1085	0.4388
3020	0.05375	0.07024	9.998e-05	0.007166	0.02566	0.06909	0.3317
3040	7.839e-05	0.0001296	1.02e-06	1.478e-05	3.54e-05	8.006e-05	0.001301
3060	0.02906	0.04019	0.0002714	0.006538	0.01527	0.03416	0.3754
3080	0.256	0.08426	0.02136	0.204	0.2758	0.3107	0.5937
3100	0.1536	0.06872	0.02655	0.1032	0.1385	0.1895	0.444
3120	0.4801	0.1161	0.05827	0.406	0.4976	0.5665	0.7423
3140	0.04117	0.06735	0.0001346	0.003635	0.01328	0.0444	0.522
3160	0.3688	0.1172	0.03736	0.2948	0.3804	0.4502	0.6514
3180	0.4799	0.1276	0.05919	0.4014	0.4882	0.5681	0.8061
3200	0.2024	0.1047	0.02036	0.1254	0.181	0.2603	0.635
3220	0.4499	0.2051	0.007784	0.2866	0.4936	0.6195	0.8467
3240	0.7132	0.1312	0.09557	0.6521	0.7459	0.8071	0.9219
3260	0.1197	0.135	0.002074	0.02585	0.06725	0.1672	0.7681
3280	0.2758	0.07727	0.0267	0.2301	0.2928	0.3232	0.5812
3300	0.277	0.1692	0.006513	0.1281	0.2615	0.4069	0.7835
3320	0.4723	0.1915	0.0255	0.3245	0.485	0.6321	0.8486
3340	0.1995	0.1692	0.002404	0.06691	0.1449	0.2859	0.8219
3360	0.2988	0.1677	0.01093	0.1626	0.2723	0.4163	0.732
3380	0.0003271	0.001853	9.163e-07	1.615e-05	4.953e-05	0.0001591	0.03748
3400	0.3649	0.183	0.021	0.2189	0.3389	0.499	0.837
3420	0.5369	0.09298	0.09279	0.4853	0.5469	0.5966	0.8081
3440	0.2879	0.124	0.05262	0.1957	0.2674	0.3655	0.7166
3460	0.001152	0.007391	2.872e-06	0.0001257	0.0003238	0.0008352	0.2221
3480	0.01783	0.01878	0.0006798	0.006043	0.01231	0.02185	0.15
3500	0.2941	0.1224	0.02268	0.2105	0.2987	0.3522	0.7527
3520	0.001056	0.003714	3.083e-06	8.746e-05	0.0002605	0.0007888	0.06514
3540	0.06092	0.07706	0.000374	0.01384	0.03255	0.07762	0.6445
3560	0.3025	0.1376	0.02219	0.2069	0.2983	0.3702	0.7307
3580	0.5058	0.173	0.03464	0.3731	0.535	0.64	0.839
3600	0.1937	0.1848	0.0004904	0.04662	0.1267	0.2883	0.7534
3620	0.3231	0.2104	0.008062	0.1319	0.2885	0.5072	0.7927
3640	0.3801	0.1194	0.02069	0.3059	0.391	0.4688	0.6824
3660	0.0731	0.08609	0.0001215	0.01086	0.03431	0.1076	0.3517
3680	0.5592	0.143	0.08444	0.4658	0.5862	0.6714	0.8067
3700	0.1181	0.05856	0.02163	0.07478	0.1051	0.1515	0.3232
3720	0.00901	0.01143	0.00029	0.002801	0.005245	0.01016	0.09698
3740	0.004763	0.006015	0.0002035	0.001434	0.002691	0.005568	0.06676
3760	0.002344	0.005351	1.36e-05	0.0003211	0.0007958	0.002017	0.05454
3780	0.3884	0.1487	0.03092	0.2676	0.3957	0.5055	0.7382
3800	0.04612	0.072	0.0001282	0.00821	0.02081	0.05216	0.5988
3820	0.44	0.1393	0.06457	0.3459	0.4279	0.5331	0.8698
3840	0.5371	0.123	0.09399	0.4701	0.5585	0.6259	0.7554
3860	8.396e-05	0.0001045	4.299e-06	2.82e-05	5.368e-05	0.0001008	0.00139
3880	0.3586	0.1883	0.005961	0.193	0.3649	0.5301	0.7226
3900	0.2887	0.05855	0.06782	0.2562	0.3065	0.3312	0.4264
3920	0.3519	0.1923	0.01507	0.1876	0.3413	0.5034	0.8384
3940	0.5988	0.1285	0.0837	0.5378	0.6294	0.6867	0.8876
3960	0.03384	0.04215	0.001108	0.009972	0.0197	0.04069	0.4261
3980	0.6331	0.1805	0.0735	0.5185	0.6731	0.7769	0.9127
4000	0.6032	0.1316	0.06545	0.5288	0.6221	0.6991	0.8813
4020	0.1157	0.09989	0.003145	0.03672	0.07826	0.1703	0.573
4040	0.04342	0.03369	0.005483	0.0225	0.03465	0.05234	0.3617
4060	0.1036	0.1314	0.0006306	0.01903	0.04947	0.1303	0.6321
4080	0.0004113	0.001351	1.857e-06	4.046e-05	0.000112	0.0003321	0.02352
4100	0.006752	0.01114	0.0001096	0.001653	0.00338	0.007568	0.1235
4120	0.01306	0.02378	0.0002116	0.002624	0.005825	0.01292	0.274
4140	0.2333	0.07695	0.05412	0.1777	0.2261	0.2844	0.4997
4160	0.4364	0.07586	0.1554	0.3941	0.4488	0.4898	0.6345
4180	0.1699	0.1054	0.0001781	0.07263	0.1697	0.2687	0.4613
4200	0.3402	0.1129	0.05091	0.2718	0.3468	0.4148	0.6657
4220	0.3772	0.1414	0.03171	0.2746	0.3875	0.4831	0.6847
4240	0.2155	0.1204	0.002816	0.1079	0.2218	0.3144	0.5557
4260	0.008128	0.01945	6.015e-05	0.001178	0.002786	0.007804	0.4109
4280	0.2623	0.129	0.01358	0.1644	0.2528	0.3503	0.6686
4300	0.1779	0.1326	0.001773	0.0758	0.1428	0.2369	0.783
4320	0.3926	0.1423	0.01477	0.3016	0.4059	0.5052	0.7654
4340	0.01042	0.02395	7.818e-05	0.001459	0.003911	0.009804	0.3667
4360	0.05196	0.05951	0.0009866	0.01659	0.03299	0.06386	0.523
4380	0.08663	0.092	0.0008447	0.02393	0.05525	0.1136	0.5731
4400	0.6029	0.09252	0.162	0.561	0.622	0.6655	0.7815
4420	0.2588	0.1336	0.005609	0.1517	0.243	0.3578	0.7047
4440	0.4688	0.1859	0.007019	0.3335	0.5067	0.6171	0.7919
4460	0.02669	0.04997	2.152e-05	0.002056	0.006868	0.02616	0.3117
4480	0.002166	0.006721	1.411e-05	0.0003125	0.000712	0.001894	0.1446
4500	0.342	0.06518	0.1165	0.3059	0.3391	0.3762	0.5884
4520	0.4302	0.07996	0.1684	0.3893	0.4387	0.4841	0.6702
4540	0.04009	0.05835	0.0002462	0.00774	0.02011	0.0485	0.5856
4560	0.002132	0.007034	1.22e-05	0.0002921	0.0007508	0.001869	0.1677
4580	0.1855	0.1409	0.002612	0.06625	0.1519	0.2824	0.6606
4600	0.3134	0.1561	0.03048	0.1857	0.2953	0.4271	0.8222
4620	0.3329	0.1092	0.03701	0.2642	0.3537	0.4057	0.6407
4640	0.2464	0.1799	0.001797	0.08192	0.2069	0.4002	0.7209
4660	0.5611	0.1461	0.06369	0.4704	0.5902	0.6707	0.8712
4680	0.03581	0.05775	4.328e-05	0.003718	0.01192	0.03957	0.3011
4700	0.5317	0.1595	0.07043	0.4274	0.564	0.6527	0.8657
4720	0.172	0.08924	0.00871	0.09575	0.167	0.2555	0.3461
4740	0.4092	0.1085	0.08367	0.3403	0.4136	0.4859	0.6983
4760	0.4479	0.1721	0.03459	0.3135	0.4617	0.584	0.8141
4780	0.1102	0.1106	0.001125	0.0299	0.06719	0.1526	0.6829
4800	2.473e-05	3.586e-05	6.079e-07	7.195e-06	1.523e-05	2.875e-05	0.0005297
4820	0.327	0.1076	0.05217	0.2466	0.3309	0.4107	0.6263
4840	0.001459	0.002332	3.447e-05	0.0003313	0.0007211	0.00153	0.02571
4860	0.0105	0.01774	0.0001309	0.002337	0.005147	0.01127	0.2205
4880	0.2877	0.1464	0.002017	0.1626	0.3092	0.4002	0.6913
4900	0.2247	0.101	0.0414	0.148	0.2074	0.2862	0.5977
4920	0.0004243	0.0006372	6.688e-06	9.533e-05	0.000205	0.0004796	0.006031
4940	0.1504	0.1452	0.0002489	0.03017	0.0889	0.251	0.6343
4960	0.2749	0.141	0.007652	0.1612	0.2695	0.3786	0.6779
4980	0.1235	0.1038	0.00138	0.03746	0.08978	0.188	0.5667
5000	0.001034	0.001472	3.434e-05	0.0002762	0.0005794	0.001159	0.01814
5020	0.03295	0.05103	0.000282	0.005649	0.01466	0.03518	0.4252
5040	0.4063	0.1123	0.1057	0.3321	0.3987	0.4788	0.7619
5060	0.3738	0.1395	0.04012	0.269	0.3812	0.4818	0.7822
5080	0.07614	0.07652	0.00229	0.02558	0.05093	0.09734	0.4568
5100	0.1967	0.0867	0.04343	0.1348	0.1794	0.2456	0.5531
5120	0.148	0.1214	0.0009691	0.03627	0.1148	0.2458	0.5668
5140	0.01488	0.02859	6.589e-05	0.001972	0.005451	0.01434	0.2622
5160	0.03584	0.06035	0.0002232	0.004843	0.01342	0.03739	0.4945
5180	0.509	0.1974	0.006967	0.3832	0.5322	0.6655	0.9331
5200	0.2489	0.07734	0.05585	0.1939	0.2426	0.2983	0.5109
5220	0.1628	0.1712	0.0002286	0.02588	0.09528	0.2657	0.758
5240	0.111	0.09097	0.001315	0.03329	0.08302	0.1693	0.338
5260	0.003578	0.003475	0.0002633	0.001518	0.002546	0.004259	0.03503
5280	0.5903	0.1424	0.06706	0.5083	0.6192	0.6967	0.8522
5300	0.03925	0.04966	0.0002323	0.008546	0.02051	0.04924	0.3064
5320	0.1966	0.1091	0.01502	0.1072	0.1881	0.2738	0.4631
5340	0.4779	0.1464	0.03315	0.3859	0.5069	0.5904	0.7161
5360	0.03864	0.05797	0.000358	0.007312	0.01741	0.04326	0.5299
5380	0.1542	0.09849	0.001217	0.06258	0.1468	0.2498	0.3121
5400	0.0326	0.0417	0.0005018	0.008093	0.01757	0.04058	0.4081
5420	0.01168	0.02885	3.113e-05	0.001514	0.003697	0.009672	0.3207
5440	0.0008693	0.005003	1.21e-06	5.136e-05	0.0001362	0.0004267	0.1234
5460	0.02592	0.01929	0.002405	0.01327	0.02076	0.03245	0.1382
5480	0.04803	0.07102	0.0002359	0.006261	0.01985	0.05818	0.565
5500	0.2727	0.1428	0.009896	0.1576	0.2611	0.3827	0.7761
5520	0.3797	0.1517	0.02215	0.2664	0.3882	0.5037	0.7018
5540	0.5309	0.1167	0.08217	0.4613	0.5558	0.6214	0.8061
5560	0.3053	0.1077	0.03057	0.231	0.3144	0.3814	0.6156
5580	0.4745	0.08285	0.1025	0.4294	0.4883	0.534	0.6208
5600	0.4686	0.1844	0.02955	0.3406	0.4963	0.6075	0.8728
5620	0.626	0.09159	0.1393	0.5836	0.6446	0.6915	0.7747
5640	0.4682	0.1021	0.09889	0.4123	0.4823	0.5339	0.7513
5660	0.3202	0.1581	0.007851	0.2079	0.3219	0.4408	0.8071
5680	0.5628	0.108	0.1709	0.5005	0.5733	0.6321	0.8546
5700	0.2347	0.08506	0.07178	0.1738	0.2254	0.2818	0.6285
5720	0.0007922	0.001612	4.902e-06	0.0001392	0.0003389	0.0007845	0.02344
5740	0.3629	0.1607	0.01812	0.2295	0.3761	0.4922	0.7603
5760	0.2918	0.1391	0.0174	0.1856	0.295	0.3888	0.6823
5780	0.0001419	0.0005402	1.139e-06	2.296e-05	5.095e-05	0.0001217	0.01376
5800	0.07099	0.08501	0.0003078	0.01287	0.03434	0.09332	0.4553
5820	0.2404	0.1571	0.007327	0.1096	0.2082	0.337	0.7163
5840	0.4149	0.1767	0.03101	0.2777	0.4174	0.5509	0.8312
5860	0.1118	0.1035	0.0007664	0.03251	0.07738	0.1574	0.4872
5880	0.005731	0.01396	5.332e-05	0.0006963	0.001688	0.004914	0.225
5900	0.5857	0.1104	0.1366	0.519	0.6024	0.6724	0.7918
5920	0.0007322	0.0005673	7.24e-05	0.0003624	0.0005687	0.0009192	0.004796
5940	0.6229	0.1501	0.1011	0.5415	0.6588	0.7354	0.87
5960	0.4368	0.1722	0.0297	0.305	0.4604	0.5819	0.7535
5980	0.005434	0.01839	1.601e-05	0.000627	0.001709	0.004688	0.3867
6000	0.1958	0.148	0.003961	0.07525	0.1571	0.2885	0.7862
6020	0.06465	0.07464	0.0005747	0.01506	0.03553	0.08768	0.4609
6040	0.5751	0.1095	0.1473	0.519	0.5923	0.6502	0.8104
6060	0.4722	0.135	0.03051	0.3895	0.4911	0.5673	0.8332
6080	0.03737	0.05873	1.74e-05	0.004272	0.01324	0.04137	0.3016
6100	0.01429	0.01858	0.0001367	0.003741	0.007937	0.01693	0.1957
6120	0.1594	0.1184	0.002889	0.06712	0.1239	0.2251	0.6505
6140	0.04504	0.06114	9.919e-05	0.007181	0.0196	0.05363	0.3068
6160	0.4814	0.1476	0.03452	0.3905	0.4958	0.5893	0.8458
6180	0.1996	0.1054	0.01273	0.1076	0.1924	0.2846	0.593
6200	0.499	0.1196	0.0962	0.4231	0.5054	0.5807	0.8138
6220	0.485	0.1193	0.05727	0.4186	0.5072	0.5688	0.7731
6240	0.1989	0.1122	0.007574	0.1091	0.1821	0.2793	0.6902
6260	0.4783	0.1786	0.01951	0.351	0.4944	0.6088	0.8731
6280	0.6386	0.1181	0.1681	0.5664	0.6535	0.7202	0.8922
6300	0.06857	0.08183	0.0008218	0.0164	0.03929	0.08455	0.5854
6320	0.2238	0.1282	0.009259	0.1165	0.2106	0.3186	0.5991
6340	0.4485	0.09919	0.07721	0.3865	0.4536	0.5145	0.7855
6360	0.3657	0.1797	0.01318	0.2072	0.3843	0.5138	0.7542
6380	0.7705	0.1012	0.2525	0.7235	0.7926	0.8402	0.955
6400	0.1223	0.1026	0.00226	0.04465	0.08851	0.1709	0.5167
6420	0.02272	0.02577	0.0009803	0.008228	0.01467	0.02588	0.2582
6440	0.6423	0.1136	0.1941	0.5726	0.6598	0.7268	0.8869
6460	0.1682	0.08175	0.02124	0.1112	0.149	0.2125	0.5535
6480	0.2063	0.1533	0.005719	0.08632	0.1615	0.2869	0.7366
6500	0.5768	0.1813	0.03442	0.4592	0.6005	0.7196	0.934
6520	0.315	0.1149	0.01285	0.2322	0.3343	0.4102	0.4957
6540	0.1794	0.1665	0.001152	0.04694	0.1189	0.2727	0.7503
6560	0.4399	0.1682	0.008781	0.3336	0.4788	0.5682	0.7555
6580	0.4911	0.1776	0.007528	0.3715	0.5028	0.6214	0.8939
6600	0.02343	0.02213	0.001118	0.009678	0.01609	0.02841	0.19
6620	0.002882	0.00357	0.0001699	0.001046	0.001826	0.003234	0.04113
6640	0.2913	0.1217	0.0621	0.1964	0.2796	0.3761	0.6752
6660	0.06126	0.07467	0.001571	0.017	0.03507	0.07031	0.5201
6680	0.3	0.09544	0.06715	0.229	0.3098	0.3613	0.6206
6700	0.04301	0.05746	6.575e-05	0.009111	0.02235	0.04891	0.4642
6720	0.3923	0.141	0.02651	0.2988	0.3991	0.4979	0.7085
6740	0.5409	0.1039	0.1733	0.4839	0.5562	0.6186	0.7451
6760	0.03261	0.03259	0.001356	0.01186	0.02216	0.04097	0.2435
6780	0.008729	0.01502	0.0001363	0.002068	0.004523	0.009879	0.2939
6800	0.423	0.1294	0.02067	0.3553	0.4468	0.5179	0.6321
6820	0.01584	0.03232	2.935e-05	0.002031	0.005564	0.01562	0.3421
6840	0.01926	0.03762	3.745e-05	0.00191	0.005951	0.0175	0.2986
6860	0.1294	0.07564	0.005746	0.07222	0.112	0.171	0.5144
6880	0.1119	0.1076	0.002446	0.03445	0.07109	0.1539	0.5477
6900	0.2464	0.1027	0.04441	0.1693	0.2344	0.3087	0.6465
6920	0.4619	0.1235	0.08404	0.3825	0.4766	0.5556	0.7036
6940	0.0001245	0.0001691	2.371e-06	3.807e-05	7.466e-05	0.0001417	0.001833
6960	0.1839	0.151	0.001118	0.0611	0.1427	0.2886	0.84
6980	0.2008	0.1284	0.002646	0.09051	0.1808	0.2998	0.5777
7000	0.439	0.1149	0.0566	0.3719	0.4387	0.5158	0.7943
7020	0.000186	0.0004885	2.91e-06	3.461e-05	7.64e-05	0.0001775	0.01223
7040	0.5447	0.1767	0.01845	0.4245	0.5556	0.6799	0.9288
7060	0.004113	0.01131	7.122e-05	0.0007393	0.001689	0.003621	0.2441
7080	0.4826	0.1878	0.02121	0.3472	0.5065	0.6326	0.828
7100	0.4313	0.1179	0.1161	0.346	0.4419	0.5182	0.7252
7120	0.1892	0.08566	0.01372	0.1124	0.1948	0.2717	0.3205
7140	0.4727	0.1476	0.02922	0.3766	0.4928	0.5834	0.8009
7160	0.1046	0.08972	0.003043	0.04232	0.0779	0.1366	0.6126
7180	0.1778	0.1555	0.000375	0.04587	0.1272	0.2904	0.639
7200	0.4066	0.1244	0.04513	0.326	0.4276	0.508	0.655
7220	0.09076	0.08758	0.002293	0.03046	0.06364	0.1194	0.5787
7240	0.2166	0.1403	0.008467	0.09828	0.1865	0.3205	0.6987
7260	0.01926	0.03966	4.875e-05	0.002096	0.005911	0.01748	0.4171
7280	0.2894	0.1462	0.0157	0.1756	0.289	0.3744	0.773
7300	0.3213	0.08819	0.02211	0.2698	0.3368	0.3809	0.5801
7320	0.2926	0.08827	0.06354	0.2335	0.3048	0.3451	0.6388
7340	0.3055	0.1516	0.01056	0.1846	0.3035	0.4129	0.8127
7360	0.2943	0.1314	0.02139	0.1918	0.2953	0.3897	0.6288
7380	0.0392	0.05263	0.0006824	0.009682	0.021	0.04605	0.4323
7400	0.3991	0.09199	0.1578	0.3319	0.4023	0.4648	0.6657
7420	0.4262	0.157	0.02037	0.3141	0.4551	0.5478	0.7091
7440	0.1265	0.09786	0.00718	0.05395	0.0962	0.1718	0.5758
7460	0.0156	0.01641	0.000624	0.005906	0.01041	0.01958	0.1492
7480	0.07898	0.1156	4.933e-05	0.005082	0.0242	0.1029	0.6626
7500	0.001235	0.001494	4.99e-05	0.0004598	0.0007793	0.00143	0.01833
7520	0.2915	0.1236	0.004977	0.1982	0.2886	0.3794	0.6663
7540	0.004223	0.007617	7.608e-06	0.0006378	0.001725	0.004279	0.08021
7560	0.2374	0.1647	0.003609	0.0971	0.2011	0.3665	0.769
7580	0.01761	0.01749	0.0009914	0.006786	0.0118	0.02196	0.1266
7600	0.5789	0.15	0.06967	0.4879	0.5947	0.6913	0.8684
7620	0.5731	0.1184	0.1062	0.5075	0.5933	0.6598	0.8193
7640	0.2095	0.1031	0.005993	0.1212	0.2257	0.3019	0.5138
7660	0.2128	0.168	0.00327	0.07955	0.1624	0.3223	0.75
7680	0.4723	0.125	0.004775	0.4001	0.4913	0.5629	0.7901
7700	0.01878	0.03743	4.698e-05	0.002493	0.00686	0.0188	0.3972
7720	0.5227	0.1158	0.07747	0.4626	0.5411	0.6066	0.7518
7740	0.3367	0.1366	0.0392	0.2299	0.3419	0.436	0.6582
7760	0.4879	0.1386	0.1043	0.3938	0.4848	0.5819	0.8643
7780	0.4407	0.1518	0.03308	0.3376	0.4513	0.5518	0.7694
7800	0.08712	0.07956	0.001098	0.02726	0.06155	0.1195	0.4662
7820	0.473	0.1627	0.04959	0.3663	0.4849	0.6023	0.7991
7840	0.001602	0.00206	3.953e-05	0.0004507	0.0009239	0.001895	0.02067
7860	0.03169	0.05881	0.0001312	0.004353	0.01192	0.0317	0.5967
7880	0.1336	0.0847	0.008093	0.06849	0.1124	0.1821	0.5147
7900	0.5357	0.1019	0.1353	0.4809	0.5539	0.6062	0.7667
7920	0.03995	0.05831	0.0004259	0.009019	0.02109	0.04488	0.5728
7940	0.3478	0.103	0.04599	0.2867	0.3556	0.4297	0.5347
7960	0.2766	0.1199	0.01689	0.1793	0.2972	0.3664	0.5427
7980	0.3642	0.1124	0.08219	0.2906	0.3565	0.4289	0.7098
8000	0.02577	0.04556	0.0001203	0.003444	0.01015	0.02611	0.4029
8020	0.4402	0.1057	0.07962	0.3787	0.4506	0.5104	0.7336
8040	0.1052	0.07624	0.004136	0.04997	0.08446	0.1371	0.4384
8060	0.07565	0.07779	0.0006863	0.02427	0.04925	0.09833	0.5184
8080	0.4843	0.1364	0.04245	0.3948	0.5103	0.5902	0.7526
8100	0.2976	0.08228	0.04649	0.2465	0.3125	0.3516	0.569
8120	0.3535	0.08784	0.03283	0.2988	0.3684	0.4211	0.4907
8140	0.5722	0.1356	0.05997	0.503	0.6082	0.6709	0.7868
8160	0.002134	0.006591	9.037e-06	0.000306	0.000717	0.001788	0.1305
8180	0.3381	0.1127	0.05019	0.2569	0.3573	0.428	0.6228
8200	0.6161	0.09608	0.1243	0.5806	0.6357	0.6787	0.8025
8220	0.5729	0.1589	0.04947	0.4682	0.59	0.6936	0.9094
8240	0.05791	0.06999	0.0002417	0.01063	0.02809	0.07618	0.3241
8260	0.003487	0.00847	3.456e-05	0.0005743	0.00139	0.003181	0.1423
8280	0.0946	0.08239	0.004863	0.03785	0.07017	0.1221	0.5434
8300	0.586	0.1167	0.08848	0.5248	0.6152	0.6686	0.7762
8320	0.358	0.1771	0.009865	0.2062	0.3614	0.5	0.8224
8340	0.2938	0.07881	0.04844	0.2513	0.3039	0.3368	0.5711
8360	0.005575	0.009185	0.0001677	0.001351	0.002776	0.0062	0.1215
8380	0.02346	0.02173	0.0009424	0.009525	0.01745	0.02926	0.2394
8400	0.2985	0.1222	0.01631	0.2067	0.3139	0.3853	0.6714
8420	0.1813	0.1344	0.006291	0.07458	0.1449	0.2647	0.6288
8440	0.3779	0.114	0.04221	0.3103	0.3775	0.4512	0.6983
8460	0.02202	0.03992	6.596e-05	0.003195	0.008836	0.02392	0.4384
8480	0.5177	0.1337	0.1178	0.4284	0.5197	0.6112	0.8993
8500	0.1943	0.1071	0.02182	0.1131	0.1712	0.256	0.5806
8520	0.1799	0.1352	0.002545	0.06978	0.1463	0.2651	0.7561
8540	0.3905	0.104	0.07245	0.3283	0.4056	0.4673	0.6705
8560	0.03834	0.03617	0.001069	0.0144	0.027	0.04884	0.313
8580	0.5966	0.09502	0.247	0.5386	0.6101	0.6671	0.7924
8600	0.5159	0.1002	0.08327	0.4641	0.5314	0.5848	0.7628
8620	0.6798	0.1087	0.1766	0.6204	0.686	0.7577	0.9037
8640	0.07877	0.08519	0.0002663	0.01597	0.04847	0.1116	0.5298
8660	0.07138	0.06768	0.00202	0.02437	0.04818	0.09361	0.3777
8680	0.6638	0.09895	0.1782	0.6169	0.6786	0.7325	0.9049
8700	0.2358	0.104	0.03309	0.1538	0.2229	0.304	0.6056
8720	0.03119	0.03361	0.0009971	0.0115	0.02084	0.03944	0.3343
8740	0.3544	0.1472	0.01332	0.241	0.3597	0.4602	0.737
8760	0.005553	0.01578	2.613e-05	0.0006653	0.001719	0.004793	0.2593
8780	0.2953	0.1401	0.009054	0.1861	0.2993	0.3953	0.6988
8800	0.04285	0.02547	0.007332	0.02547	0.03727	0.0529	0.273
8820	0.003463	0.003761	9.78e-05	0.001303	0.002252	0.00407	0.03257
8840	0.5563	0.1045	0.1416	0.4969	0.5648	0.627	0.8118
8860	0.01797	0.03095	0.0001482	0.003032	0.007454	0.01919	0.2938
8880	0.007191	0.02282	1.103e-05	0.0004025	0.001234	0.00496	0.3007
8900	0.4174	0.1151	0.07615	0.3488	0.4317	0.4977	0.6977
8920	0.1332	0.134	0.0008942	0.03434	0.08477	0.1886	0.6545
8940	0.2264	0.1121	0.01551	0.1346	0.224	0.3087	0.5428
8960	0.5474	0.09131	0.2064	0.4944	0.5588	0.6065	0.7814
8980	0.002867	0.006843	8.149e-06	0.0002989	0.0008031	0.002367	0.07976
9000	0.002434	0.005425	3.957e-06	0.0002347	0.0006744	0.002135	0.09824
9020	0.004144	0.01339	4.034e-05	0.0005408	0.001137	0.003048	0.227
9040	0.09804	0.08944	0.001754	0.03684	0.0699	0.127	0.5495
9060	0.09304	0.09758	0.0004404	0.01881	0.05817	0.1343	0.4454
9080	0.3245	0.07462	0.1017	0.2822	0.3231	0.3595	0.6719
9100	0.1819	0.1048	0.003692	0.09006	0.1873	0.2743	0.6136
9120	0.4912	0.1295	0.04759	0.4152	0.5169	0.5849	0.7452
9140	0.2075	0.2067	0.002571	0.04947	0.1265	0.3075	0.8902
9160	0.3328	0.08598	0.08299	0.278	0.3305	0.3823	0.7011
9180	0.002916	0.005357	5.81e-06	0.0005142	0.001194	0.003062	0.05275
9200	0.04247	0.05513	0.0008497	0.01173	0.0239	0.04756	0.4313
9220	0.02146	0.03146	0.000355	0.005194	0.01055	0.02432	0.3061
9240	0.1537	0.1288	0.001768	0.05112	0.1127	0.2254	0.6637
9260	0.2859	0.07797	0.03149	0.2381	0.2953	0.3368	0.5064
9280	0.3735	0.1443	0.02485	0.2727	0.3876	0.4792	0.7286
9300	0.5684	0.09732	0.101	0.5176	0.5877	0.6376	0.7553
9320	0.002177	0.006478	2.156e-06	9.039e-05	0.000323	0.001271	0.09448
9340	0.0006655	0.002031	1.427e-06	7.679e-05	0.0001998	0.0005794	0.05004
9360	0.5475	0.1658	0.04077	0.4448	0.5853	0.673	0.8848
9380	0.3731	0.08843	0.06463	0.3192	0.3667	0.4314	0.7815
9400	0.002648	0.008426	5.038e-06	0.0003029	0.0008239	0.002081	0.1753
9420	0.08013	0.08032	0.001279	0.02456	0.05232	0.106	0.5373
9440	0.07097	0.08733	0.0003228	0.0129	0.03559	0.09177	0.4946
9460	0.3449	0.1206	0.04167	0.268	0.3538	0.4179	0.7511
9480	0.4589	0.1432	0.05947	0.3655	0.4679	0.5645	0.7991
9500	0.08457	0.1037	0.0004602	0.01871	0.04717	0.1086	0.6319
9520	0.05459	0.0623	0.0005834	0.01458	0.03124	0.06797	0.3597
9540	0.1328	0.07563	0.008069	0.07392	0.1217	0.1808	0.4262
9560	0.5621	0.2365	0.00682	0.3894	0.6306	0.7548	0.9453
9580	0.0002985	0.001155	3.641e-07	1.95e-05	6.228e-05	0.0001887	0.02227
9600	0.1289	0.09951	0.001244	0.03866	0.1026	0.215	0.3171
9620	0.1631	0.1345	0.001977	0.0485	0.1282	0.2607	0.5754
9640	0.3401	0.1559	0.03129	0.214	0.3363	0.4558	0.8099
9660	0.01514	0.02817	6.115e-05	0.002385	0.00595	0.01543	0.4078
9680	0.0343	0.04032	0.000782	0.009634	0.02068	0.04279	0.3626
9700	0.1022	0.1263	0.001189	0.02176	0.05039	0.1317	0.8327
9720	0.5538	0.1522	0.03324	0.467	0.5794	0.66	0.8585
9740	0.3446	0.1555	0.01623	0.2156	0.3549	0.4731	0.6796
9760	0.5086	0.1551	0.007569	0.4286	0.5499	0.62	0.8205
9780	0.3862	0.134	0.04923	0.2862	0.4077	0.4843	0.7249
9800	5.77e-05	0.0001794	1.23e-07	6.565e-06	1.667e-05	4.139e-05	0.003253
9820	0.3543	0.1426	0.01591	0.2582	0.3584	0.4677	0.7588
9840	0.2735	0.1375	0.03088	0.1611	0.26	0.3713	0.6314
9860	0.6034	0.1296	0.09991	0.5457	0.6401	0.6973	0.8115
9880	0.4471	0.1693	0.0198	0.3312	0.4621	0.5688	0.8432
9900	0.001399	0.00542	4.615e-06	0.0001223	0.0003235	0.0009336	0.125
9920	0.004803	0.008027	3.231e-05	0.0008664	0.002085	0.005281	0.08375
9940	0.4194	0.09579	0.07007	0.3639	0.4267	0.4825	0.6747
9960	0.04309	0.03416	0.004968	0.02101	0.03355	0.05329	0.2858
9980	0.006982	0.003711	0.00117	0.004431	0.006146	0.008497	0.0263
