idx	mean	std	min	25 percentile	50 percentile	75 percentile	max
0	0.6285	0.06922	0.3869	0.5834	0.632	0.6786	0.8135
20	0.3025	0.09802	0.05477	0.2311	0.3053	0.3719	0.5952
40	0.2713	0.0784	0.06352	0.2158	0.2717	0.3252	0.5042
60	0.4195	0.09842	0.1681	0.3466	0.4162	0.4878	0.6915
80	0.5672	0.07512	0.3108	0.5191	0.574	0.6211	0.7737
100	0.7746	0.04808	0.6003	0.7441	0.7771	0.8096	0.8996
120	0.4174	0.07665	0.2074	0.3658	0.42	0.4716	0.6357
140	0.8499	0.0377	0.6746	0.8278	0.8546	0.8777	0.9272
160	0.3581	0.05493	0.1789	0.3186	0.3561	0.3954	0.5159
180	0.1283	0.03011	0.04802	0.1059	0.1257	0.1473	0.2688
200	0.7008	0.03947	0.5289	0.6765	0.7019	0.7293	0.8135
220	0.3786	0.09588	0.104	0.3133	0.3806	0.4482	0.694
240	0.1134	0.04375	0.03647	0.08215	0.1059	0.1364	0.357
260	0.5067	0.1044	0.1887	0.4247	0.5181	0.5902	0.719
280	0.2683	0.04267	0.1606	0.2394	0.2654	0.2954	0.425
300	0.3043	0.08786	0.09591	0.239	0.2993	0.3616	0.6129
320	0.8377	0.02896	0.7115	0.8192	0.8406	0.8582	0.9127
340	0.7484	0.04307	0.5155	0.7241	0.7509	0.7765	0.8729
360	0.6124	0.09675	0.229	0.5499	0.6255	0.685	0.8148
380	0.7751	0.07072	0.4003	0.7425	0.7913	0.8234	0.8964
400	0.4753	0.06418	0.2694	0.4312	0.4793	0.5214	0.655
420	0.6189	0.03722	0.3821	0.5962	0.6211	0.6432	0.7179
440	0.3199	0.08202	0.1185	0.2623	0.3168	0.3777	0.599
460	0.3874	0.07	0.1317	0.3417	0.3892	0.4391	0.5512
480	0.4091	0.07082	0.2241	0.359	0.4069	0.4579	0.6189
500	0.6749	0.08017	0.2593	0.6362	0.6907	0.7311	0.8328
520	0.4095	0.07226	0.1861	0.3625	0.4155	0.458	0.6287
540	0.2181	0.05827	0.07521	0.1749	0.2185	0.2571	0.3937
560	0.187	0.05453	0.07459	0.1485	0.1808	0.2215	0.4417
580	0.7183	0.05553	0.4447	0.6875	0.727	0.7571	0.8232
600	0.3057	0.06038	0.1008	0.2645	0.3038	0.3458	0.5113
620	0.4034	0.1259	0.08176	0.3123	0.4085	0.4997	0.6985
640	0.5673	0.06709	0.3627	0.521	0.5745	0.6143	0.7382
660	0.4732	0.0844	0.2062	0.4125	0.4773	0.5317	0.7154
680	0.5007	0.06091	0.2598	0.4625	0.5065	0.5441	0.6452
700	0.3408	0.05773	0.1726	0.3009	0.3412	0.3789	0.5149
720	0.4718	0.07457	0.1946	0.4227	0.4733	0.5277	0.6726
740	0.5175	0.06479	0.2843	0.4752	0.5173	0.5634	0.7124
760	0.5973	0.0606	0.3511	0.561	0.6052	0.6396	0.7475
780	0.28	0.09325	0.0688	0.2111	0.2725	0.342	0.5373
800	0.2337	0.09557	0.02446	0.1619	0.2314	0.2969	0.5073
820	0.6698	0.04984	0.4699	0.6406	0.6766	0.7034	0.7959
840	0.01145	0.005102	0.002946	0.00777	0.01043	0.0142	0.04042
860	0.6112	0.09508	0.05818	0.567	0.6317	0.6747	0.8113
880	0.1752	0.04379	0.07842	0.1437	0.1724	0.2011	0.3836
900	0.653	0.05731	0.3921	0.6208	0.6609	0.694	0.7758
920	0.6723	0.06893	0.3975	0.6386	0.6835	0.7195	0.8264
940	0.01703	0.009475	0.003755	0.01064	0.01485	0.02102	0.07614
960	0.3179	0.06611	0.1576	0.2688	0.3149	0.3612	0.58
980	0.6594	0.109	0.1853	0.5909	0.678	0.7402	0.8498
1000	0.6384	0.04911	0.4584	0.6068	0.6387	0.6729	0.7892
1020	0.1612	0.04587	0.0635	0.1302	0.1555	0.1894	0.3614
1040	0.4886	0.04326	0.3547	0.4603	0.4908	0.5183	0.6168
1060	0.2399	0.06202	0.08754	0.1964	0.2352	0.2796	0.5103
1080	0.402	0.09763	0.1175	0.3345	0.415	0.4757	0.6101
1100	0.2082	0.04821	0.07734	0.1727	0.2037	0.2376	0.4338
1120	0.7814	0.04495	0.5143	0.754	0.7876	0.812	0.8777
1140	0.7341	0.09651	0.2853	0.6966	0.7554	0.8002	0.9193
1160	0.2235	0.06561	0.08994	0.176	0.2169	0.2628	0.5314
1180	0.6213	0.03461	0.4915	0.6001	0.6233	0.6447	0.7019
1200	0.1341	0.038	0.05129	0.1064	0.1293	0.1539	0.3037
1220	0.7189	0.03535	0.5618	0.6966	0.7208	0.7442	0.8104
1240	0.4146	0.06881	0.1673	0.3703	0.4181	0.4611	0.6139
1260	0.1941	0.0548	0.06212	0.1575	0.1882	0.2304	0.3673
1280	0.4245	0.05609	0.1844	0.3865	0.4238	0.462	0.6155
1300	0.5503	0.05063	0.4225	0.5151	0.5497	0.5851	0.6993
1320	0.3724	0.08907	0.1535	0.3053	0.3763	0.4418	0.5761
1340	0.2387	0.04689	0.1158	0.2038	0.2379	0.2713	0.3733
1360	0.5388	0.06325	0.2608	0.5011	0.5441	0.5837	0.7171
1380	0.7632	0.04044	0.6349	0.7369	0.7664	0.7912	0.8628
1400	0.8273	0.04206	0.6745	0.8013	0.8322	0.8573	0.9287
1420	0.3513	0.1341	0.07438	0.2497	0.3379	0.4437	0.7717
1440	0.2743	0.08543	0.06155	0.2122	0.2633	0.3283	0.6058
1460	0.4873	0.1235	0.151	0.3995	0.4901	0.5799	0.7883
1480	0.2622	0.06803	0.06837	0.2166	0.2565	0.306	0.5458
1500	0.2064	0.05925	0.07326	0.163	0.2019	0.2462	0.3958
1520	0.8053	0.03586	0.6492	0.7846	0.8073	0.8316	0.8983
1540	0.3767	0.08073	0.1836	0.3161	0.37	0.4297	0.6778
1560	0.0923	0.03583	0.01548	0.06758	0.08606	0.1117	0.2408
1580	0.4725	0.07646	0.2635	0.4163	0.4758	0.5225	0.7006
1600	0.722	0.07331	0.4212	0.677	0.7322	0.778	0.8708
1620	0.515	0.05749	0.3245	0.4775	0.5177	0.5557	0.7026
1640	0.1326	0.04152	0.03185	0.1012	0.1294	0.1597	0.2684
1660	0.5071	0.09711	0.2371	0.4431	0.5072	0.5782	0.7521
1680	0.556	0.1062	0.1974	0.4909	0.5776	0.6338	0.7811
1700	0.7285	0.04743	0.5463	0.7004	0.7338	0.7613	0.8438
1720	0.6114	0.06055	0.285	0.5769	0.6148	0.6528	0.7652
1740	0.1516	0.05622	0.03335	0.1102	0.1449	0.1858	0.3735
1760	0.4389	0.1208	0.1602	0.3443	0.432	0.5228	0.8113
1780	0.5641	0.05691	0.3297	0.5327	0.5695	0.6009	0.7342
1800	0.6425	0.06887	0.3504	0.6005	0.6457	0.6932	0.8097
1820	0.2827	0.05739	0.1122	0.2418	0.2791	0.3196	0.4792
1840	0.7173	0.05499	0.3713	0.6939	0.7255	0.7525	0.8444
1860	0.2742	0.06572	0.116	0.2266	0.2684	0.3169	0.5054
1880	0.1259	0.05294	0.02972	0.08646	0.1182	0.1526	0.3401
1900	0.1059	0.03255	0.02804	0.08396	0.1012	0.1229	0.246
1920	0.4707	0.07715	0.239	0.4217	0.4703	0.5244	0.6838
1940	0.4106	0.05944	0.2183	0.3702	0.4107	0.4502	0.5851
1960	0.5766	0.05149	0.3288	0.5492	0.5804	0.6126	0.6955
1980	0.0653	0.0359	0.01402	0.04136	0.05721	0.08064	0.4253
2000	0.2259	0.1172	0.02678	0.1376	0.2	0.2944	0.7096
2020	0.1132	0.03557	0.04109	0.08701	0.1083	0.1336	0.2475
2040	0.1057	0.02674	0.04825	0.08701	0.1025	0.1229	0.2226
2060	0.7368	0.03877	0.5795	0.7168	0.7406	0.7631	0.8272
2080	0.3989	0.09893	0.1345	0.3208	0.3992	0.4751	0.6599
2100	0.5802	0.05716	0.4009	0.5415	0.5841	0.6214	0.7334
2120	0.4825	0.1109	0.173	0.405	0.484	0.5639	0.7702
2140	0.1623	0.06645	0.04007	0.1119	0.1546	0.2021	0.4589
2160	0.1243	0.03669	0.04492	0.09773	0.1195	0.146	0.32
2180	0.6799	0.05566	0.4333	0.6461	0.6851	0.7201	0.8131
2200	0.4351	0.05807	0.2631	0.3974	0.4357	0.4731	0.6171
2220	0.01355	0.006525	0.002665	0.009174	0.01199	0.01638	0.05087
2240	0.4905	0.06698	0.2621	0.4444	0.4897	0.5374	0.6727
2260	0.4935	0.1376	0.07431	0.3992	0.5103	0.6006	0.7655
2280	0.8291	0.03398	0.6642	0.8099	0.8333	0.8532	0.8985
2300	0.6691	0.09642	0.2795	0.6083	0.6811	0.7411	0.8739
2320	0.4933	0.06383	0.2823	0.453	0.4991	0.5346	0.6879
2340	0.2758	0.07066	0.08167	0.2266	0.2729	0.3266	0.484
2360	0.2692	0.06492	0.08815	0.2263	0.2713	0.3099	0.4877
2380	0.4015	0.07912	0.1443	0.3494	0.4034	0.4606	0.6147
2400	0.03716	0.008971	0.01775	0.03077	0.03621	0.04261	0.07957
2420	0.5694	0.06951	0.2858	0.5275	0.5742	0.6158	0.7604
2440	0.2642	0.05577	0.1301	0.2239	0.2615	0.302	0.5169
2460	0.6246	0.04107	0.4872	0.5995	0.6269	0.6529	0.7295
2480	0.3666	0.08185	0.1077	0.3094	0.368	0.421	0.5989
2500	0.578	0.1206	0.1609	0.4933	0.5956	0.6691	0.8233
2520	0.2568	0.05545	0.1009	0.2202	0.251	0.29	0.4976
2540	0.478	0.07835	0.259	0.4222	0.4788	0.5351	0.6918
2560	0.7763	0.04782	0.5928	0.748	0.7812	0.8108	0.8749
2580	0.5331	0.07898	0.225	0.4808	0.5363	0.5879	0.7671
2600	0.2126	0.04985	0.0891	0.1766	0.2086	0.2445	0.4104
2620	0.247	0.1096	0.04145	0.1632	0.2342	0.3145	0.6339
2640	0.3433	0.1092	0.03535	0.2654	0.3435	0.4214	0.6473
2660	0.8573	0.02771	0.7415	0.8406	0.8598	0.8767	0.9251
2680	0.2868	0.05618	0.1368	0.2461	0.2846	0.3261	0.4727
2700	0.1876	0.05361	0.0534	0.1485	0.1853	0.2244	0.3674
2720	0.6566	0.08728	0.2471	0.6056	0.6714	0.7219	0.8387
2740	0.3202	0.081	0.09769	0.264	0.3158	0.3761	0.5893
2760	0.6814	0.03479	0.5316	0.6556	0.6839	0.7058	0.7683
2780	0.1153	0.04914	0.01837	0.08029	0.1056	0.1433	0.3764
2800	0.7995	0.04628	0.5385	0.7739	0.8083	0.8316	0.8898
2820	0.2424	0.1024	0.03228	0.1674	0.2304	0.3058	0.6333
2840	0.1969	0.03724	0.09313	0.1704	0.1969	0.2228	0.315
2860	0.7964	0.03828	0.5951	0.7754	0.8004	0.8229	0.8842
2880	0.4162	0.1019	0.1385	0.3483	0.4314	0.4899	0.6461
2900	0.731	0.04256	0.5483	0.7063	0.7358	0.7605	0.8307
2920	0.6559	0.0472	0.4738	0.6285	0.6602	0.689	0.7793
2940	0.3535	0.04112	0.225	0.3275	0.3561	0.3833	0.4494
2960	0.5051	0.04127	0.3061	0.479	0.5087	0.5343	0.6179
2980	0.1955	0.04473	0.08915	0.1608	0.1922	0.2223	0.3415
3000	0.4947	0.06759	0.3026	0.4477	0.4917	0.5374	0.7552
3020	0.1859	0.06908	0.05308	0.1343	0.1793	0.2274	0.4457
3040	0.03606	0.01743	0.007067	0.02349	0.03274	0.04475	0.1562
3060	0.4097	0.1045	0.06518	0.343	0.4195	0.4863	0.6795
3080	0.4017	0.09393	0.09001	0.3411	0.3983	0.4646	0.7327
3100	0.7446	0.04437	0.5394	0.7175	0.7502	0.7752	0.8567
3120	0.8249	0.03909	0.5979	0.8035	0.8303	0.8532	0.9071
3140	0.252	0.06457	0.1067	0.2049	0.2454	0.2935	0.4913
3160	0.687	0.05585	0.4145	0.6621	0.6979	0.7248	0.806
3180	0.6886	0.0783	0.331	0.6519	0.704	0.7466	0.8349
3200	0.3327	0.06143	0.1592	0.2896	0.3343	0.3749	0.5409
3220	0.6125	0.06526	0.373	0.5792	0.6208	0.6585	0.7601
3240	0.4638	0.08194	0.2305	0.407	0.4675	0.5252	0.6917
3260	0.2888	0.0721	0.08862	0.24	0.292	0.3391	0.4725
3280	0.8511	0.02841	0.7275	0.8361	0.8545	0.8713	0.9148
3300	0.703	0.07987	0.3372	0.6726	0.7222	0.7584	0.8387
3320	0.3715	0.04732	0.2109	0.3409	0.3728	0.4033	0.4988
3340	0.8541	0.05547	0.5234	0.8321	0.8642	0.8911	0.9427
3360	0.7841	0.05557	0.3039	0.7585	0.7954	0.8208	0.8946
3380	0.4515	0.08562	0.208	0.3927	0.4531	0.5112	0.706
3400	0.5089	0.05647	0.2446	0.4734	0.5128	0.5482	0.6552
3420	0.689	0.08491	0.3444	0.6388	0.7024	0.7518	0.875
3440	0.6612	0.08316	0.3154	0.617	0.6794	0.7214	0.8113
3460	0.104	0.04567	0.0233	0.07161	0.095	0.1287	0.3273
3480	0.3624	0.06469	0.1339	0.3182	0.3628	0.4082	0.5498
3500	0.4439	0.08932	0.1458	0.3816	0.45	0.509	0.652
3520	0.1337	0.03996	0.02793	0.1064	0.1291	0.1607	0.2508
3540	0.3027	0.1774	0.01652	0.1612	0.2692	0.4154	0.8002
3560	0.2291	0.06006	0.07041	0.1871	0.2271	0.2707	0.4427
3580	0.5523	0.06627	0.2937	0.5142	0.557	0.6	0.7253
3600	0.7091	0.05483	0.3929	0.675	0.7153	0.7487	0.8278
3620	0.5378	0.05461	0.3869	0.5008	0.5426	0.5755	0.6799
3640	0.8278	0.03296	0.688	0.8071	0.8312	0.8505	0.9153
3660	0.3613	0.1088	0.09706	0.2835	0.3494	0.425	0.7153
3680	0.7492	0.04508	0.5661	0.7223	0.7534	0.7826	0.8522
3700	0.767	0.04114	0.5902	0.7414	0.7725	0.797	0.8568
3720	0.5123	0.08287	0.2689	0.455	0.5127	0.5697	0.7463
3740	0.2006	0.05818	0.06465	0.1595	0.1955	0.2368	0.3739
3760	0.01631	0.009949	0.003014	0.009853	0.01395	0.01983	0.09837
3780	0.8297	0.03863	0.6621	0.8053	0.8328	0.8579	0.9193
3800	0.468	0.1023	0.1705	0.395	0.4728	0.5443	0.7293
3820	0.641	0.07343	0.3711	0.5926	0.6439	0.6938	0.8344
3840	0.5717	0.05116	0.3752	0.5429	0.5773	0.6092	0.6848
3860	0.3185	0.09026	0.08108	0.2562	0.3234	0.3822	0.5691
3880	0.5927	0.1246	0.1493	0.5326	0.6243	0.6827	0.8036
3900	0.3956	0.05346	0.2196	0.3598	0.399	0.436	0.5389
3920	0.2507	0.05487	0.07201	0.2128	0.2484	0.2872	0.423
3940	0.7516	0.05755	0.4201	0.7225	0.758	0.7905	0.8661
3960	0.6531	0.0668	0.4011	0.6088	0.6598	0.7017	0.8368
3980	0.5385	0.05541	0.3093	0.5059	0.5449	0.5747	0.6929
4000	0.5643	0.06411	0.3484	0.5267	0.5679	0.6093	0.7555
4020	0.5108	0.08884	0.1969	0.4547	0.5251	0.5764	0.7184
4040	0.09415	0.02524	0.02709	0.07584	0.09233	0.1082	0.2335
4060	0.7141	0.05743	0.4951	0.6849	0.7217	0.7537	0.8477
4080	0.3531	0.08822	0.1255	0.2893	0.3528	0.4129	0.6343
4100	0.03261	0.01969	0.006363	0.02091	0.02815	0.03907	0.2252
4120	0.2995	0.0645	0.1053	0.2572	0.2991	0.3447	0.4802
4140	0.5761	0.04721	0.3633	0.5467	0.5788	0.6094	0.699
4160	0.6425	0.05873	0.4314	0.6059	0.6474	0.6819	0.7991
4180	0.4147	0.08834	0.1723	0.3526	0.4132	0.4771	0.6611
4200	0.7282	0.06264	0.3971	0.6971	0.7382	0.7721	0.8748
4220	0.5751	0.06549	0.3211	0.532	0.582	0.6215	0.7424
4240	0.3644	0.06629	0.1579	0.3199	0.3645	0.4084	0.5639
4260	0.4208	0.04809	0.2578	0.3888	0.4203	0.4533	0.5795
4280	0.2264	0.05742	0.0929	0.1865	0.2215	0.2618	0.4879
4300	0.5414	0.07223	0.2948	0.4962	0.5484	0.591	0.7385
4320	0.3777	0.07245	0.1895	0.3269	0.3737	0.4231	0.6179
4340	0.2382	0.06968	0.07861	0.1868	0.2313	0.2811	0.5186
4360	0.3468	0.07446	0.1507	0.2956	0.3481	0.3999	0.5805
4380	0.3534	0.05816	0.1638	0.3113	0.3536	0.3949	0.5157
4400	0.8045	0.06658	0.4327	0.7745	0.8155	0.8503	0.9174
4420	0.6515	0.05319	0.4245	0.6214	0.6597	0.6871	0.7751
4440	0.7328	0.03897	0.6132	0.7081	0.736	0.7605	0.8332
4460	0.1377	0.04393	0.03974	0.1055	0.1337	0.1634	0.2947
4480	0.2597	0.1005	0.06895	0.1879	0.2498	0.32	0.7181
4500	0.4822	0.08781	0.2153	0.419	0.4875	0.5448	0.702
4520	0.6799	0.06896	0.3956	0.6402	0.6885	0.7279	0.8591
4540	0.5537	0.05772	0.3369	0.5194	0.559	0.595	0.7015
4560	0.3611	0.1012	0.114	0.2817	0.3568	0.4342	0.6644
4580	0.6006	0.06628	0.3921	0.5576	0.6018	0.6504	0.8119
4600	0.3846	0.06439	0.2209	0.3394	0.3829	0.4283	0.5733
4620	0.6354	0.05669	0.3804	0.6005	0.6381	0.6746	0.7842
4640	0.736	0.05663	0.4474	0.7038	0.7427	0.7771	0.8555
4660	0.6588	0.06555	0.3042	0.6297	0.6685	0.7022	0.8173
4680	0.1171	0.04505	0.03297	0.08527	0.1126	0.143	0.3196
4700	0.5576	0.1097	0.126	0.4826	0.563	0.6426	0.8055
4720	0.0906	0.02731	0.02979	0.07077	0.0871	0.1069	0.2052
4740	0.6706	0.07505	0.2254	0.6318	0.6833	0.7241	0.8409
4760	0.6647	0.07165	0.3909	0.6315	0.6766	0.7132	0.818
4780	0.4622	0.09819	0.2279	0.3924	0.456	0.5287	0.7662
4800	0.1686	0.03463	0.06666	0.145	0.1665	0.1907	0.2704
4820	0.5932	0.05826	0.4036	0.5534	0.5957	0.6339	0.7456
4840	0.1683	0.04383	0.02771	0.1376	0.165	0.1965	0.3101
4860	0.7977	0.04486	0.5972	0.7708	0.8026	0.83	0.8877
4880	0.4396	0.06103	0.2517	0.3993	0.4389	0.4826	0.6287
4900	0.2738	0.07902	0.06538	0.2157	0.277	0.3269	0.4958
4920	0.2525	0.06893	0.07503	0.2053	0.2509	0.3018	0.4674
4940	0.6985	0.09509	0.3297	0.6552	0.7195	0.7672	0.8701
4960	0.7121	0.04028	0.5099	0.6918	0.7168	0.7394	0.8196
4980	0.4944	0.06757	0.2751	0.4517	0.499	0.5417	0.6779
5000	0.07026	0.02974	0.01412	0.04857	0.06461	0.08638	0.2213
5020	0.1635	0.04134	0.05988	0.1335	0.1603	0.19	0.3148
5040	0.6099	0.0418	0.4172	0.5861	0.6167	0.6384	0.7187
5060	0.733	0.07323	0.4377	0.6978	0.7461	0.7862	0.8702
5080	0.1491	0.0433	0.04029	0.1177	0.144	0.1756	0.3086
5100	0.7187	0.04142	0.5059	0.6932	0.7214	0.7488	0.8356
5120	0.2777	0.05124	0.1541	0.2409	0.2735	0.3109	0.4791
5140	0.2108	0.05814	0.07985	0.1683	0.2071	0.2439	0.4465
5160	0.5127	0.05131	0.3048	0.4814	0.5131	0.549	0.6639
5180	0.6658	0.07389	0.1633	0.6235	0.6745	0.7167	0.828
5200	0.5776	0.04214	0.4329	0.551	0.5807	0.6069	0.6928
5220	0.5503	0.1204	0.2092	0.4682	0.5672	0.6472	0.789
5240	0.4069	0.07965	0.1558	0.3522	0.4039	0.4623	0.6355
5260	0.09246	0.03967	0.02035	0.06429	0.08394	0.1117	0.3191
5280	0.1515	0.03241	0.06243	0.1293	0.1513	0.1728	0.2627
5300	0.3027	0.0925	0.0797	0.2371	0.2966	0.3674	0.5978
5320	0.22	0.05213	0.0862	0.183	0.2156	0.2532	0.4206
5340	0.2804	0.09249	0.08733	0.2104	0.2708	0.337	0.6504
5360	0.3306	0.05878	0.1512	0.2888	0.3311	0.3727	0.4917
5380	0.1003	0.04118	0.01925	0.06884	0.09393	0.1252	0.2897
5400	0.1894	0.06058	0.05364	0.1452	0.183	0.2244	0.4062
5420	0.4073	0.08422	0.1616	0.3487	0.4072	0.4653	0.615
5440	0.08044	0.02689	0.02409	0.06033	0.07696	0.09651	0.1924
5460	0.2954	0.07929	0.1025	0.2391	0.2963	0.3523	0.5161
5480	0.4947	0.09995	0.1724	0.4273	0.5011	0.5714	0.7423
5500	0.4409	0.06022	0.2762	0.4013	0.4407	0.4806	0.6333
5520	0.526	0.06661	0.27	0.4849	0.5287	0.5752	0.6768
5540	0.8003	0.04757	0.5282	0.7786	0.8091	0.8338	0.8957
5560	0.8029	0.04158	0.6088	0.7779	0.8077	0.8342	0.8848
5580	0.5672	0.06696	0.2961	0.5291	0.5707	0.6131	0.7487
5600	0.543	0.1009	0.1745	0.4793	0.55	0.6198	0.7811
5620	0.6955	0.03348	0.5534	0.6756	0.6987	0.7206	0.7756
5640	0.6231	0.04737	0.4392	0.5937	0.6258	0.6559	0.7544
5660	0.4693	0.07144	0.1701	0.4244	0.4738	0.5188	0.6441
5680	0.4601	0.07849	0.2118	0.4077	0.4654	0.5142	0.6676
5700	0.6618	0.052	0.4296	0.6283	0.6669	0.6987	0.8013
5720	0.2171	0.05707	0.07779	0.175	0.2122	0.2552	0.4076
5740	0.5666	0.04423	0.3499	0.5374	0.5648	0.596	0.697
5760	0.7775	0.06551	0.455	0.7437	0.7853	0.8228	0.9114
5780	0.01093	0.005618	0.002508	0.007158	0.009579	0.01328	0.04046
5800	0.2348	0.1144	0.02818	0.1484	0.2131	0.3073	0.6232
5820	0.735	0.05374	0.4879	0.7057	0.7413	0.7728	0.8537
5840	0.7837	0.03906	0.6273	0.7599	0.7877	0.8104	0.8829
5860	0.2042	0.05498	0.07422	0.1663	0.2008	0.237	0.4179
5880	0.09707	0.02604	0.04016	0.07877	0.09434	0.1117	0.2411
5900	0.8905	0.02537	0.7798	0.8763	0.8933	0.9086	0.947
5920	0.09436	0.03094	0.02767	0.07205	0.09052	0.1111	0.2222
5940	0.6083	0.1075	0.1978	0.5604	0.6352	0.6829	0.8052
5960	0.3955	0.102	0.1234	0.325	0.3951	0.4668	0.6923
5980	0.1001	0.03743	0.02994	0.07293	0.09435	0.1203	0.335
6000	0.691	0.07149	0.438	0.6485	0.7002	0.7431	0.8483
6020	0.593	0.1207	0.1651	0.5134	0.6072	0.6882	0.8022
6040	0.3026	0.07617	0.08398	0.2516	0.2995	0.3534	0.5685
6060	0.8783	0.03223	0.7311	0.8606	0.8824	0.9008	0.9496
6080	0.2119	0.08445	0.04381	0.1503	0.2048	0.2624	0.5437
6100	0.3471	0.09134	0.1254	0.2798	0.3386	0.4111	0.6217
6120	0.3092	0.04412	0.1686	0.2791	0.3072	0.3368	0.4908
6140	0.2205	0.06486	0.06389	0.1737	0.2137	0.2609	0.5256
6160	0.5246	0.1072	0.1971	0.4466	0.526	0.6069	0.8052
6180	0.3998	0.05247	0.23	0.3655	0.4013	0.4327	0.5436
6200	0.6359	0.07434	0.2842	0.5956	0.6505	0.6892	0.7789
6220	0.7111	0.05218	0.4413	0.6826	0.7179	0.7493	0.8321
6240	0.6175	0.09877	0.3049	0.5525	0.6318	0.6945	0.8155
6260	0.7074	0.05056	0.4854	0.6775	0.7133	0.7422	0.8212
6280	0.5458	0.1254	0.196	0.4577	0.559	0.6397	0.8336
6300	0.5693	0.08552	0.2215	0.5107	0.5776	0.6332	0.7692
6320	0.2567	0.06672	0.09481	0.208	0.2603	0.3012	0.5103
6340	0.4474	0.05198	0.2746	0.4115	0.4469	0.484	0.6195
6360	0.8269	0.04253	0.5958	0.8031	0.8321	0.8563	0.9221
6380	0.6704	0.07833	0.3186	0.6253	0.685	0.7274	0.8308
6400	0.2313	0.06386	0.08968	0.1845	0.2225	0.2704	0.4857
6420	0.6492	0.05234	0.3712	0.6193	0.6547	0.6866	0.7735
6440	0.6029	0.08164	0.2862	0.5472	0.6103	0.6617	0.8134
6460	0.4974	0.07594	0.1941	0.4502	0.5057	0.5527	0.6956
6480	0.347	0.07023	0.09943	0.3004	0.3496	0.3977	0.5413
6500	0.7233	0.04871	0.4911	0.6951	0.7285	0.7572	0.8425
6520	0.392	0.114	0.08609	0.3056	0.3977	0.488	0.635
6540	0.3917	0.07229	0.1886	0.3426	0.3847	0.4368	0.6513
6560	0.5413	0.07477	0.1948	0.5033	0.553	0.592	0.7085
6580	0.4945	0.08135	0.2058	0.4412	0.4979	0.5547	0.6937
6600	0.1057	0.03609	0.0342	0.07914	0.1002	0.1268	0.2878
6620	0.4249	0.06051	0.1647	0.3937	0.4373	0.4668	0.5776
6640	0.5778	0.05372	0.4065	0.5395	0.5814	0.6147	0.7164
6660	0.2219	0.06994	0.06453	0.1731	0.2147	0.2693	0.4681
6680	0.5493	0.05282	0.3876	0.5166	0.5517	0.588	0.7139
6700	0.4015	0.1117	0.1015	0.3235	0.3982	0.4766	0.7373
6720	0.6563	0.04627	0.521	0.6255	0.6577	0.6882	0.7883
6740	0.7018	0.0565	0.495	0.668	0.7088	0.7423	0.8351
6760	0.5992	0.05252	0.4356	0.5622	0.6019	0.6358	0.7455
6780	0.1268	0.07768	0.0146	0.06884	0.1094	0.1652	0.4839
6800	0.3553	0.1422	0.05836	0.2467	0.3367	0.4508	0.7352
6820	0.242	0.05183	0.081	0.2059	0.2393	0.2759	0.4635
6840	0.05942	0.03336	0.007716	0.03463	0.05149	0.07792	0.2362
6860	0.2861	0.07249	0.1133	0.2304	0.2783	0.3333	0.537
6880	0.4404	0.05316	0.2549	0.4065	0.4428	0.4761	0.5952
6900	0.573	0.0472	0.3657	0.5455	0.5758	0.6069	0.6934
6920	0.6094	0.05254	0.3823	0.5783	0.6156	0.6485	0.7193
6940	0.08383	0.02985	0.02654	0.06162	0.0791	0.1012	0.2162
6960	0.2153	0.0508	0.07933	0.1808	0.2111	0.2479	0.4023
6980	0.3764	0.05217	0.2156	0.3413	0.3764	0.4102	0.5568
7000	0.803	0.05031	0.5781	0.7738	0.8069	0.8395	0.921
7020	0.1606	0.05301	0.03767	0.122	0.1556	0.1959	0.3743
7040	0.6036	0.06777	0.3652	0.5638	0.6139	0.6526	0.7528
7060	0.1824	0.04826	0.07836	0.1469	0.1778	0.2156	0.4329
7080	0.8658	0.03508	0.6916	0.8477	0.8723	0.8893	0.934
7100	0.4295	0.04311	0.2518	0.403	0.4316	0.4585	0.5724
7120	0.3016	0.0689	0.1098	0.2526	0.2985	0.349	0.4875
7140	0.7114	0.07556	0.312	0.677	0.726	0.7665	0.8392
7160	0.608	0.05175	0.3284	0.576	0.6134	0.6444	0.7476
7180	0.3992	0.1433	0.04747	0.2898	0.3965	0.5069	0.7572
7200	0.8117	0.04461	0.5163	0.7917	0.821	0.8416	0.8978
7220	0.3129	0.05771	0.1369	0.2725	0.3139	0.3509	0.5548
7240	0.7758	0.06339	0.4647	0.7395	0.7847	0.824	0.8898
7260	0.2625	0.06105	0.07743	0.2221	0.2607	0.3007	0.4565
7280	0.4069	0.1204	0.1143	0.312	0.3968	0.491	0.7515
7300	0.635	0.05271	0.4313	0.6027	0.6383	0.6716	0.7816
7320	0.552	0.08932	0.2419	0.4967	0.5585	0.6176	0.7837
7340	0.7355	0.08922	0.3634	0.6825	0.7498	0.8024	0.8998
7360	0.6829	0.0463	0.4822	0.655	0.6868	0.7152	0.791
7380	0.3911	0.08132	0.163	0.3394	0.3928	0.4419	0.6672
7400	0.7118	0.05763	0.4508	0.6802	0.7196	0.7516	0.8379
7420	0.3366	0.06414	0.1491	0.2906	0.3367	0.3837	0.5273
7440	0.8119	0.03987	0.6828	0.7873	0.8171	0.8405	0.9019
7460	0.4184	0.05107	0.2609	0.3825	0.4181	0.4517	0.5635
7480	0.4907	0.0768	0.1912	0.4441	0.5008	0.5464	0.6653
7500	0.3296	0.05276	0.1723	0.2918	0.3291	0.3692	0.4797
7520	0.7612	0.05058	0.4137	0.729	0.7645	0.7968	0.8828
7540	0.3721	0.04492	0.21	0.3443	0.3712	0.4016	0.5482
7560	0.3939	0.09559	0.1485	0.3236	0.3874	0.4534	0.7392
7580	0.1781	0.05606	0.04243	0.1369	0.1732	0.2115	0.4068
7600	0.7245	0.04617	0.5499	0.6966	0.729	0.7561	0.8433
7620	0.5715	0.1178	0.2003	0.4903	0.5848	0.6653	0.7983
7640	0.3911	0.07089	0.2183	0.3415	0.3871	0.4373	0.6569
7660	0.5283	0.07541	0.2187	0.4896	0.5368	0.5818	0.6906
7680	0.5217	0.08219	0.2228	0.4643	0.5279	0.5835	0.7161
7700	0.3334	0.1444	0.03109	0.2235	0.3135	0.4238	0.7662
7720	0.6222	0.06988	0.3334	0.5772	0.6325	0.6745	0.7768
7740	0.8439	0.03002	0.7279	0.8257	0.846	0.866	0.9269
7760	0.5115	0.06648	0.2885	0.47	0.516	0.5585	0.6668
7780	0.2997	0.05639	0.1567	0.2608	0.2971	0.3354	0.5083
7800	0.6157	0.07433	0.3511	0.5704	0.6227	0.6711	0.7834
7820	0.2274	0.07345	0.09119	0.1755	0.2159	0.2637	0.539
7840	0.1318	0.0354	0.05007	0.1074	0.1306	0.1543	0.2707
7860	0.4929	0.1062	0.1669	0.4137	0.4973	0.5726	0.7215
7880	0.1336	0.02786	0.05528	0.1147	0.1319	0.1514	0.2576
7900	0.6279	0.04748	0.474	0.5984	0.6292	0.6629	0.7696
7920	0.5483	0.09617	0.2086	0.4855	0.5568	0.6152	0.7895
7940	0.6386	0.07028	0.3618	0.6002	0.6504	0.6895	0.7944
7960	0.4535	0.06744	0.2199	0.4133	0.4587	0.4991	0.6478
7980	0.7331	0.03977	0.5622	0.7109	0.7371	0.76	0.8327
8000	0.2304	0.06292	0.08398	0.1845	0.2263	0.2695	0.4469
8020	0.8429	0.05461	0.4841	0.8242	0.8566	0.8802	0.924
8040	0.6768	0.06221	0.3563	0.6434	0.6872	0.719	0.8028
8060	0.3275	0.1346	0.0578	0.2228	0.3131	0.424	0.7082
8080	0.877	0.02971	0.7503	0.8593	0.8811	0.8983	0.9489
8100	0.6075	0.04937	0.3918	0.5781	0.6123	0.6412	0.7176
8120	0.2019	0.04357	0.09349	0.1696	0.1982	0.2282	0.3598
8140	0.7106	0.05827	0.4979	0.6772	0.7185	0.7502	0.8564
8160	0.3706	0.08527	0.1263	0.311	0.3685	0.4306	0.6127
8180	0.6224	0.05028	0.3933	0.5916	0.6275	0.6605	0.7488
8200	0.6269	0.07399	0.1598	0.5915	0.6419	0.6783	0.785
8220	0.6826	0.07452	0.3964	0.6443	0.6971	0.735	0.8459
8240	0.009518	0.005111	0.002032	0.006105	0.008127	0.01176	0.04145
8260	0.1693	0.06975	0.03139	0.1167	0.1595	0.2119	0.4673
8280	0.6574	0.04206	0.4586	0.6333	0.6635	0.6856	0.7491
8300	0.8419	0.03794	0.6441	0.8225	0.8473	0.8685	0.93
8320	0.7101	0.04023	0.506	0.6889	0.7159	0.7382	0.7958
8340	0.757	0.03608	0.5777	0.736	0.7596	0.7825	0.8397
8360	0.558	0.1084	0.1666	0.4808	0.5751	0.6395	0.7747
8380	0.1916	0.03916	0.07144	0.1657	0.1912	0.2172	0.3313
8400	0.4699	0.06062	0.2723	0.4326	0.4771	0.5126	0.6333
8420	0.6378	0.09718	0.2778	0.5768	0.6517	0.712	0.8323
8440	0.67	0.05839	0.4609	0.6337	0.6767	0.7117	0.8122
8460	0.3431	0.1106	0.1128	0.2563	0.3322	0.4087	0.7197
8480	0.7033	0.04923	0.5282	0.6731	0.7078	0.7405	0.836
8500	0.5916	0.03125	0.4817	0.5706	0.5916	0.612	0.6882
8520	0.5655	0.09302	0.2121	0.5125	0.5776	0.6379	0.7604
8540	0.7431	0.06309	0.346	0.7194	0.755	0.7845	0.8543
8560	0.2314	0.05085	0.09288	0.1968	0.2283	0.2641	0.4088
8580	0.6025	0.0565	0.3962	0.5653	0.6028	0.6389	0.7799
8600	0.6274	0.04786	0.3171	0.6042	0.6341	0.66	0.7333
8620	0.6792	0.06254	0.4241	0.6452	0.6875	0.7225	0.8113
8640	0.234	0.0788	0.04899	0.1784	0.2307	0.2913	0.4548
8660	0.5015	0.06438	0.3058	0.4575	0.4965	0.545	0.7592
8680	0.6464	0.06929	0.3915	0.6038	0.6557	0.6956	0.8173
8700	0.6472	0.07701	0.2917	0.6108	0.6614	0.7003	0.7902
8720	0.1264	0.04342	0.04696	0.09425	0.1193	0.152	0.3088
8740	0.7428	0.0472	0.4143	0.7176	0.7485	0.7752	0.8474
8760	0.293	0.06784	0.1206	0.2458	0.2909	0.334	0.4978
8780	0.7821	0.05759	0.4197	0.7509	0.7887	0.8223	0.9041
8800	0.05075	0.01276	0.02423	0.04234	0.04887	0.05709	0.1472
8820	0.2991	0.06724	0.1267	0.2523	0.2946	0.3433	0.5192
8840	0.4466	0.04664	0.2373	0.42	0.4492	0.4771	0.5771
8860	0.5415	0.07438	0.3213	0.4935	0.5441	0.5938	0.7708
8880	0.0702	0.03703	0.0116	0.04285	0.06251	0.08854	0.2531
8900	0.4632	0.1267	0.1175	0.3705	0.4647	0.5653	0.7409
8920	0.625	0.1643	0.09785	0.5278	0.6678	0.7547	0.8759
8940	0.4422	0.05836	0.2534	0.4074	0.4467	0.4832	0.5926
8960	0.7202	0.03491	0.5797	0.7001	0.724	0.7441	0.7956
8980	0.1964	0.04327	0.07554	0.1662	0.1939	0.2248	0.3343
9000	0.2705	0.06478	0.07429	0.2218	0.2724	0.3173	0.4771
9020	0.1808	0.06029	0.04682	0.1365	0.1725	0.2223	0.3825
9040	0.7423	0.05224	0.4644	0.7126	0.7468	0.778	0.8725
9060	0.328	0.04865	0.1854	0.2939	0.3266	0.361	0.4931
9080	0.5825	0.06968	0.3626	0.5402	0.5872	0.6328	0.7611
9100	0.4991	0.1031	0.1976	0.4328	0.5111	0.5753	0.78
9120	0.6311	0.04598	0.4204	0.6019	0.6339	0.6615	0.7528
9140	0.5716	0.1018	0.2506	0.502	0.5752	0.6503	0.8139
9160	0.8	0.04452	0.5875	0.7734	0.8076	0.8316	0.8913
9180	0.5739	0.06351	0.3412	0.5314	0.5759	0.6167	0.7337
9200	0.3576	0.08139	0.1428	0.3	0.3557	0.4135	0.6976
9220	0.2262	0.04139	0.0882	0.1983	0.2246	0.2541	0.3559
9240	0.5253	0.09654	0.1976	0.4617	0.5338	0.5948	0.7757
9260	0.6105	0.08093	0.3117	0.5598	0.6158	0.6689	0.7926
9280	0.3265	0.05989	0.1595	0.2854	0.3248	0.3672	0.4944
9300	0.6641	0.05638	0.4159	0.6305	0.6727	0.7048	0.7847
9320	0.3084	0.05654	0.1298	0.2715	0.3102	0.3448	0.4803
9340	0.03668	0.01885	0.00753	0.02335	0.03324	0.045	0.1313
9360	0.415	0.1015	0.155	0.3437	0.4104	0.4784	0.7348
9380	0.629	0.05277	0.3934	0.5987	0.6312	0.6665	0.7631
9400	0.2834	0.1012	0.05381	0.2095	0.2732	0.3445	0.6544
9420	0.5161	0.0862	0.1592	0.4736	0.5293	0.5757	0.7082
9440	0.1801	0.04118	0.07923	0.1523	0.177	0.205	0.3497
9460	0.7529	0.06559	0.4469	0.715	0.7635	0.8003	0.8846
9480	0.6646	0.07471	0.3459	0.6222	0.6793	0.7159	0.8086
9500	0.4483	0.07956	0.2007	0.3909	0.4496	0.5078	0.6843
9520	0.1605	0.04778	0.0369	0.126	0.1572	0.1909	0.3194
9540	0.4903	0.07858	0.2538	0.438	0.4918	0.5433	0.71
9560	0.4398	0.07992	0.1579	0.3862	0.4459	0.4974	0.6435
9580	0.08775	0.04287	0.01809	0.0575	0.07746	0.1054	0.2928
9600	0.1807	0.04942	0.06383	0.1455	0.1744	0.2084	0.3668
9620	0.3801	0.1119	0.1067	0.3013	0.375	0.4588	0.6876
9640	0.3481	0.07688	0.1431	0.2942	0.3458	0.4049	0.592
9660	0.3856	0.06873	0.1219	0.3411	0.3892	0.4332	0.5992
9680	0.2644	0.05135	0.1049	0.2264	0.2627	0.2993	0.4454
9700	0.5963	0.05564	0.364	0.5611	0.6004	0.6353	0.7357
9720	0.5618	0.1093	0.2489	0.4852	0.5719	0.6405	0.8336
9740	0.679	0.1165	0.08697	0.6295	0.7051	0.7587	0.8775
9760	0.5763	0.0986	0.2369	0.5105	0.5855	0.652	0.7897
9780	0.6255	0.1253	0.07864	0.5657	0.6575	0.7191	0.8211
9800	0.09238	0.03043	0.02828	0.07077	0.08804	0.1107	0.2229
9820	0.3571	0.08944	0.1138	0.2897	0.3556	0.421	0.6521
9840	0.3088	0.06478	0.111	0.2628	0.3146	0.3547	0.4812
9860	0.804	0.0516	0.5446	0.7734	0.8121	0.842	0.9061
9880	0.429	0.1039	0.06136	0.3558	0.4437	0.5104	0.6532
9900	0.315	0.0588	0.1003	0.2771	0.3152	0.3554	0.4934
9920	0.2301	0.07555	0.04297	0.1767	0.2233	0.2812	0.5265
9940	0.4097	0.0543	0.1941	0.3757	0.4095	0.4454	0.5799
9960	0.08807	0.03411	0.02652	0.0643	0.08043	0.1063	0.2435
9980	0.0688	0.022	0.02586	0.05322	0.06572	0.08104	0.2066
