idx	predict	radius	unperturbed predict	time
0	0	0.562	0	0:01:18.157791
20	1	0.362	1	0:01:18.040758
40	1	0.591	1	0:01:20.099955
60	1	0.0731	1	0:01:14.966518
80	0	0.359	0	0:01:16.959832
100	0	0.947	0	0:01:14.119299
120	1	0.107	1	0:01:19.795732
140	0	0.93	0	0:01:20.020229
160	1	0.389	1	0:01:22.672554
180	1	0.947	1	0:01:16.923539
200	0	0.947	0	0:01:20.749265
220	1	0.155	1	0:01:20.359275
240	1	0.947	1	0:01:21.786740
260	0	0.134	0	0:01:18.497854
280	1	0.837	1	0:01:18.737771
300	1	0.392	1	0:01:21.892223
320	0	0.947	0	0:01:25.747546
340	0	0.859	0	0:01:31.800941
360	0	0.364	0	0:01:12.100645
380	0	0.745	0	0:01:13.034782
400	0	0.0906	0	0:01:16.472603
420	0	0.753	0	0:01:22.732952
440	1	0.383	1	0:01:19.430918
460	1	0.231	1	0:01:15.955859
480	1	0.142	1	0:01:14.051939
500	0	0.502	0	0:01:19.198120
520	1	0.121	1	0:01:17.586222
540	1	0.909	1	0:01:23.529999
560	1	0.883	1	0:01:19.407274
580	0	0.706	0	0:01:25.088565
600	1	0.557	1	0:01:33.249259
620	-1	0.0	1	0:01:54.110477
640	0	0.423	0	0:01:18.207218
660	0	0.0528	0	0:01:14.176297
680	0	0.213	0	0:01:22.449521
700	1	0.451	1	0:01:13.049182
720	0	0.0873	0	0:01:41.876096
740	0	0.268	0	0:01:53.393924
760	0	0.515	0	0:01:32.975142
780	1	0.423	1	0:01:18.082220
800	1	0.57	1	0:01:13.707348
820	0	0.772	0	0:01:13.573328
840	1	0.947	1	0:01:16.050527
860	0	0.384	0	0:01:20.117237
880	1	0.93	1	0:01:26.021273
900	0	0.706	0	0:01:27.915859
920	0	0.557	0	0:01:22.513099
940	1	0.947	1	0:01:26.186794
960	1	0.432	1	0:01:30.121119
980	0	0.396	0	0:01:28.161285
1000	0	0.751	0	0:01:26.674319
1020	1	0.947	1	0:01:24.068116
1040	0	0.217	0	0:01:26.714156
1060	1	0.692	1	0:01:20.184156
1080	1	0.0997	1	0:01:24.408122
1100	1	0.93	1	0:01:24.605130
1120	0	0.947	0	0:01:21.915848
1140	0	0.509	0	0:01:32.609352
1160	1	0.723	1	0:01:23.914996
1180	0	0.835	0	0:01:23.465991
1200	1	0.947	1	0:01:31.010944
1220	0	0.93	0	0:01:19.294460
1240	1	0.133	1	0:01:24.346356
1260	1	0.844	1	0:01:33.470227
1280	1	0.112	1	0:01:25.845337
1300	0	0.553	0	0:01:38.116010
1320	1	0.202	1	0:01:18.968707
1340	1	0.918	1	0:01:28.827325
1360	0	0.335	0	0:01:35.329475
1380	0	0.947	0	0:01:13.713557
1400	0	0.947	0	0:01:17.013936
1420	1	0.169	1	0:01:28.546161
1440	1	0.434	1	0:01:19.110595
1460	0	0.0689	0	0:01:26.153055
1480	1	0.623	1	0:01:29.492270
1500	1	0.909	1	0:01:25.742842
1520	0	0.93	0	0:01:24.754518
1540	1	0.202	1	0:01:21.239288
1560	1	0.947	1	0:01:25.539756
1580	0	0.0744	0	0:01:43.911686
1600	0	0.651	0	0:01:28.651518
1620	0	0.268	0	0:01:38.903379
1640	1	0.947	1	0:01:44.361040
1660	0	0.144	0	0:01:43.282519
1680	0	0.25	0	0:01:43.217365
1700	0	0.894	0	0:01:43.632337
1720	0	0.571	0	0:01:44.366594
1740	1	0.947	1	0:01:43.774439
1760	1	0.0374	1	0:01:43.870970
1780	0	0.427	0	0:01:43.631242
1800	0	0.597	0	0:01:43.908020
1820	1	0.7	1	0:01:26.314315
1840	0	0.697	0	0:01:26.502851
1860	1	0.615	1	0:01:26.938237
1880	1	0.918	1	0:01:23.732666
1900	1	0.947	1	0:01:34.296651
1920	0	0.066	0	0:01:24.023622
1940	1	0.151	1	0:01:13.939453
1960	0	0.511	0	0:01:22.082325
1980	1	0.947	1	0:01:26.590752
2000	1	0.41	1	0:01:22.499207
2020	1	0.947	1	0:01:24.170134
2040	1	0.947	1	0:01:26.051083
2060	0	0.901	0	0:01:14.270457
2080	1	0.126	1	0:01:22.051341
2100	0	0.549	0	0:01:15.455509
2120	0	0.0675	0	0:01:15.676985
2140	1	0.85	1	0:01:29.261019
2160	1	0.918	1	0:01:19.599131
2180	0	0.73	0	0:01:16.143646
2200	1	0.0585	1	0:01:23.275928
2220	1	0.947	1	0:01:24.081115
2240	0	0.157	0	0:01:22.557018
2260	0	0.0825	0	0:01:29.653412
2280	0	0.93	0	0:01:44.633657
2300	0	0.479	0	0:01:44.517030
2320	0	0.17	0	0:01:44.114007
2340	1	0.632	1	0:01:44.648654
2360	1	0.712	1	0:01:44.731772
2380	1	0.133	1	0:01:44.861037
2400	1	0.947	1	0:01:47.751332
2420	0	0.417	0	0:01:36.548610
2440	1	0.724	1	0:01:37.537214
2460	0	0.742	0	0:01:43.628729
2480	1	0.241	1	0:01:37.223007
2500	0	0.246	0	0:01:15.020659
2520	1	0.711	1	0:01:26.173518
2540	0	0.0846	0	0:01:22.828167
2560	0	0.947	0	0:01:32.244200
2580	0	0.27	0	0:01:21.704219
2600	1	0.918	1	0:01:23.551055
2620	1	0.42	1	0:01:18.671209
2640	1	0.239	1	0:01:19.304361
2660	0	0.947	0	0:01:25.847100
2680	1	0.644	1	0:01:19.498564
2700	1	0.909	1	0:01:21.048630
2720	0	0.498	0	0:01:20.727135
2740	1	0.385	1	0:01:17.025205
2760	0	0.947	0	0:01:18.729953
2780	1	0.947	1	0:01:24.011109
2800	0	0.874	0	0:01:20.509133
2820	1	0.432	1	0:01:15.905720
2840	1	0.947	1	0:01:14.288387
2860	0	0.888	0	0:01:22.431736
2880	1	0.0523	1	0:01:16.633206
2900	0	0.832	0	0:01:28.801184
2920	0	0.805	0	0:01:18.579802
2940	1	0.701	1	0:01:19.348832
2960	0	0.311	0	0:01:15.447179
2980	1	0.947	1	0:01:22.625797
3000	0	0.157	0	0:01:31.422113
3020	1	0.706	1	0:01:19.102578
3040	1	0.947	1	0:01:19.778175
3060	1	0.068	1	0:01:22.773477
3080	1	0.122	1	0:01:19.716665
3100	0	0.883	0	0:01:20.766305
3120	0	0.918	0	0:01:17.173484
3140	1	0.651	1	0:01:12.854645
3160	0	0.66	0	0:01:27.442948
3180	0	0.546	0	0:01:14.157423
3200	1	0.444	1	0:01:23.537390
3220	0	0.499	0	0:01:14.000439
3240	0	0.038	0	0:01:15.259602
3260	1	0.583	1	0:01:14.486694
3280	0	0.947	0	0:01:30.080003
3300	0	0.538	0	0:01:25.254388
3320	1	0.41	1	0:01:28.699942
3340	0	0.839	0	0:01:37.334825
3360	0	0.828	0	0:01:21.899399
3380	-1	0.0	1	0:01:17.542875
3400	0	0.267	0	0:01:14.509276
3420	0	0.581	0	0:01:13.276488
3440	0	0.507	0	0:01:24.244681
3460	1	0.947	1	0:01:15.877276
3480	1	0.335	1	0:01:21.625424
3500	1	0.0128	1	0:01:15.791163
3520	1	0.947	1	0:01:21.427056
3540	1	0.2	1	0:01:14.423700
3560	1	0.805	1	0:01:18.299429
3580	0	0.355	0	0:01:16.938890
3600	0	0.842	0	0:01:23.899166
3620	0	0.374	0	0:01:16.466822
3640	0	0.947	0	0:01:20.324264
3660	1	0.201	1	0:01:25.712231
3680	0	0.859	0	0:01:18.563286
3700	0	0.947	0	0:01:22.383167
3720	0	0.182	0	0:01:14.237925
3740	1	0.883	1	0:01:22.997524
3760	1	0.947	1	0:01:26.568891
3780	0	0.947	0	0:01:19.628401
3800	0	0.0402	0	0:01:30.211158
3820	0	0.56	0	0:01:44.759331
3840	0	0.491	0	0:01:30.917966
3860	1	0.369	1	0:01:26.553705
3880	0	0.257	0	0:01:20.438779
3900	1	0.249	1	0:01:38.005055
3920	1	0.817	1	0:01:29.164080
3940	0	0.781	0	0:01:15.809041
3960	0	0.653	0	0:01:16.750875
3980	0	0.365	0	0:01:23.971406
4000	0	0.42	0	0:01:29.815974
4020	0	0.161	0	0:01:34.831957
4040	1	0.947	1	0:01:16.197888
4060	0	0.69	0	0:01:24.711617
4080	1	0.267	1	0:01:22.486681
4100	1	0.947	1	0:01:20.764993
4120	1	0.588	1	0:01:36.174765
4140	0	0.598	0	0:01:44.776765
4160	0	0.704	0	0:01:44.322787
4180	1	0.112	1	0:01:44.233306
4200	0	0.707	0	0:01:41.221461
4220	0	0.42	0	0:01:43.923493
4240	1	0.309	1	0:01:22.410568
4260	1	0.148	1	0:01:18.024435
4280	1	0.77	1	0:01:21.877752
4300	0	0.299	0	0:01:22.064489
4320	1	0.223	1	0:01:45.330732
4340	1	0.597	1	0:01:14.321073
4360	1	0.353	1	0:01:17.885092
4380	1	0.434	1	0:01:43.247000
4400	0	0.77	0	0:01:44.432032
4420	0	0.678	0	0:01:44.047190
4440	0	0.947	0	0:01:44.178591
4460	1	0.947	1	0:01:44.050130
4480	1	0.414	1	0:01:44.668058
4500	0	0.0958	0	0:01:44.223480
4520	0	0.642	0	0:01:43.931445
4540	0	0.39	0	0:01:43.933462
4560	1	0.203	1	0:01:44.096756
4580	0	0.563	0	0:01:44.461116
4600	1	0.254	1	0:01:44.046762
4620	0	0.677	0	0:01:44.486107
4640	0	0.769	0	0:01:43.905655
4660	0	0.545	0	0:01:24.276059
4680	1	0.947	1	0:01:17.612926
4700	0	0.233	0	0:01:29.519874
4720	1	0.947	1	0:01:36.170002
4740	0	0.536	0	0:01:40.024045
4760	0	0.532	0	0:01:19.023299
4780	-1	0.0	0	0:01:21.826927
4800	1	0.947	1	0:01:16.209010
4820	0	0.598	0	0:01:13.624119
4840	1	0.947	1	0:01:14.876029
4860	0	0.909	0	0:01:14.593618
4880	1	0.0518	1	0:01:13.472003
4900	1	0.556	1	0:01:14.480754
4920	1	0.717	1	0:01:31.701312
4940	0	0.494	0	0:01:31.214981
4960	0	0.764	0	0:01:13.568165
4980	0	0.16	0	0:01:13.378868
5000	1	0.947	1	0:01:12.968517
5020	1	0.947	1	0:01:16.317438
5040	0	0.675	0	0:01:32.173796
5060	0	0.642	0	0:01:31.985929
5080	1	0.947	1	0:01:13.799050
5100	0	0.918	0	0:01:13.986770
5120	1	0.697	1	0:01:13.604118
5140	1	0.789	1	0:01:30.732935
5160	0	0.302	0	0:01:16.095887
5180	0	0.562	0	0:01:14.614257
5200	0	0.635	0	0:01:12.899215
5220	0	0.177	0	0:01:13.573463
5240	1	0.12	1	0:01:31.408082
5260	1	0.947	1	0:01:15.136547
5280	1	0.947	1	0:01:12.668397
5300	1	0.345	1	0:01:13.226411
5320	1	0.901	1	0:01:19.856019
5340	1	0.419	1	0:01:52.718470
5360	1	0.514	1	0:01:51.890151
5380	1	0.947	1	0:01:13.379230
5400	1	0.856	1	0:01:12.991962
5420	1	0.112	1	0:01:22.825646
5440	1	0.947	1	0:01:14.605069
5460	1	0.509	1	0:01:13.430573
5480	0	0.116	0	0:01:14.111885
5500	1	0.0199	1	0:01:12.782241
5520	0	0.278	0	0:01:13.669084
5540	0	0.835	0	0:01:48.013240
5560	0	0.93	0	0:01:21.537514
5580	0	0.414	0	0:01:13.735884
5600	0	0.207	0	0:01:17.936117
5620	0	0.888	0	0:01:26.447160
5640	0	0.726	0	0:01:27.707871
5660	0	0.0771	0	0:01:19.154178
5680	0	0.0318	0	0:01:15.599367
5700	0	0.824	0	0:01:14.153256
5720	1	0.866	1	0:01:12.645550
5740	0	0.588	0	0:01:14.523507
5760	0	0.762	0	0:01:16.556917
5780	1	0.947	1	0:01:14.318789
5800	1	0.387	1	0:01:13.506644
5820	0	0.764	0	0:01:17.583510
5840	0	0.947	0	0:01:24.160799
5860	1	0.866	1	0:01:35.419617
5880	1	0.947	1	0:01:15.168456
5900	0	0.947	0	0:01:35.590297
5920	1	0.947	1	0:01:16.188874
5940	0	0.31	0	0:01:18.852474
5960	1	0.113	1	0:01:14.094616
5980	1	0.947	1	0:01:21.816585
6000	0	0.655	0	0:01:16.437535
6020	0	0.276	0	0:01:21.468736
6040	1	0.449	1	0:01:18.522027
6060	0	0.947	0	0:01:13.639561
6080	1	0.6	1	0:01:13.040782
6100	1	0.269	1	0:01:26.685150
6120	1	0.686	1	0:01:17.560531
6140	1	0.713	1	0:01:25.694313
6160	0	0.174	0	0:01:37.697067
6180	1	0.236	1	0:01:19.882699
6200	0	0.506	0	0:01:13.249015
6220	0	0.781	0	0:01:14.997963
6240	0	0.385	0	0:01:34.588189
6260	0	0.842	0	0:01:13.332146
6280	0	0.176	0	0:01:24.938234
6300	0	0.321	0	0:01:13.544503
6320	1	0.702	1	0:01:13.292795
6340	-1	0.0	1	0:01:24.067228
6360	0	0.918	0	0:01:13.088135
6380	0	0.548	0	0:01:12.528824
6400	1	0.662	1	0:01:14.192069
6420	0	0.721	0	0:01:13.019222
6440	0	0.407	0	0:01:24.468119
6460	0	0.141	0	0:01:13.414644
6480	1	0.359	1	0:01:13.699810
6500	0	0.847	0	0:01:12.969540
6520	1	0.0872	1	0:01:22.468366
6540	1	0.211	1	0:01:20.294987
6560	0	0.316	0	0:01:14.471793
6580	0	0.152	0	0:01:13.489824
6600	1	0.947	1	0:01:16.155536
6620	1	0.0868	1	0:01:13.266811
6640	0	0.558	0	0:01:13.384729
6660	1	0.709	1	0:01:14.205122
6680	0	0.439	0	0:01:12.875895
6700	1	0.121	1	0:01:50.186922
6720	0	0.909	0	0:01:22.059380
6740	0	0.804	0	0:01:13.745510
6760	0	0.692	0	0:01:13.696133
6780	1	0.677	1	0:01:30.583963
6800	1	0.17	1	0:01:12.852378
6820	1	0.859	1	0:01:17.834167
6840	1	0.947	1	0:01:41.872295
6860	1	0.525	1	0:01:12.707031
6880	1	0.0492	1	0:01:13.695470
6900	0	0.526	0	0:01:26.878556
6920	0	0.585	0	0:01:24.586488
6940	1	0.947	1	0:01:24.825769
6960	1	0.888	1	0:01:21.688693
6980	1	0.349	1	0:01:20.860918
7000	0	0.918	0	0:01:25.367306
7020	1	0.947	1	0:01:23.843838
7040	0	0.473	0	0:01:35.362595
7060	1	0.947	1	0:01:36.110055
7080	0	0.947	0	0:01:14.154177
7100	1	0.0987	1	0:01:26.106495
7120	1	0.547	1	0:01:38.609135
7140	0	0.602	0	0:01:28.589357
7160	0	0.623	0	0:01:23.285731
7180	1	0.0726	1	0:01:19.232534
7200	0	0.821	0	0:01:21.150767
7220	1	0.543	1	0:01:14.309674
7240	0	0.769	0	0:01:21.840830
7260	1	0.726	1	0:01:24.267298
7280	1	0.0911	1	0:01:28.521795
7300	0	0.684	0	0:01:26.624180
7320	0	0.278	0	0:01:16.137114
7340	0	0.604	0	0:01:15.816358
7360	0	0.918	0	0:01:14.378486
7380	1	0.176	1	0:01:31.519358
7400	0	0.689	0	0:01:44.969074
7420	1	0.447	1	0:01:45.030513
7440	0	0.947	0	0:01:44.882152
7460	1	0.153	1	0:01:44.330474
7480	0	0.14	0	0:01:35.105200
7500	1	0.578	1	0:01:25.863004
7520	0	0.93	0	0:01:21.839057
7540	1	0.42	1	0:01:45.361420
7560	1	0.159	1	0:01:12.709218
7580	1	0.901	1	0:01:13.363687
7600	0	0.894	0	0:01:20.344151
7620	0	0.231	0	0:01:14.063823
7640	1	0.203	1	0:01:13.242842
7660	0	0.249	0	0:01:16.933111
7680	0	0.206	0	0:01:16.726072
7700	1	0.188	1	0:01:15.588958
7720	0	0.532	0	0:01:16.380015
7740	0	0.947	0	0:01:14.318091
7760	0	0.222	0	0:01:40.734997
7780	1	0.621	1	0:01:19.864877
7800	0	0.485	0	0:01:13.608099
7820	1	0.536	1	0:01:37.400067
7840	1	0.947	1	0:01:16.048542
7860	0	0.112	0	0:01:13.745612
7880	1	0.947	1	0:01:13.766058
7900	0	0.798	0	0:01:14.437754
7920	0	0.223	0	0:01:24.616161
7940	0	0.526	0	0:01:27.863439
7960	0	0.0235	0	0:01:21.929122
7980	0	0.909	0	0:01:15.747739
8000	1	0.762	1	0:01:10.290514
8020	0	0.859	0	0:01:11.733127
8040	0	0.673	0	0:01:19.601599
8060	1	0.217	1	0:01:23.986618
8080	0	0.947	0	0:01:20.633711
8100	0	0.604	0	0:01:14.632612
8120	1	0.894	1	0:01:12.467918
8140	0	0.821	0	0:01:15.837673
8160	1	0.226	1	0:01:32.710763
8180	0	0.635	0	0:01:21.456558
8200	0	0.491	0	0:01:13.461849
8220	0	0.579	0	0:01:30.441267
8240	1	0.947	1	0:01:39.431830
8260	1	0.767	1	0:01:13.634505
8280	0	0.767	0	0:01:15.092062
8300	0	0.93	0	0:01:19.921886
8320	0	0.826	0	0:01:20.214514
8340	0	0.947	0	0:01:15.873287
8360	0	0.233	0	0:01:26.400213
8380	1	0.947	1	0:01:45.069459
8400	0	0.0978	0	0:01:44.936116
8420	0	0.398	0	0:01:44.525245
8440	0	0.7	0	0:01:38.344179
8460	1	0.227	1	0:01:44.058349
8480	0	0.909	0	0:01:44.349558
8500	0	0.947	0	0:01:45.005785
8520	0	0.294	0	0:01:44.787224
8540	0	0.619	0	0:01:44.496669
8560	1	0.901	1	0:01:44.938835
8580	0	0.637	0	0:01:44.927232
8600	0	0.612	0	0:01:44.541448
8620	0	0.672	0	0:01:36.270762
8640	1	0.658	1	0:01:25.394625
8660	0	0.198	0	0:01:28.071698
8680	0	0.574	0	0:01:24.586722
8700	0	0.491	0	0:01:26.838854
8720	1	0.947	1	0:01:15.504470
8740	0	0.83	0	0:01:22.718035
8760	1	0.567	1	0:01:21.893268
8780	0	0.776	0	0:01:22.472239
8800	1	0.947	1	0:01:27.893937
8820	1	0.505	1	0:01:25.369015
8840	1	0.00555	-1	0:01:28.722433
8860	0	0.281	0	0:01:38.026054
8880	1	0.947	1	0:01:30.666579
8900	-1	0.0	0	0:01:44.465398
8920	0	0.245	0	0:01:44.580412
8940	1	0.0138	1	0:01:44.277370
8960	0	0.909	0	0:01:44.813405
8980	1	0.947	1	0:01:44.614430
9000	1	0.66	1	0:01:44.009319
9020	1	0.87	1	0:01:42.947020
9040	0	0.901	0	0:01:44.496400
9060	1	0.628	1	0:01:43.697604
9080	0	0.422	0	0:01:44.611756
9100	0	0.111	0	0:01:43.991737
9120	0	0.762	0	0:01:44.391380
9140	0	0.269	0	0:01:44.932259
9160	0	0.93	0	0:01:45.405914
9180	0	0.457	0	0:01:15.784399
9200	1	0.286	1	0:01:15.320971
9220	1	0.947	1	0:01:15.164413
9240	0	0.174	0	0:01:17.518746
9260	0	0.45	0	0:01:19.671078
9280	1	0.511	1	0:01:16.297877
9300	0	0.697	0	0:01:26.315653
9320	1	0.611	1	0:01:22.369230
9340	1	0.947	1	0:01:53.665227
9360	1	0.0871	1	0:01:49.234527
9380	0	0.722	0	0:01:39.839997
9400	1	0.379	1	0:01:15.682731
9420	0	0.198	0	0:01:39.008625
9440	1	0.947	1	0:01:19.972173
9460	0	0.778	0	0:01:26.347996
9480	0	0.533	0	0:01:13.632814
9500	0	0.00808	0	0:01:12.319395
9520	1	0.947	1	0:01:12.946109
9540	0	0.124	0	0:01:15.718287
9560	1	0.0106	1	0:01:17.283418
9580	1	0.894	1	0:01:15.684417
9600	1	0.909	1	0:01:12.438876
9620	1	0.14	1	0:01:12.952789
9640	1	0.301	1	0:01:13.033425
9660	1	0.227	1	0:01:12.629843
9680	1	0.776	1	0:01:15.862637
9700	0	0.597	0	0:01:23.821079
9720	0	0.244	0	0:01:12.643773
9740	0	0.401	0	0:01:12.556612
9760	0	0.278	0	0:01:13.936115
9780	0	0.307	0	0:01:15.679756
9800	1	0.947	1	0:01:26.816990
9820	1	0.25	1	0:01:20.257645
9840	1	0.564	1	0:01:13.261826
9860	0	0.947	0	0:01:20.122227
9880	1	0.00933	1	0:01:21.184242
9900	1	0.574	1	0:01:13.990601
9920	1	0.632	1	0:01:12.762376
9940	1	0.202	1	0:01:15.200559
9960	1	0.947	1	0:01:30.135334
9980	1	0.947	1	0:01:18.456305
