idx	predict	radius	unperturbed predict	time
0	0	3.79	0	0:01:19.582062
20	0	3.79	0	0:01:15.077632
40	0	3.79	0	0:01:15.756405
60	0	3.79	0	0:01:24.404021
80	0	3.79	0	0:01:17.205040
100	0	3.79	0	0:01:17.142105
120	0	3.67	0	0:01:14.699796
140	0	3.79	0	0:01:14.103067
160	0	3.49	0	0:01:14.648087
180	0	3.79	0	0:01:18.020089
200	0	3.79	0	0:01:14.750750
220	0	1.23	0	0:01:15.151029
240	0	3.67	0	0:01:17.984252
260	0	3.79	0	0:01:14.055491
280	0	3.08	0	0:01:13.932003
300	0	3.79	0	0:01:14.485134
320	0	3.79	0	0:01:15.022718
340	0	3.79	0	0:01:14.874622
360	0	3.79	0	0:01:14.916572
380	0	3.79	0	0:01:14.857803
400	0	1.79	0	0:01:14.813170
420	0	3.79	0	0:01:14.787070
440	0	3.79	0	0:01:14.735220
460	0	3.79	0	0:01:14.895969
480	0	3.33	0	0:01:15.457774
500	0	3.79	0	0:01:18.474540
520	0	3.79	0	0:01:16.866065
540	0	3.79	0	0:01:18.895580
560	0	2.0	0	0:01:15.404636
580	0	3.79	0	0:01:15.016676
600	0	3.79	0	0:01:14.868817
620	0	3.79	0	0:01:15.144688
640	0	3.79	0	0:01:14.824094
660	0	3.13	0	0:01:14.971488
680	0	3.79	0	0:01:15.588649
700	0	3.79	0	0:01:14.923248
720	0	3.79	0	0:01:14.734464
740	0	3.79	0	0:01:14.881258
760	0	3.79	0	0:01:15.052978
780	0	3.79	0	0:01:14.844389
800	0	1.07	0	0:01:14.984583
820	0	3.79	0	0:01:14.825365
840	1	1.69	1	0:01:14.880330
860	0	3.79	0	0:01:14.976580
880	1	0.863	1	0:01:14.792189
900	0	3.79	0	0:01:14.920499
920	0	3.79	0	0:01:14.768579
940	0	3.79	0	0:01:14.909147
960	0	3.67	0	0:01:14.778485
980	0	3.79	0	0:01:15.090718
1000	0	2.73	0	0:01:15.146501
1020	0	3.79	0	0:01:14.874279
1040	0	3.79	0	0:01:14.913089
1060	0	3.53	0	0:01:14.974247
1080	0	3.79	0	0:01:14.768012
1100	0	2.7	0	0:01:14.947282
1120	0	3.79	0	0:01:14.768209
1140	0	3.79	0	0:01:15.031611
1160	0	3.79	0	0:01:15.153946
1180	0	3.79	0	0:01:14.924185
1200	0	2.49	0	0:01:14.756597
1220	0	3.79	0	0:01:14.918913
1240	0	3.79	0	0:01:14.701797
1260	0	3.79	0	0:01:14.834889
1280	0	3.18	0	0:01:14.734966
1300	0	3.79	0	0:01:14.748547
1320	0	3.79	0	0:01:14.668746
1340	0	1.69	0	0:01:14.680600
1360	0	3.79	0	0:01:14.813270
1380	0	3.79	0	0:01:14.748553
1400	0	3.79	0	0:01:14.811357
1420	0	3.79	0	0:01:14.680174
1440	0	3.79	0	0:01:14.986756
1460	0	3.79	0	0:01:14.645491
1480	0	3.79	0	0:01:14.734838
1500	0	3.63	0	0:01:14.935667
1520	0	3.79	0	0:01:14.630301
1540	0	3.79	0	0:01:14.743952
1560	1	1.18	1	0:01:14.889434
1580	0	3.79	0	0:01:14.765452
1600	0	3.79	0	0:01:14.767405
1620	0	3.79	0	0:01:14.814346
1640	0	3.79	0	0:01:14.687026
1660	0	3.79	0	0:01:14.850224
1680	0	3.79	0	0:01:14.759446
1700	0	3.79	0	0:01:14.659600
1720	0	3.79	0	0:01:14.783083
1740	0	3.79	0	0:01:14.725446
1760	0	3.79	0	0:01:14.819500
1780	0	3.79	0	0:01:14.676480
1800	0	3.79	0	0:01:14.656490
1820	0	3.79	0	0:01:14.789275
1840	0	3.79	0	0:01:14.749033
1860	0	2.01	0	0:01:14.799249
1880	0	3.79	0	0:01:14.640758
1900	1	0.454	1	0:01:14.773362
1920	0	3.79	0	0:01:14.840308
1940	0	3.79	0	0:01:14.734567
1960	0	3.79	0	0:01:14.967450
1980	0	3.6	0	0:01:14.787730
2000	0	3.79	0	0:01:14.774271
2020	0	1.83	0	0:01:14.648588
2040	0	3.72	0	0:01:15.305948
2060	0	3.79	0	0:01:14.922153
2080	0	3.79	0	0:01:14.891134
2100	0	3.79	0	0:01:14.903795
2120	0	3.63	0	0:01:15.879225
2140	0	3.35	0	0:01:14.834437
2160	0	3.33	0	0:01:15.104633
2180	0	3.79	0	0:01:14.723618
2200	0	1.48	0	0:01:15.182920
2220	0	3.79	0	0:01:15.109697
2240	0	3.58	0	0:01:15.201914
2260	0	3.79	0	0:01:15.349584
2280	0	3.79	0	0:01:15.294538
2300	0	3.79	0	0:01:15.050621
2320	0	3.79	0	0:01:15.268564
2340	0	3.15	0	0:01:15.161254
2360	0	3.6	0	0:01:15.139845
2380	0	3.17	0	0:01:15.115636
2400	0	0.184	0	0:01:15.147186
2420	0	3.79	0	0:01:15.203221
2440	0	3.79	0	0:01:15.223133
2460	0	3.79	0	0:01:15.391732
2480	0	3.67	0	0:01:19.763155
2500	0	3.79	0	0:01:15.210456
2520	0	3.79	0	0:01:15.240486
2540	0	3.79	0	0:01:15.099570
2560	0	3.79	0	0:01:15.912238
2580	0	3.79	0	0:01:15.164260
2600	0	2.75	0	0:01:15.183707
2620	0	3.79	0	0:01:14.996422
2640	0	3.79	0	0:01:15.918222
2660	0	3.79	0	0:01:16.281438
2680	0	0.25	0	0:01:16.980951
2700	0	3.79	0	0:01:17.554483
2720	0	3.79	0	0:01:17.654407
2740	0	3.79	0	0:01:16.060344
2760	0	3.79	0	0:01:15.537222
2780	0	1.25	0	0:01:15.942606
2800	0	3.79	0	0:01:15.611486
2820	0	3.79	0	0:01:15.698133
2840	0	3.58	0	0:01:15.336535
2860	0	3.79	0	0:01:15.039377
2880	0	3.79	0	0:01:15.110267
2900	0	3.79	0	0:01:15.199430
2920	0	3.79	0	0:01:15.135610
2940	0	3.79	0	0:01:15.126466
2960	0	3.6	0	0:01:15.189525
2980	0	3.79	0	0:01:15.296489
3000	0	1.67	0	0:01:15.196358
3020	0	3.79	0	0:01:15.167406
3040	1	0.605	1	0:01:15.184071
3060	0	2.32	0	0:01:16.348059
3080	0	3.79	0	0:01:15.209352
3100	0	2.6	0	0:01:15.324330
3120	0	3.79	0	0:01:15.027949
3140	0	2.15	0	0:01:16.061569
3160	0	3.79	0	0:01:16.888891
3180	0	3.79	0	0:01:15.259613
3200	0	3.79	0	0:01:15.199705
3220	0	3.79	0	0:01:16.012833
3240	0	3.79	0	0:01:15.659030
3260	0	3.1	0	0:01:16.616389
3280	0	3.79	0	0:01:16.485207
3300	0	3.79	0	0:01:16.914664
3320	0	3.79	0	0:01:17.446152
3340	0	3.79	0	0:01:17.601547
3360	0	3.79	0	0:01:15.964458
3380	0	3.79	0	0:01:16.773984
3400	0	3.79	0	0:01:16.646818
3420	0	3.79	0	0:01:16.309427
3440	0	3.79	0	0:01:16.568945
3460	0	3.79	0	0:01:16.672127
3480	0	3.79	0	0:01:16.210944
3500	0	3.79	0	0:01:19.144984
3520	1	1.1	1	0:01:15.137766
3540	0	3.79	0	0:01:15.143788
3560	0	3.79	0	0:01:15.125259
3580	0	3.79	0	0:01:15.870210
3600	0	3.79	0	0:01:15.245981
3620	0	3.79	0	0:01:15.178856
3640	0	3.79	0	0:01:15.059691
3660	0	3.79	0	0:01:15.214703
3680	0	3.79	0	0:01:15.286766
3700	0	3.79	0	0:01:14.966523
3720	0	3.79	0	0:01:15.097819
3740	0	1.99	0	0:01:15.216761
3760	0	2.82	0	0:01:15.216867
3780	0	3.79	0	0:01:15.179686
3800	0	3.79	0	0:01:15.154286
3820	0	3.79	0	0:01:15.204273
3840	0	3.79	0	0:01:15.079956
3860	0	0.491	0	0:01:15.059704
3880	0	3.79	0	0:01:15.151478
3900	0	3.42	0	0:01:15.089980
3920	0	3.79	0	0:01:15.198208
3940	0	3.79	0	0:01:15.118622
3960	0	3.79	0	0:01:15.141127
3980	0	3.72	0	0:01:15.162028
4000	0	3.79	0	0:01:15.116173
4020	0	3.79	0	0:01:15.398816
4040	0	2.22	0	0:01:15.199656
4060	0	3.79	0	0:01:15.026790
4080	0	3.79	0	0:01:15.050497
4100	1	0.259	1	0:01:15.118706
4120	0	1.34	0	0:01:15.137181
4140	0	3.79	0	0:01:15.060943
4160	0	3.79	0	0:01:15.109731
4180	0	3.79	0	0:01:15.159777
4200	0	3.79	0	0:01:15.109869
4220	0	0.0776	0	0:01:15.264732
4240	0	3.79	0	0:01:15.047683
4260	0	2.51	0	0:01:15.110985
4280	0	3.79	0	0:01:15.075120
4300	0	3.79	0	0:01:15.141528
4320	0	3.6	0	0:01:15.136595
4340	0	3.6	0	0:01:15.176936
4360	0	3.79	0	0:01:15.320738
4380	0	3.55	0	0:01:15.180630
4400	0	3.79	0	0:01:15.190632
4420	0	3.79	0	0:01:15.083852
4440	0	3.79	0	0:01:15.073476
4460	0	3.79	0	0:01:15.135268
4480	0	3.79	0	0:01:15.186642
4500	0	3.79	0	0:01:15.154562
4520	0	3.79	0	0:01:15.247599
4540	0	0.302	0	0:01:15.102042
4560	0	3.79	0	0:01:15.163206
4580	0	3.79	0	0:01:15.191155
4600	0	3.79	0	0:01:15.113944
4620	0	3.79	0	0:01:15.091288
4640	0	3.79	0	0:01:15.164107
4660	0	3.79	0	0:01:15.092814
4680	0	2.31	0	0:01:15.322050
4700	0	3.79	0	0:01:15.101468
4720	0	2.86	0	0:01:15.058636
4740	0	3.79	0	0:01:15.071350
4760	0	3.79	0	0:01:15.311467
4780	0	3.79	0	0:01:15.084934
4800	1	0.409	1	0:01:15.102949
4820	0	3.79	0	0:01:15.138130
4840	0	0.0684	0	0:01:15.117457
4860	0	3.79	0	0:01:15.150015
4880	0	3.79	0	0:01:15.069138
4900	0	3.23	0	0:01:15.186620
4920	0	3.79	0	0:01:15.135809
4940	0	3.79	0	0:01:15.105135
4960	0	3.79	0	0:01:15.148998
4980	0	3.67	0	0:01:15.218369
5000	0	1.76	0	0:01:15.263141
5020	0	3.72	0	0:01:15.125332
5040	0	3.79	0	0:01:15.083985
5060	0	3.79	0	0:01:15.099924
5080	0	3.43	0	0:01:15.196541
5100	0	3.79	0	0:01:15.163799
5120	0	3.31	0	0:01:15.194392
5140	0	2.93	0	0:01:15.073837
5160	0	3.67	0	0:01:15.202478
5180	0	3.79	0	0:01:15.021525
5200	0	3.79	0	0:01:15.218143
5220	0	2.74	0	0:01:15.119260
5240	0	3.79	0	0:01:15.154959
5260	0	1.05	0	0:01:15.375111
5280	0	1.82	0	0:01:15.027369
5300	0	3.79	0	0:01:15.187792
5320	0	0.887	0	0:01:15.275024
5340	0	3.79	0	0:01:14.999268
5360	0	2.64	0	0:01:15.146578
5380	0	3.23	0	0:01:15.084107
5400	0	3.79	0	0:01:15.208922
5420	0	3.51	0	0:01:15.194457
5440	0	0.831	0	0:01:15.185584
5460	0	3.79	0	0:01:15.137131
5480	0	3.79	0	0:01:15.100571
5500	0	3.79	0	0:01:15.098747
5520	0	3.79	0	0:01:15.098693
5540	0	3.79	0	0:01:14.895188
5560	0	3.79	0	0:01:15.061695
5580	0	3.79	0	0:01:15.123295
5600	0	3.79	0	0:01:15.181836
5620	0	3.79	0	0:01:15.268600
5640	0	3.79	0	0:01:15.123359
5660	0	3.79	0	0:01:15.202826
5680	0	3.79	0	0:01:15.157073
5700	0	3.79	0	0:01:15.140261
5720	0	2.59	0	0:01:15.175522
5740	0	3.79	0	0:01:15.221348
5760	0	3.79	0	0:01:15.229245
5780	0	3.72	0	0:01:15.106886
5800	0	3.79	0	0:01:15.114643
5820	0	3.79	0	0:01:15.296600
5840	0	3.79	0	0:01:15.031551
5860	0	3.79	0	0:01:15.195462
5880	0	3.79	0	0:01:15.100491
5900	0	3.79	0	0:01:15.165228
5920	1	1.33	1	0:01:15.174869
5940	0	3.79	0	0:01:15.154863
5960	0	3.79	0	0:01:15.038126
5980	0	1.85	0	0:01:15.193996
6000	0	3.79	0	0:01:14.975915
6020	0	3.79	0	0:01:15.085259
6040	0	3.79	0	0:01:15.132119
6060	0	3.79	0	0:01:15.223451
6080	0	3.79	0	0:01:15.155410
6100	0	3.79	0	0:01:15.103350
6120	0	2.94	0	0:01:15.047377
6140	0	3.55	0	0:01:15.135233
6160	0	3.79	0	0:01:15.065838
6180	0	3.72	0	0:01:15.102237
6200	0	3.67	0	0:01:15.212931
6220	0	3.79	0	0:01:15.113293
6240	0	3.79	0	0:01:15.080765
6260	0	3.79	0	0:01:15.128870
6280	0	3.79	0	0:01:15.167706
6300	0	3.79	0	0:01:15.112621
6320	0	2.05	0	0:01:15.199512
6340	0	3.79	0	0:01:15.418196
6360	0	3.79	0	0:01:15.339512
6380	0	3.79	0	0:01:15.403214
6400	0	3.79	0	0:01:15.508922
6420	0	3.79	0	0:01:15.469688
6440	0	3.79	0	0:01:15.228267
6460	0	3.79	0	0:01:15.230421
6480	0	3.6	0	0:01:15.311823
6500	0	3.79	0	0:01:15.066805
6520	0	3.79	0	0:01:15.330336
6540	0	3.79	0	0:01:15.026998
6560	0	3.79	0	0:01:15.041813
6580	0	3.79	0	0:01:15.045005
6600	1	0.711	1	0:01:14.967964
6620	0	3.79	0	0:01:14.979048
6640	0	3.79	0	0:01:15.005514
6660	0	3.63	0	0:01:14.989872
6680	0	3.79	0	0:01:14.868560
6700	0	3.79	0	0:01:14.983561
6720	0	3.79	0	0:01:14.897252
6740	0	3.79	0	0:01:15.024246
6760	0	3.79	0	0:01:14.989925
6780	0	1.98	0	0:01:14.947649
6800	0	3.79	0	0:01:14.958242
6820	0	0.412	0	0:01:15.125931
6840	0	3.79	0	0:01:15.016260
6860	0	1.95	0	0:01:14.963868
6880	0	3.79	0	0:01:14.869605
6900	0	3.79	0	0:01:14.896509
6920	0	3.79	0	0:01:14.950782
6940	0	3.72	0	0:01:15.044427
6960	0	2.66	0	0:01:14.974584
6980	0	3.79	0	0:01:14.986582
7000	0	3.79	0	0:01:14.979800
7020	0	3.63	0	0:01:14.900852
7040	0	3.79	0	0:01:14.985389
7060	0	2.62	0	0:01:14.963148
7080	0	3.79	0	0:01:14.931646
7100	0	3.79	0	0:01:14.984953
7120	0	3.34	0	0:01:14.949335
7140	0	3.79	0	0:01:15.106591
7160	0	3.79	0	0:01:15.062144
7180	0	3.79	0	0:01:14.973286
7200	0	3.79	0	0:01:14.875208
7220	0	3.79	0	0:01:14.851707
7240	0	3.79	0	0:01:14.929161
7260	0	3.72	0	0:01:15.010790
7280	0	3.79	0	0:01:15.047547
7300	0	3.72	0	0:01:14.871677
7320	0	2.77	0	0:01:14.888667
7340	0	3.79	0	0:01:14.890326
7360	0	3.79	0	0:01:14.885584
7380	0	3.79	0	0:01:14.994277
7400	0	3.79	0	0:01:14.991127
7420	0	3.26	0	0:01:14.990659
7440	0	3.79	0	0:01:14.994008
7460	1	0.34	1	0:01:15.027834
7480	0	3.79	0	0:01:15.097481
7500	1	1.71	1	0:01:15.018582
7520	0	3.79	0	0:01:15.019099
7540	0	1.7	0	0:01:14.934518
7560	0	3.79	0	0:01:14.870231
7580	0	3.79	0	0:01:14.884511
7600	0	3.79	0	0:01:15.018833
7620	0	3.79	0	0:01:14.947580
7640	0	3.79	0	0:01:14.846322
7660	0	3.79	0	0:01:14.853003
7680	0	3.79	0	0:01:14.934908
7700	0	3.79	0	0:01:15.068271
7720	0	3.79	0	0:01:14.950609
7740	0	3.79	0	0:01:14.939465
7760	0	3.79	0	0:01:14.924985
7780	0	3.79	0	0:01:15.055824
7800	0	1.86	0	0:01:14.907015
7820	0	3.53	0	0:01:14.888981
7840	0	2.16	0	0:01:15.115228
7860	0	3.79	0	0:01:14.878299
7880	0	3.79	0	0:01:15.007327
7900	0	3.79	0	0:01:15.020736
7920	0	3.79	0	0:01:14.993610
7940	0	3.79	0	0:01:14.975783
7960	0	2.95	0	0:01:15.015927
7980	0	3.79	0	0:01:15.012882
8000	0	3.63	0	0:01:15.009354
8020	0	3.79	0	0:01:15.227575
8040	0	3.79	0	0:01:15.215776
8060	0	3.79	0	0:01:14.986772
8080	0	3.79	0	0:01:15.074624
8100	0	3.79	0	0:01:14.916579
8120	0	3.79	0	0:01:15.061752
8140	0	3.79	0	0:01:14.993789
8160	0	3.79	0	0:01:14.859053
8180	0	3.79	0	0:01:15.041095
8200	0	3.79	0	0:01:15.227981
8220	0	3.79	0	0:01:14.881374
8240	0	1.0	0	0:01:14.890790
8260	0	3.79	0	0:01:14.962500
8280	0	3.79	0	0:01:14.953921
8300	0	3.79	0	0:01:14.984200
8320	0	3.79	0	0:01:15.147699
8340	0	3.79	0	0:01:15.020860
8360	0	3.79	0	0:01:14.908753
8380	0	3.79	0	0:01:15.003475
8400	0	3.67	0	0:01:14.927995
8420	0	3.79	0	0:01:14.916907
8440	0	3.79	0	0:01:14.783843
8460	0	2.76	0	0:01:14.768034
8480	0	3.79	0	0:01:14.847412
8500	0	3.79	0	0:01:14.835147
8520	0	3.79	0	0:01:14.859252
8540	0	3.79	0	0:01:14.780446
8560	0	3.79	0	0:01:14.681474
8580	0	3.79	0	0:01:14.584947
8600	0	3.79	0	0:01:14.835856
8620	0	3.79	0	0:01:14.624332
8640	0	3.79	0	0:01:14.589089
8660	0	3.79	0	0:01:14.611570
8680	0	3.79	0	0:01:14.880252
8700	0	3.79	0	0:01:14.573314
8720	0	1.05	0	0:01:14.576782
8740	0	3.79	0	0:01:14.601083
8760	0	2.54	0	0:01:14.643425
8780	0	3.79	0	0:01:14.596132
8800	1	2.85	1	0:01:14.604640
8820	0	1.78	0	0:01:14.586881
8840	0	3.79	0	0:01:14.663151
8860	0	3.79	0	0:01:14.707665
8880	0	3.79	0	0:01:14.717884
8900	0	3.79	0	0:01:14.926199
8920	0	3.79	0	0:01:15.022340
8940	0	3.79	0	0:01:14.620877
8960	0	0.972	0	0:01:14.757908
8980	0	0.995	0	0:01:14.746650
9000	1	0.207	1	0:01:14.920482
9020	0	3.79	0	0:01:14.792518
9040	0	3.79	0	0:01:14.924235
9060	0	3.58	0	0:01:14.809079
9080	0	3.6	0	0:01:14.638411
9100	0	3.79	0	0:01:14.776608
9120	0	3.79	0	0:01:14.697990
9140	0	3.79	0	0:01:14.745074
9160	0	3.79	0	0:01:14.761015
9180	0	3.28	0	0:01:14.734264
9200	0	1.45	0	0:01:14.901326
9220	0	2.67	0	0:01:14.949370
9240	0	3.79	0	0:01:14.976902
9260	0	3.79	0	0:01:14.943661
9280	0	3.79	0	0:01:15.056026
9300	0	3.79	0	0:01:14.904404
9320	0	2.97	0	0:01:14.630832
9340	0	0.794	0	0:01:14.759640
9360	0	3.79	0	0:01:14.604016
9380	0	3.79	0	0:01:14.699004
9400	0	3.79	0	0:01:14.833898
9420	0	3.79	0	0:01:14.764187
9440	0	1.11	0	0:01:14.766896
9460	0	3.79	0	0:01:14.635134
9480	0	3.79	0	0:01:14.732916
9500	0	3.79	0	0:01:14.663649
9520	0	3.33	0	0:01:14.593213
9540	0	3.79	0	0:01:14.596334
9560	0	1.7	0	0:01:14.513142
9580	0	3.79	0	0:01:14.544461
9600	0	1.66	0	0:01:14.561551
9620	0	3.63	0	0:01:14.676385
9640	0	3.79	0	0:01:14.577759
9660	0	1.82	0	0:01:14.583629
9680	0	3.79	0	0:01:14.505872
9700	0	2.56	0	0:01:14.673647
9720	0	3.79	0	0:01:14.530602
9740	0	3.79	0	0:01:14.521567
9760	0	3.79	0	0:01:14.734363
9780	0	3.79	0	0:01:14.801412
9800	1	1.05	1	0:01:14.589647
9820	0	3.79	0	0:01:14.827120
9840	0	3.79	0	0:01:14.711178
9860	0	3.79	0	0:01:14.667642
9880	0	3.79	0	0:01:14.592773
9900	0	3.67	0	0:01:14.901919
9920	0	3.79	0	0:01:14.574935
9940	0	3.79	0	0:01:14.682384
9960	1	1.55	1	0:01:14.558036
9980	1	0.0888	1	0:01:14.663059
