idx	label	predict	radius	correct	unperturbed predict	unperturbed correct	time
0	3	-1	0.0	0	4	0	0:01:19.582062
20	7	9	0.712	0	9	0	0:01:15.077632
40	4	-1	0.0	0	-1	0	0:01:15.756405
60	7	7	0.0894	1	7	1	0:01:24.404021
80	8	8	1.48	1	8	1	0:01:17.205040
100	4	4	0.167	1	4	1	0:01:17.142105
120	8	8	1.99	1	8	1	0:01:14.699796
140	6	2	0.387	0	2	0	0:01:14.103067
160	2	0	0.131	0	0	0	0:01:14.648087
180	0	0	1.62	1	0	1	0:01:18.020089
200	5	3	0.938	0	3	0	0:01:14.750750
220	7	7	2.81	1	7	1	0:01:15.151029
240	1	1	2.71	1	1	1	0:01:17.984252
260	8	5	0.957	0	5	0	0:01:14.055491
280	9	9	2.87	1	9	1	0:01:13.932003
300	6	6	0.425	1	6	1	0:01:14.485134
320	3	5	0.72	0	5	0	0:01:15.022718
340	2	4	0.765	0	4	0	0:01:14.874622
360	9	6	0.304	0	6	0	0:01:14.916572
380	6	6	0.405	1	6	1	0:01:14.857803
400	9	9	3.03	1	9	1	0:01:14.813170
420	4	6	1.43	0	6	0	0:01:14.787070
440	1	1	0.105	1	1	1	0:01:14.735220
460	5	5	1.94	1	5	1	0:01:14.895969
480	8	9	1.81	0	9	0	0:01:15.457774
500	4	6	0.203	0	6	0	0:01:18.474540
520	5	5	0.864	1	5	1	0:01:16.866065
540	1	9	0.604	0	9	0	0:01:18.895580
560	0	0	1.85	1	0	1	0:01:15.404636
580	4	6	0.361	0	6	0	0:01:15.016676
600	8	8	0.202	1	8	1	0:01:14.868817
620	7	4	0.329	0	4	0	0:01:15.144688
640	5	3	1.47	0	3	0	0:01:14.824094
660	9	9	3.1	1	9	1	0:01:14.971488
680	9	9	2.11	1	9	1	0:01:15.588649
700	7	7	1.86	1	7	1	0:01:14.923248
720	4	9	0.662	0	9	0	0:01:14.734464
740	2	5	0.652	0	5	0	0:01:14.881258
760	3	9	1.22	0	9	0	0:01:15.052978
780	9	9	0.955	1	9	1	0:01:14.844389
800	7	7	2.21	1	7	1	0:01:14.984583
820	6	9	1.07	0	9	0	0:01:14.825365
840	7	7	3.6	1	7	1	0:01:14.880330
860	4	4	1.81	1	4	1	0:01:14.976580
880	8	8	3.79	1	8	1	0:01:14.792189
900	2	6	1.02	0	6	0	0:01:14.920499
920	6	2	1.42	0	2	0	0:01:14.768579
940	9	9	0.436	1	9	1	0:01:14.909147
960	9	9	2.16	1	9	1	0:01:14.778485
980	2	6	2.26	0	6	0	0:01:15.090718
1000	5	5	2.73	1	5	1	0:01:15.146501
1020	1	-1	0.0	0	1	1	0:01:14.874279
1040	7	5	2.71	0	5	0	0:01:14.913089
1060	9	9	0.979	1	9	1	0:01:14.974247
1080	6	6	3.01	1	6	1	0:01:14.768012
1100	7	8	2.45	0	8	0	0:01:14.947282
1120	5	2	0.809	0	2	0	0:01:14.768209
1140	6	-1	0.0	0	-1	0	0:01:15.031611
1160	8	-1	0.0	0	0	0	0:01:15.153946
1180	3	9	2.56	0	9	0	0:01:14.924185
1200	8	8	0.244	1	8	1	0:01:14.756597
1220	9	-1	0.0	0	7	0	0:01:14.918913
1240	2	6	2.89	0	6	0	0:01:14.701797
1260	1	9	1.6	0	9	0	0:01:14.834889
1280	3	7	0.454	0	7	0	0:01:14.734966
1300	4	6	0.846	0	6	0	0:01:14.748547
1320	7	7	0.124	1	7	1	0:01:14.668746
1340	1	1	1.56	1	1	1	0:01:14.680600
1360	7	7	0.175	1	7	1	0:01:14.813270
1380	4	5	0.995	0	5	0	0:01:14.748553
1400	5	5	0.241	1	5	1	0:01:14.811357
1420	4	-1	0.0	0	7	0	0:01:14.680174
1440	0	0	0.552	1	0	1	0:01:14.986756
1460	6	6	0.415	1	6	1	0:01:14.645491
1480	1	-1	0.0	0	5	0	0:01:14.734838
1500	1	9	1.5	0	9	0	0:01:14.935667
1520	7	-1	0.0	0	7	1	0:01:14.630301
1540	8	8	1.31	1	8	1	0:01:14.743952
1560	7	7	3.67	1	7	1	0:01:14.889434
1580	6	9	0.263	0	9	0	0:01:14.765452
1600	8	9	0.921	0	9	0	0:01:14.767405
1620	5	-1	0.0	0	8	0	0:01:14.814346
1640	7	5	0.751	0	5	0	0:01:14.687026
1660	3	5	0.631	0	5	0	0:01:14.850224
1680	6	6	3.45	1	6	1	0:01:14.759446
1700	5	2	2.01	0	2	0	0:01:14.659600
1720	4	0	0.0724	0	0	0	0:01:14.783083
1740	1	9	1.67	0	9	0	0:01:14.725446
1760	0	8	1.1	0	8	0	0:01:14.819500
1780	7	8	0.195	0	8	0	0:01:14.676480
1800	4	8	1.06	0	8	0	0:01:14.656490
1820	8	-1	0.0	0	9	0	0:01:14.789275
1840	8	-1	0.0	0	9	0	0:01:14.749033
1860	8	8	1.79	1	8	1	0:01:14.799249
1880	1	1	1.0	1	1	1	0:01:14.640758
1900	8	8	3.79	1	8	1	0:01:14.773362
1920	2	2	0.00249	1	2	1	0:01:14.840308
1940	5	2	1.96	0	2	0	0:01:14.734567
1960	2	5	0.456	0	5	0	0:01:14.967450
1980	9	9	2.03	1	9	1	0:01:14.787730
2000	1	6	0.775	0	6	0	0:01:14.774271
2020	9	9	3.53	1	9	1	0:01:14.648588
2040	0	8	2.24	0	8	0	0:01:15.305948
2060	5	5	3.02	1	5	1	0:01:14.922153
2080	1	1	0.362	1	1	1	0:01:14.891134
2100	2	4	1.23	0	4	0	0:01:14.903795
2120	4	8	0.804	0	8	0	0:01:15.879225
2140	9	9	1.79	1	9	1	0:01:14.834437
2160	0	8	2.07	0	8	0	0:01:15.104633
2180	4	6	0.787	0	6	0	0:01:14.723618
2200	0	0	3.72	1	0	1	0:01:15.182920
2220	1	1	1.29	1	1	1	0:01:15.109697
2240	9	9	3.31	1	9	1	0:01:15.201914
2260	4	4	0.941	1	4	1	0:01:15.349584
2280	4	8	0.0724	0	8	0	0:01:15.294538
2300	3	6	0.826	0	6	0	0:01:15.050621
2320	5	8	0.0769	0	8	0	0:01:15.268564
2340	7	7	0.737	1	7	1	0:01:15.161254
2360	7	7	1.14	1	7	1	0:01:15.139845
2380	8	8	2.16	1	8	1	0:01:15.115636
2400	0	0	3.4	1	0	1	0:01:15.147186
2420	8	5	0.125	0	5	0	0:01:15.203221
2440	7	7	0.35	1	7	1	0:01:15.223133
2460	9	9	1.44	1	9	1	0:01:15.391732
2480	8	8	1.78	1	8	1	0:01:19.763155
2500	4	4	0.452	1	4	1	0:01:15.210456
2520	1	-1	0.0	0	8	0	0:01:15.240486
2540	2	3	0.742	0	3	0	0:01:15.099570
2560	7	-1	0.0	0	4	0	0:01:15.912238
2580	6	4	1.13	0	4	0	0:01:15.164260
2600	8	8	3.08	1	8	1	0:01:15.183707
2620	1	4	0.0648	0	4	0	0:01:14.996422
2640	7	7	1.4	1	7	1	0:01:15.918222
2660	3	2	0.438	0	2	0	0:01:16.281438
2680	0	0	3.22	1	0	1	0:01:16.980951
2700	9	9	0.563	1	9	1	0:01:17.554483
2720	3	-1	0.0	0	2	0	0:01:17.654407
2740	1	1	1.68	1	1	1	0:01:16.060344
2760	2	6	0.733	0	6	0	0:01:15.537222
2780	7	7	1.98	1	7	1	0:01:15.942606
2800	4	6	0.887	0	6	0	0:01:15.611486
2820	6	6	3.45	1	6	1	0:01:15.698133
2840	3	3	3.79	1	3	1	0:01:15.336535
2860	5	7	0.233	0	7	0	0:01:15.039377
2880	4	4	3.15	1	4	1	0:01:15.110267
2900	3	5	1.16	0	5	0	0:01:15.199430
2920	2	0	0.213	0	0	0	0:01:15.135610
2940	3	-1	0.0	0	3	1	0:01:15.126466
2960	9	9	0.494	1	9	1	0:01:15.189525
2980	8	1	1.23	0	1	0	0:01:15.296489
3000	5	5	3.53	1	5	1	0:01:15.196358
3020	1	1	1.17	1	1	1	0:01:15.167406
3040	7	7	3.79	1	7	1	0:01:15.184071
3060	7	7	2.67	1	7	1	0:01:16.348059
3080	1	-1	0.0	0	-1	0	0:01:15.209352
3100	0	0	2.67	1	0	1	0:01:15.324330
3120	4	6	1.78	0	6	0	0:01:15.027949
3140	8	8	1.47	1	8	1	0:01:16.061569
3160	6	4	2.01	0	4	0	0:01:16.888891
3180	3	9	0.0669	0	9	0	0:01:15.259613
3200	5	-1	0.0	0	7	0	0:01:15.199705
3220	3	-1	0.0	0	9	0	0:01:16.012833
3240	4	-1	0.0	0	2	0	0:01:15.659030
3260	7	0	0.391	0	0	0	0:01:16.616389
3280	3	5	0.756	0	5	0	0:01:16.485207
3300	4	4	0.492	1	4	1	0:01:16.914664
3320	2	7	0.219	0	7	0	0:01:17.446152
3340	6	-1	0.0	0	4	0	0:01:17.601547
3360	4	6	1.62	0	6	0	0:01:15.964458
3380	8	9	0.357	0	9	0	0:01:16.773984
3400	6	4	1.36	0	4	0	0:01:16.646818
3420	5	6	0.963	0	6	0	0:01:16.309427
3440	2	9	1.07	0	9	0	0:01:16.568945
3460	1	1	1.69	1	1	1	0:01:16.672127
3480	2	2	3.79	1	2	1	0:01:16.210944
3500	1	1	0.829	1	1	1	0:01:19.144984
3520	1	1	2.65	1	1	1	0:01:15.137766
3540	6	6	0.14	1	6	1	0:01:15.143788
3560	1	9	1.17	0	9	0	0:01:15.125259
3580	4	1	0.625	0	1	0	0:01:15.870210
3600	4	2	1.2	0	2	0	0:01:15.245981
3620	0	0	0.85	1	0	1	0:01:15.178856
3640	6	2	1.68	0	2	0	0:01:15.059691
3660	0	8	0.226	0	8	0	0:01:15.214703
3680	0	2	0.634	0	2	0	0:01:15.286766
3700	3	5	0.776	0	5	0	0:01:14.966523
3720	2	2	1.87	1	2	1	0:01:15.097819
3740	0	0	2.08	1	0	1	0:01:15.216761
3760	7	7	2.51	1	7	1	0:01:15.216867
3780	4	2	0.177	0	2	0	0:01:15.179686
3800	9	9	0.919	1	9	1	0:01:15.154286
3820	0	0	0.959	1	0	1	0:01:15.204273
3840	6	5	0.231	0	5	0	0:01:15.079956
3860	7	7	2.05	1	7	1	0:01:15.059704
3880	6	4	0.565	0	4	0	0:01:15.151478
3900	3	0	3.4	0	0	0	0:01:15.089980
3920	7	-1	0.0	0	-1	0	0:01:15.198208
3940	6	6	0.211	1	6	1	0:01:15.118622
3960	2	-1	0.0	0	5	0	0:01:15.141127
3980	9	-1	0.0	0	-1	0	0:01:15.162028
4000	8	-1	0.0	0	7	0	0:01:15.116173
4020	8	8	0.0879	1	8	1	0:01:15.398816
4040	0	0	1.31	1	0	1	0:01:15.199656
4060	6	6	1.07	1	6	1	0:01:15.026790
4080	1	8	0.00329	0	8	0	0:01:15.050497
4100	7	7	3.4	1	7	1	0:01:15.118706
4120	4	0	3.58	0	0	0	0:01:15.137181
4140	5	5	0.257	1	5	1	0:01:15.060943
4160	5	2	0.389	0	2	0	0:01:15.109731
4180	0	0	1.16	1	0	1	0:01:15.159777
4200	4	2	0.395	0	2	0	0:01:15.109869
4220	4	0	3.79	0	0	0	0:01:15.264732
4240	7	-1	0.0	0	-1	0	0:01:15.047683
4260	8	8	1.13	1	8	1	0:01:15.110985
4280	8	8	1.46	1	8	1	0:01:15.075120
4300	8	8	1.39	1	8	1	0:01:15.141528
4320	1	8	2.64	0	8	0	0:01:15.136595
4340	0	0	0.812	1	0	1	0:01:15.176936
4360	6	-1	0.0	0	9	0	0:01:15.320738
4380	9	9	2.43	1	9	1	0:01:15.180630
4400	3	4	0.209	0	4	0	0:01:15.190632
4420	5	8	1.22	0	8	0	0:01:15.083852
4440	2	6	1.51	0	6	0	0:01:15.073476
4460	9	8	0.446	0	8	0	0:01:15.135268
4480	9	9	0.183	1	9	1	0:01:15.186642
4500	3	-1	0.0	0	3	1	0:01:15.154562
4520	3	6	1.84	0	6	0	0:01:15.247599
4540	9	9	3.79	1	9	1	0:01:15.102042
4560	1	1	0.97	1	1	1	0:01:15.163206
4580	6	4	0.111	0	4	0	0:01:15.191155
4600	4	7	0.722	0	7	0	0:01:15.113944
4620	7	3	2.6	0	3	0	0:01:15.091288
4640	2	-1	0.0	0	4	0	0:01:15.164107
4660	7	2	0.184	0	2	0	0:01:15.092814
4680	9	1	0.474	0	1	0	0:01:15.322050
4700	6	-1	0.0	0	4	0	0:01:15.101468
4720	8	8	0.828	1	8	1	0:01:15.058636
4740	5	-1	0.0	0	-1	0	0:01:15.071350
4760	3	-1	0.0	0	3	1	0:01:15.311467
4780	0	0	0.772	1	0	1	0:01:15.084934
4800	9	9	3.79	1	9	1	0:01:15.102949
4820	3	5	0.515	0	5	0	0:01:15.138130
4840	0	0	3.79	1	0	1	0:01:15.117457
4860	5	5	2.58	1	5	1	0:01:15.150015
4880	0	0	0.21	1	0	1	0:01:15.069138
4900	3	6	0.763	0	6	0	0:01:15.186620
4920	7	7	0.174	1	7	1	0:01:15.135809
4940	6	4	0.233	0	4	0	0:01:15.105135
4960	4	6	0.286	0	6	0	0:01:15.148998
4980	1	9	3.09	0	9	0	0:01:15.218369
5000	7	7	3.25	1	7	1	0:01:15.263141
5020	8	8	1.23	1	8	1	0:01:15.125332
5040	3	-1	0.0	0	3	1	0:01:15.083985
5060	6	6	0.985	1	6	1	0:01:15.099924
5080	7	7	2.71	1	7	1	0:01:15.196541
5100	3	3	0.72	1	3	1	0:01:15.163799
5120	9	8	0.928	0	8	0	0:01:15.194392
5140	8	8	0.873	1	8	1	0:01:15.073837
5160	0	8	1.22	0	8	0	0:01:15.202478
5180	9	-1	0.0	0	9	1	0:01:15.021525
5200	3	3	3.72	1	3	1	0:01:15.218143
5220	0	0	2.98	1	0	1	0:01:15.119260
5240	1	-1	0.0	0	-1	0	0:01:15.154959
5260	0	0	3.58	1	0	1	0:01:15.375111
5280	0	8	1.6	0	8	0	0:01:15.027369
5300	9	-1	0.0	0	-1	0	0:01:15.187792
5320	7	7	1.58	1	7	1	0:01:15.275024
5340	3	2	0.191	0	2	0	0:01:14.999268
5360	9	9	3.48	1	9	1	0:01:15.146578
5380	1	9	3.46	0	9	0	0:01:15.084107
5400	9	-1	0.0	0	0	0	0:01:15.208922
5420	6	6	0.403	1	6	1	0:01:15.194457
5440	9	9	2.38	1	9	1	0:01:15.185584
5460	0	-1	0.0	0	7	0	0:01:15.137131
5480	1	-1	0.0	0	1	1	0:01:15.100571
5500	8	-1	0.0	0	9	0	0:01:15.098747
5520	4	6	0.571	0	6	0	0:01:15.098693
5540	5	-1	0.0	0	4	0	0:01:14.895188
5560	3	-1	0.0	0	-1	0	0:01:15.061695
5580	5	6	1.07	0	6	0	0:01:15.123295
5600	6	9	1.23	0	9	0	0:01:15.181836
5620	3	2	1.2	0	2	0	0:01:15.268600
5640	2	3	0.53	0	3	0	0:01:15.123359
5660	9	9	1.0	1	9	1	0:01:15.202826
5680	2	-1	0.0	0	1	0	0:01:15.157073
5700	3	2	0.168	0	2	0	0:01:15.140261
5720	9	9	3.46	1	9	1	0:01:15.175522
5740	6	4	1.3	0	4	0	0:01:15.221348
5760	2	2	1.0	1	2	1	0:01:15.229245
5780	7	7	1.18	1	7	1	0:01:15.106886
5800	2	4	0.467	0	4	0	0:01:15.114643
5820	5	-1	0.0	0	6	0	0:01:15.296600
5840	2	6	0.744	0	6	0	0:01:15.031551
5860	0	8	0.473	0	8	0	0:01:15.195462
5880	0	0	0.0367	1	0	1	0:01:15.100491
5900	4	4	0.457	1	4	1	0:01:15.165228
5920	8	8	3.67	1	8	1	0:01:15.174869
5940	7	4	2.09	0	4	0	0:01:15.154863
5960	2	-1	0.0	0	7	0	0:01:15.038126
5980	9	9	2.2	1	9	1	0:01:15.193996
6000	8	9	0.368	0	9	0	0:01:14.975915
6020	6	6	0.587	1	6	1	0:01:15.085259
6040	2	7	0.524	0	7	0	0:01:15.132119
6060	3	4	0.864	0	4	0	0:01:15.223451
6080	1	-1	0.0	0	9	0	0:01:15.155410
6100	1	1	0.477	1	1	1	0:01:15.103350
6120	5	5	2.94	1	5	1	0:01:15.047377
6140	9	9	2.12	1	9	1	0:01:15.135233
6160	2	5	1.07	0	5	0	0:01:15.065838
6180	0	8	0.104	0	8	0	0:01:15.102237
6200	3	0	1.3	0	0	0	0:01:15.212931
6220	2	6	1.76	0	6	0	0:01:15.113293
6240	2	6	0.176	0	6	0	0:01:15.080765
6260	2	9	0.144	0	9	0	0:01:15.128870
6280	8	5	0.843	0	5	0	0:01:15.167706
6300	1	-1	0.0	0	7	0	0:01:15.112621
6320	0	0	3.05	1	0	1	0:01:15.199512
6340	3	3	0.702	1	3	1	0:01:15.418196
6360	2	2	0.379	1	2	1	0:01:15.339512
6380	3	6	0.453	0	6	0	0:01:15.403214
6400	0	4	0.0619	0	4	0	0:01:15.508922
6420	7	-1	0.0	0	5	0	0:01:15.469688
6440	3	8	0.0951	0	8	0	0:01:15.228267
6460	3	-1	0.0	0	-1	0	0:01:15.230421
6480	0	0	0.748	1	0	1	0:01:15.311823
6500	7	0	0.371	0	0	0	0:01:15.066805
6520	6	4	1.28	0	4	0	0:01:15.330336
6540	8	8	1.02	1	8	1	0:01:15.026998
6560	6	6	1.24	1	6	1	0:01:15.041813
6580	1	-1	0.0	0	9	0	0:01:15.045005
6600	7	7	3.79	1	7	1	0:01:14.967964
6620	7	7	1.24	1	7	1	0:01:14.979048
6640	5	0	0.00499	0	0	0	0:01:15.005514
6660	0	0	1.3	1	0	1	0:01:14.989872
6680	3	3	1.32	1	3	1	0:01:14.868560
6700	6	6	0.703	1	6	1	0:01:14.983561
6720	2	2	1.08	1	2	1	0:01:14.897252
6740	2	6	0.607	0	6	0	0:01:15.024246
6760	5	-1	0.0	0	5	1	0:01:14.989925
6780	7	7	2.96	1	7	1	0:01:14.947649
6800	6	6	1.73	1	6	1	0:01:14.958242
6820	1	1	1.97	1	1	1	0:01:15.125931
6840	9	9	1.38	1	9	1	0:01:15.016260
6860	0	0	2.68	1	0	1	0:01:14.963868
6880	2	-1	0.0	0	6	0	0:01:14.869605
6900	3	7	0.891	0	7	0	0:01:14.896509
6920	5	2	1.54	0	2	0	0:01:14.950782
6940	1	1	3.4	1	1	1	0:01:15.044427
6960	9	8	2.24	0	8	0	0:01:14.974584
6980	0	9	1.79	0	9	0	0:01:14.986582
7000	2	-1	0.0	0	8	0	0:01:14.979800
7020	7	7	0.514	1	7	1	0:01:14.900852
7040	7	8	0.795	0	8	0	0:01:14.985389
7060	8	8	1.12	1	8	1	0:01:14.963148
7080	5	4	0.977	0	4	0	0:01:14.931646
7100	9	3	0.119	0	3	0	0:01:14.984953
7120	7	-1	0.0	0	7	1	0:01:14.949335
7140	4	4	1.79	1	4	1	0:01:15.106591
7160	5	4	0.403	0	4	0	0:01:15.062144
7180	6	6	3.22	1	6	1	0:01:14.973286
7200	4	-1	0.0	0	6	0	0:01:14.875208
7220	9	-1	0.0	0	-1	0	0:01:14.851707
7240	0	8	1.22	0	8	0	0:01:14.929161
7260	1	8	0.641	0	8	0	0:01:15.010790
7280	1	-1	0.0	0	1	1	0:01:15.047547
7300	3	7	0.184	0	7	0	0:01:14.871677
7320	8	0	0.159	0	0	0	0:01:14.888667
7340	2	4	1.43	0	4	0	0:01:14.890326
7360	2	-1	0.0	0	4	0	0:01:14.885584
7380	7	7	0.891	1	7	1	0:01:14.994277
7400	3	3	0.715	1	3	1	0:01:14.991127
7420	3	0	2.44	0	0	0	0:01:14.990659
7440	3	6	0.509	0	6	0	0:01:14.994008
7460	5	5	3.79	1	5	1	0:01:15.027834
7480	1	5	0.698	0	5	0	0:01:15.097481
7500	6	6	3.6	1	6	1	0:01:15.018582
7520	4	4	0.204	1	4	1	0:01:15.019099
7540	5	5	3.79	1	5	1	0:01:14.934518
7560	0	-1	0.0	0	2	0	0:01:14.870231
7580	8	8	0.739	1	8	1	0:01:14.884511
7600	8	9	1.72	0	9	0	0:01:15.018833
7620	5	3	1.14	0	3	0	0:01:14.947580
7640	9	9	1.26	1	9	1	0:01:14.846322
7660	7	9	0.406	0	9	0	0:01:14.853003
7680	3	9	1.18	0	9	0	0:01:14.934908
7700	6	6	3.2	1	6	1	0:01:15.068271
7720	5	5	0.121	1	5	1	0:01:14.950609
7740	4	4	0.364	1	4	1	0:01:14.939465
7760	2	9	0.822	0	9	0	0:01:14.924985
7780	3	8	0.645	0	8	0	0:01:15.055824
7800	0	0	2.56	1	0	1	0:01:14.907015
7820	5	8	1.18	0	8	0	0:01:14.888981
7840	1	1	3.08	1	1	1	0:01:15.115228
7860	8	-1	0.0	0	4	0	0:01:14.878299
7880	0	0	0.512	1	0	1	0:01:15.007327
7900	0	8	1.38	0	8	0	0:01:15.020736
7920	9	8	1.24	0	8	0	0:01:14.993610
7940	2	6	2.57	0	6	0	0:01:14.975783
7960	0	0	2.14	1	0	1	0:01:15.015927
7980	3	-1	0.0	0	3	1	0:01:15.012882
8000	9	9	1.04	1	9	1	0:01:15.009354
8020	6	6	2.04	1	6	1	0:01:15.227575
8040	2	6	0.983	0	6	0	0:01:15.215776
8060	6	6	0.554	1	6	1	0:01:14.986772
8080	4	4	0.189	1	4	1	0:01:15.074624
8100	6	2	0.259	0	2	0	0:01:14.916579
8120	8	9	0.477	0	9	0	0:01:15.061752
8140	5	4	0.639	0	4	0	0:01:14.993789
8160	6	9	0.105	0	9	0	0:01:14.859053
8180	4	6	0.189	0	6	0	0:01:15.041095
8200	3	-1	0.0	0	6	0	0:01:15.227981
8220	6	-1	0.0	0	6	1	0:01:14.881374
8240	7	7	3.6	1	7	1	0:01:14.890790
8260	1	3	0.046	0	3	0	0:01:14.962500
8280	4	3	0.803	0	3	0	0:01:14.953921
8300	5	2	1.02	0	2	0	0:01:14.984200
8320	7	4	0.185	0	4	0	0:01:15.147699
8340	5	-1	0.0	0	-1	0	0:01:15.020860
8360	7	7	0.105	1	7	1	0:01:14.908753
8380	9	9	0.697	1	9	1	0:01:15.003475
8400	0	8	1.39	0	8	0	0:01:14.927995
8420	3	-1	0.0	0	4	0	0:01:14.916907
8440	5	-1	0.0	0	-1	0	0:01:14.783843
8460	8	8	2.91	1	8	1	0:01:14.768034
8480	2	1	0.0687	0	1	0	0:01:14.847412
8500	4	4	0.2	1	4	1	0:01:14.835147
8520	8	4	1.07	0	4	0	0:01:14.859252
8540	4	4	0.338	1	4	1	0:01:14.780446
8560	7	7	1.33	1	7	1	0:01:14.681474
8580	3	0	0.275	0	0	0	0:01:14.584947
8600	3	7	0.217	0	7	0	0:01:14.835856
8620	3	4	0.346	0	4	0	0:01:14.624332
8640	1	1	3.21	1	1	1	0:01:14.589089
8660	7	5	1.3	0	5	0	0:01:14.611570
8680	3	9	0.129	0	9	0	0:01:14.880252
8700	3	3	1.89	1	3	1	0:01:14.573314
8720	2	0	3.55	0	0	0	0:01:14.576782
8740	2	-1	0.0	0	4	0	0:01:14.601083
8760	8	8	0.421	1	8	1	0:01:14.643425
8780	4	4	1.31	1	4	1	0:01:14.596132
8800	0	0	3.79	1	0	1	0:01:14.604640
8820	2	2	0.597	1	2	1	0:01:14.586881
8840	2	1	0.658	0	1	0	0:01:14.663151
8860	2	2	0.381	1	2	1	0:01:14.707665
8880	1	1	0.251	1	1	1	0:01:14.717884
8900	2	4	0.282	0	4	0	0:01:14.926199
8920	6	6	2.77	1	6	1	0:01:15.022340
8940	6	3	1.41	0	3	0	0:01:14.620877
8960	0	0	3.79	1	0	1	0:01:14.757908
8980	9	9	2.64	1	9	1	0:01:14.746650
9000	8	8	2.98	1	8	1	0:01:14.920482
9020	7	9	1.26	0	9	0	0:01:14.792518
9040	2	5	1.9	0	5	0	0:01:14.924235
9060	9	5	1.86	0	5	0	0:01:14.809079
9080	3	0	1.54	0	0	0	0:01:14.638411
9100	9	6	0.476	0	6	0	0:01:14.776608
9120	3	0	1.69	0	0	0	0:01:14.697990
9140	7	-1	0.0	0	9	0	0:01:14.745074
9160	5	5	1.95	1	5	1	0:01:14.761015
9180	5	5	3.79	1	5	1	0:01:14.734264
9200	8	8	3.45	1	8	1	0:01:14.901326
9220	8	8	3.36	1	8	1	0:01:14.949370
9240	8	8	0.715	1	8	1	0:01:14.976902
9260	5	5	1.29	1	5	1	0:01:14.943661
9280	9	0	0.5	0	0	0	0:01:15.056026
9300	5	5	0.426	1	5	1	0:01:14.904404
9320	9	9	1.4	1	9	1	0:01:14.630832
9340	1	1	2.09	1	1	1	0:01:14.759640
9360	5	4	0.129	0	4	0	0:01:14.604016
9380	5	5	0.181	1	5	1	0:01:14.699004
9400	6	4	0.322	0	4	0	0:01:14.833898
9420	5	5	0.332	1	5	1	0:01:14.764187
9440	8	8	2.72	1	8	1	0:01:14.766896
9460	3	-1	0.0	0	7	0	0:01:14.635134
9480	2	4	0.597	0	4	0	0:01:14.732916
9500	9	1	0.181	0	1	0	0:01:14.663649
9520	1	9	0.544	0	9	0	0:01:14.593213
9540	5	5	0.953	1	5	1	0:01:14.596334
9560	9	7	2.76	0	7	0	0:01:14.513142
9580	1	4	0.722	0	4	0	0:01:14.544461
9600	8	8	2.94	1	8	1	0:01:14.561551
9620	4	-1	0.0	0	7	0	0:01:14.676385
9640	5	6	1.0	0	6	0	0:01:14.577759
9660	6	6	1.18	1	6	1	0:01:14.583629
9680	8	8	0.514	1	8	1	0:01:14.505872
9700	0	0	3.18	1	0	1	0:01:14.673647
9720	8	-1	0.0	0	9	0	0:01:14.530602
9740	3	6	0.457	0	6	0	0:01:14.521567
9760	9	9	1.88	1	9	1	0:01:14.734363
9780	4	6	2.61	0	6	0	0:01:14.801412
9800	1	1	2.32	1	1	1	0:01:14.589647
9820	0	0	0.271	1	0	1	0:01:14.827120
9840	4	3	0.355	0	3	0	0:01:14.711178
9860	0	-1	0.0	0	-1	0	0:01:14.667642
9880	7	7	0.647	1	7	1	0:01:14.592773
9900	8	0	2.33	0	0	0	0:01:14.901919
9920	6	6	2.07	1	6	1	0:01:14.574935
9940	4	-1	0.0	0	-1	0	0:01:14.682384
9960	2	0	3.79	0	0	0	0:01:14.558036
9980	0	0	3.72	1	0	1	0:01:14.663059
