idx	mean	std	min	25 percentile	50 percentile	75 percentile	max
0	0.9151	0.03216	0.7809	0.8914	0.9172	0.9414	0.9757
20	0.8059	0.0865	0.4986	0.754	0.8162	0.8723	0.9699
40	0.8627	0.0654	0.5671	0.8214	0.871	0.9122	0.9837
60	0.7675	0.05406	0.4972	0.7467	0.778	0.8019	0.8758
80	0.5515	0.08451	0.336	0.4916	0.5472	0.6099	0.8561
100	0.8534	0.03302	0.7094	0.8318	0.8532	0.8754	0.9603
120	0.5833	0.08897	0.3081	0.5222	0.5846	0.643	0.848
140	0.8917	0.03918	0.7585	0.8644	0.8933	0.9188	0.9814
160	0.541	0.08534	0.2851	0.4777	0.534	0.6008	0.8236
180	0.6669	0.0786	0.3367	0.6175	0.6733	0.721	0.9014
200	0.7564	0.03897	0.5186	0.7305	0.757	0.7827	0.8686
220	0.4325	0.1494	0.1019	0.3191	0.4163	0.5303	0.8954
240	0.628	0.1223	0.2986	0.5378	0.6228	0.7182	0.9555
260	0.7796	0.06764	0.4161	0.7437	0.7859	0.8252	0.9612
280	0.5816	0.1128	0.2589	0.5019	0.5793	0.6578	0.8975
300	0.783	0.03924	0.6751	0.7578	0.7837	0.8087	0.8983
320	0.8282	0.04365	0.6204	0.8112	0.8336	0.8548	0.9805
340	0.8133	0.0249	0.6961	0.7987	0.8132	0.8272	0.9279
360	0.8862	0.0369	0.7129	0.8659	0.8927	0.9138	0.9613
380	0.8683	0.05275	0.7092	0.8281	0.8729	0.9097	0.974
400	0.3545	0.06358	0.1892	0.3096	0.3506	0.392	0.6567
420	0.7852	0.03574	0.6171	0.763	0.7861	0.8102	0.8872
440	0.8281	0.1189	0.498	0.7361	0.8446	0.9383	0.9941
460	0.6791	0.06167	0.4517	0.641	0.6844	0.7232	0.8271
480	0.5794	0.08277	0.2865	0.5301	0.587	0.6315	0.8961
500	0.8537	0.05343	0.7118	0.8141	0.8556	0.8944	0.9676
520	0.8037	0.07098	0.4514	0.7642	0.8113	0.8535	0.9618
540	0.635	0.05025	0.4144	0.6054	0.6335	0.6646	0.8264
560	0.4158	0.09461	0.1636	0.3552	0.4078	0.4711	0.8243
580	0.7494	0.04678	0.6422	0.7162	0.742	0.7753	0.9284
600	0.8915	0.06993	0.5883	0.8652	0.9134	0.9413	0.9843
620	0.8523	0.0367	0.71	0.829	0.8507	0.8756	0.9673
640	0.744	0.0531	0.5455	0.7158	0.7517	0.7814	0.8776
660	0.5234	0.1102	0.229	0.4422	0.5201	0.5991	0.8501
680	0.6712	0.09037	0.3355	0.6088	0.672	0.7338	0.8971
700	0.7989	0.09193	0.3991	0.7451	0.8086	0.8665	0.971
720	0.7822	0.08041	0.4378	0.732	0.7905	0.8399	0.9371
740	0.7983	0.03574	0.6415	0.7787	0.8023	0.8216	0.9409
760	0.7784	0.1103	0.4095	0.7114	0.7962	0.8676	0.9637
780	0.7884	0.09863	0.3472	0.7251	0.7954	0.8651	0.9736
800	0.422	0.1596	0.1027	0.2965	0.4068	0.5342	0.9184
820	0.8836	0.05064	0.6279	0.8633	0.8945	0.9184	0.9778
840	0.122	0.06394	0.02896	0.07993	0.1079	0.1474	0.6854
860	0.7417	0.0361	0.6459	0.7169	0.7415	0.7641	0.8647
880	0.2025	0.05458	0.08174	0.1626	0.1942	0.2382	0.4
900	0.7376	0.04911	0.5844	0.7039	0.7342	0.7681	0.9395
920	0.8628	0.03708	0.7118	0.838	0.8645	0.888	0.9646
940	0.7626	0.09367	0.4454	0.6942	0.7672	0.8376	0.9379
960	0.7529	0.1245	0.2854	0.6734	0.7675	0.8521	0.9733
980	0.7105	0.03889	0.6081	0.6847	0.7075	0.7343	0.8693
1000	0.5753	0.1409	0.2254	0.4718	0.5724	0.6793	0.8951
1020	0.8121	0.07435	0.5432	0.7607	0.8122	0.8629	0.9846
1040	0.5223	0.06213	0.3408	0.4769	0.5235	0.5647	0.7469
1060	0.6158	0.08516	0.288	0.5645	0.6207	0.6739	0.8758
1080	0.6403	0.05949	0.4172	0.6016	0.6453	0.683	0.7945
1100	0.5302	0.1118	0.2333	0.4517	0.5213	0.6062	0.8482
1120	0.9222	0.0377	0.7885	0.8971	0.9274	0.952	0.9878
1140	0.766	0.03681	0.6361	0.7406	0.7639	0.7899	0.9102
1160	0.5503	0.09414	0.3161	0.4823	0.5409	0.6035	0.8972
1180	0.8227	0.0587	0.6132	0.7848	0.8301	0.8658	0.9596
1200	0.4877	0.09267	0.1516	0.4262	0.4852	0.5434	0.8539
1220	0.9085	0.03227	0.7154	0.8901	0.9116	0.9319	0.9825
1240	0.6876	0.05141	0.5136	0.6558	0.6925	0.7252	0.8134
1260	0.5544	0.07328	0.3502	0.504	0.5486	0.5973	0.8358
1280	0.751	0.1179	0.2153	0.7063	0.7861	0.8303	0.9583
1300	0.8075	0.02962	0.7129	0.7856	0.8041	0.8292	0.8944
1320	0.8123	0.03692	0.6211	0.7919	0.8164	0.8356	0.912
1340	0.4636	0.1506	0.1942	0.3396	0.4463	0.566	0.8897
1360	0.9018	0.04765	0.5817	0.8853	0.9122	0.9319	0.975
1380	0.8687	0.05498	0.5823	0.8466	0.8805	0.9056	0.9663
1400	0.8246	0.0304	0.6787	0.8105	0.8266	0.8429	0.9022
1420	0.8062	0.04403	0.5645	0.7847	0.8074	0.8315	0.924
1440	0.7923	0.107	0.4184	0.7236	0.8101	0.8787	0.9748
1460	0.8808	0.04877	0.7287	0.8447	0.8833	0.9198	0.978
1480	0.8615	0.06149	0.5586	0.8314	0.8764	0.9033	0.9714
1500	0.554	0.07516	0.2952	0.5041	0.5502	0.6009	0.9154
1520	0.8451	0.04514	0.5219	0.8194	0.8468	0.8768	0.9629
1540	0.8056	0.09114	0.4228	0.7451	0.8188	0.875	0.9762
1560	0.1506	0.09073	0.03294	0.09028	0.1244	0.1856	0.7536
1580	0.8002	0.08811	0.5606	0.7346	0.8026	0.8732	0.9738
1600	0.8367	0.08504	0.5191	0.7792	0.8563	0.9049	0.9665
1620	0.9294	0.04244	0.6172	0.9129	0.9401	0.9572	0.989
1640	0.7903	0.05637	0.5243	0.7582	0.7989	0.8299	0.9079
1660	0.8059	0.05618	0.5942	0.7734	0.8121	0.8432	0.9673
1680	0.6011	0.04907	0.4417	0.5688	0.6024	0.6325	0.7502
1700	0.832	0.04151	0.6869	0.8072	0.8347	0.8579	0.9536
1720	0.7239	0.06578	0.4162	0.6849	0.7306	0.7706	0.8755
1740	0.6083	0.05046	0.4166	0.5744	0.6091	0.6425	0.7525
1760	0.774	0.1112	0.4587	0.6926	0.7816	0.8694	0.9776
1780	0.7284	0.06241	0.4858	0.6925	0.7356	0.7748	0.8721
1800	0.7417	0.09584	0.3774	0.6797	0.7449	0.8091	0.975
1820	0.7338	0.06494	0.4976	0.6919	0.731	0.7764	0.9515
1840	0.8938	0.05232	0.5766	0.8707	0.9057	0.9305	0.9768
1860	0.4936	0.1242	0.1651	0.4003	0.4986	0.5906	0.8113
1880	0.8424	0.0454	0.5938	0.8147	0.8481	0.8771	0.9301
1900	0.2288	0.05754	0.1062	0.1871	0.2204	0.2647	0.4739
1920	0.8601	0.02799	0.7404	0.8417	0.86	0.8788	0.9486
1940	0.62	0.06549	0.3749	0.5799	0.6258	0.6641	0.7886
1960	0.8537	0.04764	0.637	0.8295	0.8576	0.8865	0.973
1980	0.6916	0.1447	0.3149	0.5842	0.692	0.8047	0.9768
2000	0.8343	0.04463	0.6849	0.8085	0.8441	0.8673	0.9281
2020	0.3791	0.08141	0.1995	0.3171	0.3738	0.4287	0.7076
2040	0.5527	0.09406	0.2883	0.4855	0.5458	0.6175	0.863
2060	0.6404	0.09213	0.376	0.577	0.6416	0.706	0.8956
2080	0.9064	0.06574	0.5767	0.8763	0.9281	0.9552	0.992
2100	0.7691	0.03043	0.6599	0.7497	0.7709	0.7893	0.858
2120	0.765	0.1135	0.2771	0.7037	0.7926	0.8478	0.949
2140	0.5523	0.1048	0.3097	0.4767	0.5402	0.6197	0.9215
2160	0.5032	0.09454	0.2797	0.4379	0.494	0.5546	0.8163
2180	0.7317	0.03454	0.6413	0.7084	0.7307	0.7541	0.8644
2200	0.335	0.06149	0.196	0.2912	0.3302	0.3715	0.6073
2220	0.7932	0.09742	0.4987	0.7193	0.7979	0.8727	0.9767
2240	0.5355	0.09613	0.2958	0.4682	0.5265	0.5968	0.8898
2260	0.8524	0.03952	0.7305	0.8245	0.8524	0.8782	0.962
2280	0.8024	0.08996	0.4898	0.7445	0.8113	0.8728	0.9743
2300	0.8283	0.04552	0.7035	0.7993	0.8254	0.8579	0.971
2320	0.8634	0.0463	0.5567	0.8418	0.8718	0.8948	0.9654
2340	0.671	0.1252	0.2034	0.5934	0.6909	0.7645	0.965
2360	0.781	0.0934	0.3325	0.7337	0.8043	0.8477	0.9463
2380	0.485	0.06891	0.2446	0.4414	0.4873	0.5341	0.6902
2400	0.2741	0.09502	0.07406	0.2033	0.2599	0.3323	0.5746
2420	0.9021	0.04506	0.6065	0.8787	0.911	0.9335	0.9857
2440	0.7696	0.0833	0.35	0.7327	0.7878	0.8269	0.9317
2460	0.8563	0.06675	0.5603	0.8222	0.8709	0.9063	0.9652
2480	0.7485	0.1171	0.3772	0.6743	0.7557	0.8357	0.9813
2500	0.786	0.05069	0.6709	0.7506	0.7811	0.8159	0.9579
2520	0.6751	0.06611	0.4527	0.6327	0.6737	0.7144	0.8722
2540	0.8013	0.03821	0.5932	0.7796	0.8044	0.8265	0.9023
2560	0.9139	0.03355	0.6919	0.8934	0.9171	0.9377	0.9858
2580	0.7564	0.02749	0.6059	0.7415	0.761	0.7749	0.8273
2600	0.454	0.08557	0.2316	0.3915	0.4485	0.5136	0.6968
2620	0.8821	0.04267	0.6628	0.8591	0.8909	0.9129	0.9595
2640	0.8279	0.09798	0.4125	0.7732	0.852	0.9007	0.9757
2660	0.8202	0.03393	0.6137	0.8037	0.826	0.8429	0.8887
2680	0.2833	0.08692	0.1105	0.2218	0.2716	0.3335	0.7148
2700	0.8606	0.09049	0.3589	0.8155	0.8845	0.9264	0.9854
2720	0.9381	0.036	0.7778	0.9155	0.9455	0.9672	0.9898
2740	0.801	0.06552	0.5686	0.7558	0.8052	0.8496	0.9505
2760	0.7283	0.03343	0.612	0.7056	0.7275	0.7504	0.8555
2780	0.4728	0.173	0.07728	0.3331	0.4533	0.5971	0.8679
2800	0.7907	0.04602	0.6607	0.7596	0.7898	0.8208	0.9361
2820	0.6491	0.05002	0.4497	0.6161	0.648	0.6812	0.8514
2840	0.4288	0.06038	0.2832	0.3875	0.4264	0.4675	0.6985
2860	0.866	0.04821	0.5509	0.8466	0.8749	0.8978	0.9529
2880	0.6501	0.05282	0.4684	0.6153	0.6519	0.6863	0.8159
2900	0.7916	0.04819	0.5778	0.7656	0.7977	0.8257	0.9412
2920	0.805	0.04236	0.5543	0.7846	0.8115	0.8329	0.923
2940	0.9039	0.0272	0.7434	0.8914	0.9093	0.9233	0.952
2960	0.7189	0.07149	0.277	0.6773	0.7271	0.7701	0.9127
2980	0.8529	0.06754	0.5326	0.8123	0.8702	0.9067	0.9631
3000	0.3947	0.09969	0.1941	0.3187	0.3841	0.4561	0.7474
3020	0.8221	0.09159	0.5327	0.7611	0.8393	0.8961	0.974
3040	0.2101	0.08838	0.04814	0.1448	0.1949	0.2587	0.6151
3060	0.5782	0.1511	0.1715	0.4661	0.5753	0.6934	0.9114
3080	0.877	0.04109	0.741	0.849	0.8773	0.9064	0.9753
3100	0.5225	0.1336	0.2093	0.4235	0.5092	0.6098	0.9068
3120	0.7527	0.0425	0.6096	0.7231	0.748	0.7774	0.9199
3140	0.4768	0.1037	0.1931	0.409	0.4779	0.545	0.8167
3160	0.8353	0.03717	0.678	0.8137	0.8407	0.8635	0.8988
3180	0.9222	0.05334	0.4271	0.9037	0.9353	0.9565	0.985
3200	0.82	0.08011	0.4801	0.7836	0.8397	0.8794	0.95
3220	0.8393	0.03976	0.5715	0.8202	0.8427	0.8645	0.9449
3240	0.9459	0.03002	0.7979	0.9318	0.9524	0.9683	0.992
3260	0.6854	0.1057	0.19	0.6298	0.7	0.7577	0.9018
3280	0.7445	0.07285	0.4222	0.7071	0.7584	0.7985	0.873
3300	0.8621	0.03927	0.7632	0.8338	0.8599	0.8898	0.9667
3320	0.7776	0.0781	0.4755	0.7302	0.7832	0.8372	0.9377
3340	0.786	0.02459	0.7056	0.769	0.7864	0.8028	0.8751
3360	0.7777	0.05059	0.589	0.7434	0.7744	0.8106	0.9367
3380	0.7558	0.08015	0.534	0.6959	0.7483	0.8083	0.9739
3400	0.7494	0.03899	0.6328	0.7238	0.749	0.777	0.8671
3420	0.8065	0.03626	0.6881	0.7826	0.8064	0.8321	0.9122
3440	0.9085	0.05074	0.6435	0.8912	0.923	0.9422	0.981
3460	0.7553	0.07953	0.5141	0.6983	0.7525	0.8201	0.9049
3480	0.5362	0.05746	0.3733	0.4978	0.5344	0.5751	0.7122
3500	0.8836	0.05848	0.6147	0.8531	0.9004	0.9279	0.9738
3520	0.1528	0.1023	0.02258	0.08511	0.121	0.1814	0.7365
3540	0.8991	0.04446	0.7358	0.8688	0.8992	0.933	0.9969
3560	0.6393	0.06444	0.3888	0.5999	0.6412	0.6809	0.8123
3580	0.8916	0.04795	0.639	0.8721	0.9033	0.9248	0.9659
3600	0.8399	0.03287	0.7143	0.8197	0.8417	0.8607	0.9487
3620	0.8533	0.05396	0.595	0.8264	0.8629	0.8915	0.9471
3640	0.836	0.04241	0.6418	0.8098	0.8379	0.8649	0.9576
3660	0.5229	0.07788	0.3324	0.4684	0.5163	0.566	0.868
3680	0.8692	0.03228	0.7497	0.8488	0.8693	0.8912	0.9665
3700	0.7448	0.03898	0.5455	0.7249	0.7533	0.77	0.8311
3720	0.7744	0.05638	0.5311	0.7425	0.7817	0.8146	0.9069
3740	0.3978	0.08191	0.1706	0.3428	0.3927	0.4484	0.7911
3760	0.4562	0.08525	0.2532	0.3959	0.4495	0.5175	0.7497
3780	0.7776	0.03601	0.6754	0.752	0.776	0.7994	0.924
3800	0.8736	0.0828	0.4857	0.8305	0.898	0.9372	0.9844
3820	0.718	0.1161	0.3783	0.6355	0.7309	0.8144	0.9509
3840	0.7327	0.04631	0.4725	0.7052	0.7403	0.7651	0.8422
3860	0.3095	0.1003	0.0793	0.2311	0.3021	0.3808	0.6314
3880	0.822	0.02408	0.7026	0.808	0.8226	0.8372	0.9019
3900	0.5423	0.07507	0.2672	0.4898	0.5479	0.6007	0.7325
3920	0.746	0.07504	0.5202	0.689	0.7435	0.8002	0.9516
3940	0.8592	0.04085	0.7295	0.8316	0.861	0.8885	0.9561
3960	0.7959	0.0482	0.5472	0.7689	0.7998	0.8267	0.9449
3980	0.7506	0.0807	0.269	0.7084	0.7588	0.808	0.9062
4000	0.9129	0.04122	0.6732	0.8917	0.9196	0.943	0.987
4020	0.6276	0.03745	0.4623	0.6072	0.6275	0.6495	0.7494
4040	0.3758	0.04953	0.1876	0.3456	0.3794	0.4075	0.5588
4060	0.7867	0.03908	0.671	0.7608	0.7879	0.8135	0.8855
4080	0.7785	0.08447	0.5063	0.7176	0.7727	0.837	0.9903
4100	0.2387	0.09291	0.07359	0.174	0.2175	0.2848	0.6558
4120	0.4005	0.118	0.1292	0.3162	0.3942	0.4801	0.768
4140	0.6403	0.03786	0.537	0.6138	0.6369	0.6637	0.7761
4160	0.8107	0.03266	0.6191	0.7902	0.811	0.8321	0.9117
4180	0.6707	0.105	0.3716	0.5985	0.67	0.7484	0.9544
4200	0.7479	0.0352	0.6538	0.7231	0.7466	0.7727	0.8602
4220	0.2709	0.08582	0.08356	0.2086	0.2557	0.3216	0.7068
4240	0.8038	0.06698	0.5708	0.7604	0.812	0.8545	0.9647
4260	0.4653	0.06989	0.1966	0.4296	0.482	0.5186	0.5949
4280	0.6145	0.07767	0.4044	0.5575	0.6183	0.674	0.8116
4300	0.6129	0.07413	0.3849	0.5653	0.615	0.6622	0.8955
4320	0.4644	0.06131	0.2665	0.4224	0.4603	0.504	0.6821
4340	0.5677	0.09721	0.2548	0.4961	0.5592	0.63	0.8901
4360	0.719	0.04165	0.5158	0.696	0.7254	0.7491	0.8119
4380	0.5273	0.08121	0.2555	0.4708	0.527	0.5842	0.8214
4400	0.9137	0.0442	0.7559	0.8813	0.9198	0.9501	0.9891
4420	0.8717	0.08916	0.4496	0.8259	0.8974	0.9404	0.9892
4440	0.8218	0.05192	0.615	0.7871	0.823	0.8576	0.9552
4460	0.7733	0.07763	0.4522	0.723	0.7743	0.828	0.9782
4480	0.8622	0.05363	0.5185	0.8446	0.8801	0.8964	0.9288
4500	0.8136	0.03401	0.6693	0.7924	0.8129	0.833	0.9535
4520	0.8265	0.03759	0.6772	0.802	0.829	0.8538	0.9102
4540	0.2776	0.06143	0.1484	0.2325	0.2703	0.3133	0.5412
4560	0.833	0.1017	0.4265	0.7707	0.8622	0.9125	0.9739
4580	0.768	0.06747	0.6265	0.7177	0.755	0.8089	0.9702
4600	0.7928	0.06757	0.5247	0.7576	0.8027	0.8411	0.9271
4620	0.7735	0.06579	0.5884	0.7274	0.7705	0.8187	0.9632
4640	0.8488	0.03677	0.7106	0.8257	0.8455	0.8712	0.9707
4660	0.8953	0.04471	0.7354	0.8654	0.8972	0.9291	0.9854
4680	0.4437	0.09475	0.1969	0.3808	0.4358	0.501	0.7978
4700	0.8909	0.04044	0.7353	0.8639	0.8963	0.923	0.9807
4720	0.5388	0.1053	0.2297	0.4725	0.5337	0.5994	0.8942
4740	0.8042	0.0275	0.6231	0.7886	0.8051	0.8213	0.8917
4760	0.9187	0.03271	0.8068	0.8965	0.9205	0.9442	0.9888
4780	0.7312	0.1176	0.3704	0.6503	0.7319	0.8231	0.9802
4800	0.2292	0.0708	0.08097	0.1779	0.2192	0.2696	0.5647
4820	0.8658	0.04741	0.7054	0.8335	0.8717	0.901	0.9671
4840	0.2687	0.09463	0.06735	0.1988	0.2575	0.325	0.6402
4860	0.7304	0.06826	0.5151	0.6821	0.7339	0.7799	0.9158
4880	0.6744	0.07728	0.4242	0.6236	0.6786	0.7318	0.8762
4900	0.7244	0.1136	0.2359	0.664	0.7421	0.8095	0.9363
4920	0.865	0.04987	0.5106	0.8442	0.8746	0.8978	0.9566
4940	0.761	0.02835	0.6821	0.7415	0.7619	0.7801	0.8485
4960	0.7675	0.03674	0.6178	0.7437	0.7693	0.7924	0.8836
4980	0.5262	0.08417	0.3092	0.467	0.5222	0.585	0.8134
5000	0.4081	0.1036	0.1561	0.3319	0.3967	0.4664	0.7567
5020	0.6399	0.07803	0.2917	0.5926	0.6427	0.6869	0.8966
5040	0.8055	0.04178	0.6387	0.7791	0.8062	0.8345	0.9144
5060	0.8256	0.04908	0.6512	0.792	0.8252	0.8609	0.965
5080	0.5081	0.09981	0.2652	0.4346	0.4984	0.5748	0.7897
5100	0.8311	0.04119	0.6164	0.8103	0.8352	0.858	0.9408
5120	0.5206	0.07395	0.2869	0.4755	0.5213	0.5646	0.8165
5140	0.5115	0.09927	0.2331	0.4482	0.5045	0.5711	0.8493
5160	0.5466	0.04755	0.3599	0.517	0.5512	0.5799	0.7097
5180	0.9456	0.03396	0.7191	0.9336	0.9542	0.9692	0.9903
5200	0.6377	0.06624	0.4343	0.591	0.6409	0.6811	0.8647
5220	0.52	0.1042	0.2272	0.4448	0.5212	0.5926	0.8056
5240	0.9368	0.03736	0.6456	0.9246	0.946	0.9609	0.9826
5260	0.3628	0.1099	0.1356	0.2831	0.3443	0.4252	0.898
5280	0.4316	0.09484	0.1877	0.3679	0.4369	0.4996	0.722
5300	0.7872	0.07916	0.4527	0.7349	0.7847	0.8453	0.9576
5320	0.403	0.1521	0.06376	0.2826	0.4014	0.5192	0.7873
5340	0.9023	0.0369	0.7752	0.8775	0.9035	0.9294	0.9784
5360	0.4125	0.07931	0.2171	0.3539	0.4023	0.4615	0.6974
5380	0.4252	0.05624	0.262	0.3862	0.4237	0.4606	0.6664
5400	0.8772	0.05886	0.6559	0.8387	0.8834	0.9244	0.9768
5420	0.7632	0.06842	0.3411	0.7374	0.7758	0.8085	0.8946
5440	0.353	0.1076	0.1244	0.273	0.3393	0.4342	0.6688
5460	0.8868	0.02718	0.758	0.8718	0.8899	0.9064	0.9405
5480	0.8691	0.07219	0.6272	0.8174	0.876	0.9344	0.9864
5500	0.7427	0.06328	0.5604	0.6997	0.7348	0.7814	0.9737
5520	0.7852	0.03036	0.6575	0.7674	0.7875	0.8045	0.8809
5540	0.8469	0.03676	0.7179	0.8236	0.8469	0.8685	0.9817
5560	0.7576	0.03494	0.5536	0.7359	0.7586	0.7811	0.8843
5580	0.6999	0.04068	0.4954	0.6791	0.7029	0.7253	0.8685
5600	0.818	0.0752	0.5953	0.7626	0.8197	0.8763	0.9803
5620	0.6389	0.01973	0.5651	0.6269	0.6385	0.6509	0.7061
5640	0.7464	0.05378	0.5897	0.7105	0.747	0.7817	0.901
5660	0.7867	0.08609	0.4455	0.7353	0.7926	0.8447	0.9714
5680	0.8787	0.05086	0.654	0.8537	0.8898	0.915	0.9746
5700	0.9104	0.03261	0.7827	0.8895	0.913	0.9348	0.98
5720	0.4011	0.07452	0.2192	0.3481	0.3932	0.4467	0.6795
5740	0.657	0.01887	0.6015	0.6443	0.6541	0.6663	0.8012
5760	0.8506	0.04645	0.625	0.8181	0.8535	0.8835	0.9682
5780	0.6574	0.1005	0.291	0.5923	0.6713	0.7308	0.8815
5800	0.7882	0.03995	0.6794	0.7602	0.7853	0.8139	0.9328
5820	0.8708	0.03469	0.7418	0.8468	0.8726	0.8967	0.9611
5840	0.8391	0.04174	0.7085	0.8127	0.8393	0.867	0.9501
5860	0.7985	0.08658	0.4267	0.7398	0.7941	0.8593	0.9926
5880	0.6555	0.1303	0.2821	0.5544	0.6458	0.7481	0.9645
5900	0.8647	0.03435	0.7019	0.8418	0.8624	0.8864	0.9811
5920	0.1237	0.08422	0.01647	0.06548	0.1023	0.1584	0.6666
5940	0.7613	0.03598	0.6123	0.7406	0.7609	0.7843	0.9138
5960	0.8878	0.0504	0.4794	0.8688	0.8945	0.9201	0.9803
5980	0.5118	0.1565	0.1412	0.3902	0.502	0.6217	0.9276
6000	0.7002	0.07511	0.4557	0.6496	0.6961	0.746	0.9615
6020	0.879	0.03949	0.6542	0.8552	0.884	0.9079	0.9808
6040	0.8421	0.04025	0.4781	0.8246	0.8468	0.8687	0.9257
6060	0.8761	0.04178	0.7427	0.8463	0.8757	0.9067	0.9735
6080	0.8816	0.07517	0.6005	0.8482	0.9023	0.9398	0.9874
6100	0.8892	0.08271	0.4618	0.8471	0.9104	0.9542	0.9908
6120	0.5058	0.09289	0.2129	0.4437	0.5027	0.5677	0.7865
6140	0.5333	0.09051	0.2998	0.4678	0.5241	0.5912	0.8621
6160	0.8773	0.06922	0.5385	0.8402	0.8925	0.9297	0.9885
6180	0.6195	0.06099	0.431	0.579	0.6178	0.6556	0.8166
6200	0.7508	0.08391	0.2816	0.7064	0.7657	0.811	0.9061
6220	0.7307	0.04809	0.5526	0.7008	0.7345	0.7658	0.8548
6240	0.8777	0.05148	0.7068	0.8431	0.8836	0.9196	0.9762
6260	0.9145	0.05725	0.616	0.8942	0.9326	0.9531	0.9913
6280	0.8169	0.0563	0.5677	0.7861	0.8223	0.8503	0.9659
6300	0.9315	0.03355	0.7134	0.9164	0.9379	0.954	0.9871
6320	0.4738	0.1253	0.1529	0.3848	0.4598	0.557	0.849
6340	0.9019	0.0317	0.7887	0.8827	0.9068	0.9253	0.9687
6360	0.7885	0.03362	0.6714	0.7654	0.7888	0.8119	0.9201
6380	0.9064	0.03979	0.7146	0.8853	0.9122	0.9345	0.9814
6400	0.8241	0.06289	0.5386	0.7967	0.8385	0.8703	0.9288
6420	0.8862	0.05482	0.66	0.8568	0.8938	0.9268	0.9851
6440	0.754	0.08494	0.492	0.6909	0.7495	0.8135	0.9734
6460	0.8869	0.04379	0.5344	0.866	0.8949	0.9167	0.9649
6480	0.7744	0.09295	0.3371	0.7341	0.8032	0.8383	0.9287
6500	0.8617	0.06189	0.5474	0.8338	0.8757	0.9037	0.9679
6520	0.687	0.03093	0.6112	0.6648	0.685	0.7056	0.7943
6540	0.633	0.06844	0.4121	0.5897	0.6305	0.6743	0.9162
6560	0.7483	0.04888	0.6218	0.7147	0.7472	0.7796	0.8852
6580	0.9016	0.05233	0.6294	0.8766	0.9176	0.9391	0.9701
6600	0.1975	0.09753	0.04868	0.1282	0.1766	0.2422	0.6619
6620	0.702	0.07148	0.4161	0.6585	0.7155	0.7569	0.8625
6640	0.7176	0.05007	0.4915	0.6845	0.7192	0.7516	0.8363
6660	0.5017	0.06123	0.3131	0.463	0.4973	0.5409	0.7092
6680	0.7023	0.06112	0.5433	0.6599	0.7019	0.7453	0.9053
6700	0.8666	0.05043	0.7081	0.8317	0.8678	0.905	0.9835
6720	0.7038	0.04022	0.5686	0.6755	0.7018	0.7306	0.8465
6740	0.7098	0.04132	0.582	0.6822	0.7049	0.7336	0.8774
6760	0.784	0.04115	0.56	0.7638	0.7894	0.8126	0.8732
6780	0.4989	0.1405	0.112	0.3942	0.489	0.5912	0.8847
6800	0.7918	0.05466	0.6317	0.7538	0.7912	0.8285	0.9491
6820	0.3643	0.1831	0.0712	0.2184	0.3216	0.4665	0.9388
6840	0.6863	0.1023	0.4152	0.6126	0.6808	0.7585	0.9185
6860	0.3959	0.08588	0.1913	0.3331	0.3871	0.4458	0.7744
6880	0.8463	0.03579	0.7397	0.8211	0.8453	0.8728	0.9407
6900	0.8551	0.0789	0.4163	0.8173	0.8729	0.9101	0.9778
6920	0.6921	0.0432	0.5785	0.6629	0.6889	0.7177	0.8822
6940	0.518	0.08519	0.319	0.4588	0.511	0.5688	0.8311
6960	0.6221	0.1575	0.2374	0.4964	0.6143	0.7419	0.9737
6980	0.6123	0.05127	0.3936	0.5813	0.6127	0.6429	0.8408
7000	0.9357	0.04126	0.7111	0.9193	0.9474	0.9641	0.991
7020	0.7795	0.09997	0.3602	0.7246	0.7966	0.8495	0.9688
7040	0.701	0.08302	0.4008	0.6509	0.6994	0.752	0.9566
7060	0.639	0.1312	0.1856	0.5652	0.6616	0.7363	0.9005
7080	0.8753	0.03713	0.5905	0.8519	0.8746	0.9004	0.9725
7100	0.8593	0.02933	0.7236	0.8454	0.8657	0.8796	0.9136
7120	0.7723	0.0919	0.3313	0.7539	0.8012	0.8288	0.9178
7140	0.8291	0.0376	0.695	0.8036	0.8291	0.8581	0.9209
7160	0.7893	0.01986	0.6843	0.7803	0.7916	0.8019	0.8462
7180	0.6452	0.0589	0.4352	0.604	0.6469	0.6857	0.8697
7200	0.829	0.03083	0.7435	0.8091	0.8267	0.8481	0.9282
7220	0.8267	0.07379	0.4794	0.7795	0.8339	0.8809	0.973
7240	0.7566	0.1039	0.4432	0.6897	0.7601	0.8362	0.9591
7260	0.6092	0.05835	0.3365	0.5802	0.6159	0.6457	0.7802
7280	0.8977	0.06065	0.5917	0.8721	0.9154	0.9401	0.9815
7300	0.8396	0.0797	0.4374	0.8028	0.855	0.8967	0.975
7320	0.3696	0.03579	0.1554	0.3472	0.3679	0.3894	0.5143
7340	0.8629	0.03384	0.708	0.8423	0.8645	0.8852	0.9711
7360	0.9144	0.02607	0.7714	0.8962	0.9146	0.9329	0.9795
7380	0.8836	0.05333	0.6423	0.8589	0.8971	0.9201	0.969
7400	0.8128	0.03068	0.6911	0.7932	0.8139	0.8334	0.9028
7420	0.5295	0.0981	0.2776	0.4617	0.526	0.5969	0.848
7440	0.868	0.03546	0.7303	0.8461	0.8682	0.8922	0.9662
7460	0.2317	0.07643	0.08599	0.1759	0.2237	0.2755	0.7039
7480	0.778	0.06564	0.5048	0.7409	0.7885	0.8234	0.9163
7500	0.1027	0.06588	0.01517	0.05809	0.08482	0.1314	0.4953
7520	0.8118	0.05473	0.6765	0.7725	0.8051	0.8502	0.9611
7540	0.3576	0.07089	0.1883	0.3084	0.3539	0.4023	0.6342
7560	0.9287	0.03704	0.6961	0.9068	0.9338	0.9577	0.991
7580	0.5776	0.06577	0.3557	0.5346	0.5798	0.6244	0.8038
7600	0.8043	0.1094	0.3833	0.7307	0.8215	0.891	0.9753
7620	0.8376	0.04947	0.6165	0.8082	0.8437	0.875	0.9362
7640	0.8197	0.1061	0.4007	0.7608	0.8357	0.9029	0.9844
7660	0.8387	0.06631	0.542	0.806	0.8536	0.8878	0.9479
7680	0.783	0.09783	0.3742	0.7284	0.8029	0.8558	0.9623
7700	0.6692	0.04673	0.4982	0.6388	0.6666	0.6982	0.8259
7720	0.8602	0.03945	0.6873	0.834	0.8577	0.8872	0.9658
7740	0.7886	0.02936	0.6827	0.7688	0.79	0.8084	0.8786
7760	0.8836	0.07587	0.533	0.8587	0.9085	0.9371	0.9788
7780	0.8145	0.07502	0.5223	0.7732	0.8222	0.8685	0.9731
7800	0.3937	0.08666	0.1812	0.3301	0.3892	0.446	0.6896
7820	0.6418	0.1023	0.2688	0.5782	0.6586	0.719	0.928
7840	0.4188	0.1043	0.1966	0.3421	0.4025	0.4752	0.7901
7860	0.901	0.03888	0.668	0.8805	0.9081	0.9285	0.9737
7880	0.5426	0.05606	0.3831	0.5042	0.5459	0.5849	0.6819
7900	0.8452	0.09195	0.4294	0.8	0.8679	0.9169	0.9758
7920	0.8713	0.09151	0.4326	0.8175	0.8944	0.9446	0.9919
7940	0.7114	0.05075	0.5641	0.6777	0.7054	0.7397	0.9088
7960	0.5785	0.1124	0.1567	0.506	0.5832	0.6594	0.8768
7980	0.8427	0.02948	0.6928	0.828	0.844	0.861	0.938
8000	0.6141	0.07011	0.3441	0.5757	0.6179	0.6596	0.8739
8020	0.7452	0.03692	0.5963	0.7217	0.7481	0.7701	0.8464
8040	0.8077	0.05045	0.6464	0.7714	0.8045	0.8429	0.9335
8060	0.7303	0.04246	0.5776	0.7036	0.7294	0.7564	0.8666
8080	0.7834	0.03012	0.7124	0.7623	0.7816	0.8001	0.9224
8100	0.74	0.04609	0.6315	0.7069	0.7359	0.7688	0.911
8120	0.719	0.06901	0.4348	0.6699	0.7179	0.7636	0.9513
8140	0.7837	0.03805	0.676	0.7577	0.7816	0.8107	0.9019
8160	0.9143	0.04831	0.6338	0.8971	0.9275	0.9458	0.98
8180	0.6626	0.02138	0.6066	0.6477	0.6604	0.6739	0.7773
8200	0.8781	0.04096	0.7587	0.8491	0.8809	0.9083	0.9673
8220	0.9045	0.0332	0.7876	0.8832	0.9089	0.9292	0.9786
8240	0.3844	0.1394	0.1168	0.2803	0.359	0.4684	0.8696
8260	0.7995	0.06335	0.5093	0.7706	0.8094	0.8425	0.9293
8280	0.8894	0.04252	0.7241	0.8641	0.8987	0.9213	0.9693
8300	0.8605	0.04374	0.7133	0.8327	0.8589	0.8895	0.9918
8320	0.8872	0.0225	0.7613	0.875	0.8922	0.9034	0.9322
8340	0.7594	0.05068	0.5344	0.731	0.765	0.7926	0.9147
8360	0.8155	0.06299	0.508	0.7847	0.8231	0.8559	0.9541
8380	0.6601	0.05411	0.4627	0.6234	0.6547	0.6938	0.8382
8400	0.5626	0.06342	0.3395	0.526	0.5718	0.609	0.7127
8420	0.8279	0.0453	0.6916	0.7978	0.8252	0.8584	0.9815
8440	0.8832	0.03737	0.5429	0.8708	0.8914	0.9054	0.9402
8460	0.5025	0.1114	0.242	0.4224	0.4924	0.5729	0.9419
8480	0.9252	0.0519	0.6283	0.9079	0.9421	0.9601	0.9856
8500	0.7271	0.05316	0.6088	0.6873	0.7234	0.7626	0.8903
8520	0.8653	0.04967	0.7216	0.8291	0.8678	0.9061	0.9717
8540	0.7815	0.04006	0.6709	0.755	0.7786	0.8074	0.9249
8560	0.6918	0.1068	0.3685	0.6203	0.7126	0.7828	0.8757
8580	0.8695	0.04281	0.6579	0.8474	0.8778	0.9007	0.9599
8600	0.8293	0.04309	0.5492	0.8067	0.8328	0.8567	0.9284
8620	0.9259	0.03121	0.8221	0.9055	0.9312	0.9499	0.9838
8640	0.6377	0.08359	0.3971	0.5782	0.6328	0.6904	0.9075
8660	0.6896	0.07063	0.4425	0.6376	0.6903	0.7401	0.8917
8680	0.9205	0.05411	0.677	0.8919	0.9378	0.9614	0.9923
8700	0.7736	0.05934	0.591	0.7352	0.7749	0.817	0.9226
8720	0.3548	0.1055	0.1297	0.2741	0.3401	0.4191	0.7669
8740	0.8033	0.04376	0.6632	0.7722	0.8033	0.8339	0.9404
8760	0.6135	0.1101	0.1935	0.5592	0.6351	0.6905	0.8591
8780	0.825	0.03764	0.7101	0.7994	0.8215	0.8497	0.9558
8800	0.1003	0.03083	0.04439	0.07611	0.09485	0.1194	0.2185
8820	0.4237	0.09709	0.1568	0.3557	0.43	0.492	0.6623
8840	0.8196	0.0763	0.4852	0.7881	0.8443	0.8728	0.9203
8860	0.8603	0.06293	0.5752	0.8255	0.8683	0.9058	0.9765
8880	0.8089	0.07923	0.5428	0.7569	0.8211	0.8745	0.9514
8900	0.8437	0.04819	0.7131	0.8106	0.8458	0.8801	0.96
8920	0.7239	0.04894	0.5473	0.6899	0.7239	0.7562	0.8859
8940	0.7022	0.05273	0.371	0.6675	0.7057	0.7358	0.8611
8960	0.3159	0.06549	0.124	0.2686	0.3107	0.3587	0.544
8980	0.3599	0.1064	0.1192	0.2835	0.3528	0.4366	0.6656
9000	0.2438	0.1206	0.02743	0.153	0.2201	0.3124	0.7191
9020	0.7616	0.09411	0.4215	0.7031	0.7706	0.83	0.98
9040	0.6893	0.08428	0.4256	0.6346	0.6929	0.7505	0.953
9060	0.6243	0.09888	0.2336	0.5517	0.6292	0.7042	0.8275
9080	0.6341	0.06494	0.3918	0.5942	0.6435	0.6814	0.7793
9100	0.8204	0.04017	0.6794	0.7925	0.8181	0.8442	0.9363
9120	0.7693	0.0828	0.3991	0.7245	0.7833	0.8293	0.9379
9140	0.9316	0.04806	0.6862	0.9099	0.945	0.967	0.9919
9160	0.749	0.07666	0.3982	0.7034	0.7544	0.8055	0.913
9180	0.4799	0.08175	0.2639	0.4225	0.4756	0.5323	0.7393
9200	0.3373	0.06226	0.175	0.2924	0.3319	0.3748	0.576
9220	0.4308	0.07507	0.2322	0.3748	0.4255	0.485	0.6489
9240	0.8244	0.0962	0.4742	0.7586	0.8327	0.8987	0.9921
9260	0.7426	0.05607	0.4696	0.7095	0.7481	0.7815	0.9296
9280	0.8056	0.07313	0.4819	0.7609	0.8065	0.8572	0.9758
9300	0.8933	0.03643	0.7737	0.8681	0.8922	0.9198	0.9855
9320	0.5571	0.08509	0.2225	0.5041	0.5608	0.6147	0.8175
9340	0.3492	0.1162	0.1237	0.2617	0.3297	0.4151	0.7574
9360	0.8861	0.03776	0.7543	0.8589	0.8867	0.9135	0.9793
9380	0.7806	0.06926	0.5548	0.735	0.7869	0.8298	0.9392
9400	0.7748	0.04011	0.6698	0.7449	0.7731	0.8	0.9123
9420	0.8541	0.04361	0.6834	0.8271	0.8584	0.8829	0.9572
9440	0.4103	0.1355	0.08327	0.3079	0.3975	0.5067	0.8385
9460	0.8798	0.04376	0.6277	0.8587	0.8857	0.9106	0.964
9480	0.7779	0.03983	0.6494	0.7497	0.7753	0.8043	0.9141
9500	0.8858	0.05223	0.5525	0.8681	0.9036	0.9186	0.9811
9520	0.4753	0.06185	0.2695	0.4323	0.4674	0.5168	0.7262
9540	0.7478	0.06317	0.4151	0.713	0.7579	0.7917	0.8939
9560	0.5019	0.1486	0.1481	0.3945	0.4949	0.6131	0.8851
9580	0.8468	0.0522	0.6473	0.8169	0.8577	0.8851	0.9471
9600	0.3541	0.06502	0.156	0.3089	0.3544	0.4001	0.5583
9620	0.7833	0.07478	0.3593	0.7596	0.8027	0.8319	0.9177
9640	0.8701	0.05307	0.6469	0.8399	0.8813	0.909	0.9624
9660	0.5311	0.1403	0.1245	0.4246	0.5484	0.6412	0.8302
9680	0.6152	0.0656	0.3861	0.5744	0.6138	0.6555	0.816
9700	0.5235	0.106	0.1847	0.453	0.5305	0.5992	0.7877
9720	0.9317	0.05632	0.6525	0.9158	0.952	0.9685	0.9942
9740	0.7756	0.0413	0.678	0.7466	0.7729	0.8013	0.9306
9760	0.7366	0.1101	0.4016	0.6584	0.7411	0.8242	0.9577
9780	0.6738	0.04444	0.5413	0.6437	0.6708	0.6975	0.864
9800	0.1703	0.07738	0.04835	0.1116	0.1513	0.2107	0.4387
9820	0.8864	0.07076	0.5844	0.856	0.9061	0.9365	0.986
9840	0.7647	0.06082	0.5914	0.7214	0.7676	0.8082	0.9122
9860	0.868	0.05899	0.5643	0.8429	0.8829	0.9089	0.9557
9880	0.7599	0.0491	0.5813	0.7297	0.7629	0.7922	0.9401
9900	0.6449	0.1007	0.353	0.5731	0.6499	0.7175	0.9166
9920	0.69	0.03672	0.5617	0.667	0.6869	0.7113	0.9189
9940	0.8016	0.04568	0.5299	0.7822	0.8069	0.8288	0.93
9960	0.1519	0.05471	0.03789	0.1139	0.143	0.1806	0.4672
9980	0.2519	0.09555	0.05406	0.1832	0.2332	0.3041	0.6584
