idx	label	predict	radius	correct	unperturbed predict	unperturbed correct	time
0	0	-1	0.0	0	0	1	0:02:53.974506
100	2	2	0.947	1	2	1	0:02:51.348937
200	4	-1	0.0	0	-1	0	0:02:51.678502
300	6	6	0.947	1	6	1	0:02:51.881881
400	8	8	0.947	1	8	1	0:02:51.497196
500	10	10	0.947	1	10	1	0:02:51.274585
600	12	448	0.242	0	448	0	0:02:51.230132
700	14	14	0.947	1	14	1	0:02:51.618838
800	16	16	0.947	1	16	1	0:02:51.718314
900	18	137	0.0362	0	137	0	0:02:51.843083
1000	20	20	0.947	1	20	1	0:02:51.867350
1100	22	21	0.241	0	21	0	0:02:52.087212
1200	24	24	0.947	1	24	1	0:02:52.015982
1300	26	26	0.747	1	26	1	0:02:52.213909
1400	28	28	0.335	1	28	1	0:02:52.096510
1500	30	30	0.947	1	30	1	0:02:52.787834
1600	32	103	0.132	0	103	0	0:02:52.606725
1700	34	119	0.121	0	119	0	0:02:52.128073
1800	36	35	0.254	0	35	0	0:02:52.590591
1900	38	44	0.126	0	44	0	0:02:52.198116
2000	40	-1	0.0	0	59	0	0:02:51.912897
2100	42	48	0.947	0	48	0	0:02:52.338121
2200	44	44	0.947	1	44	1	0:02:51.388530
2300	46	40	0.122	0	40	0	0:02:51.007638
2400	48	48	0.585	1	48	1	0:02:51.445216
2500	50	50	0.251	1	50	1	0:02:51.364154
2600	52	111	0.128	0	111	0	0:02:51.098940
2700	54	57	0.221	0	57	0	0:02:51.212456
2800	56	56	0.947	1	56	1	0:02:51.270873
2900	58	114	0.525	0	114	0	0:02:51.928215
3000	60	61	0.947	0	61	0	0:02:51.849814
3100	62	62	0.802	1	62	1	0:02:52.082339
3200	64	64	0.947	1	64	1	0:02:52.220256
3300	66	63	0.0159	0	63	0	0:02:51.520356
3400	68	111	0.947	0	111	0	0:02:51.136575
3500	70	70	0.947	1	70	1	0:02:51.002316
3600	72	72	0.947	1	72	1	0:02:51.234323
3700	74	74	0.384	1	74	1	0:02:52.521030
3800	76	76	0.224	1	76	1	0:02:51.697316
3900	78	78	0.947	1	78	1	0:02:52.185357
4000	80	80	0.947	1	80	1	0:02:52.059054
4100	82	82	0.947	1	82	1	0:02:51.777373
4200	84	84	0.513	1	84	1	0:02:51.946276
4300	86	86	0.675	1	86	1	0:02:52.689892
4400	88	954	0.317	0	954	0	0:02:52.177797
4500	90	90	0.947	1	90	1	0:02:52.157527
4600	92	92	0.811	1	92	1	0:02:52.304854
4700	94	94	0.947	1	94	1	0:02:51.598875
4800	96	96	0.947	1	96	1	0:02:50.998392
4900	98	98	0.947	1	98	1	0:02:51.209605
5000	100	100	0.947	1	100	1	0:02:51.102119
5100	102	102	0.947	1	102	1	0:02:51.313714
5200	104	342	0.211	0	342	0	0:02:51.467924
5300	106	106	0.93	1	106	1	0:02:51.169076
5400	108	29	0.387	0	29	0	0:02:51.218734
5500	110	110	0.947	1	110	1	0:02:51.283079
5600	112	112	0.742	1	112	1	0:02:51.808273
5700	114	113	0.947	0	113	0	0:02:52.008567
5800	116	116	0.947	1	116	1	0:02:51.588524
5900	118	118	0.947	1	118	1	0:02:52.462954
6000	120	124	0.0367	0	124	0	0:02:51.963792
6100	122	122	0.947	1	122	1	0:02:51.617480
6200	124	123	0.461	0	123	0	0:02:51.795150
6300	126	126	0.888	1	126	1	0:02:52.172233
6400	128	128	0.947	1	128	1	0:02:52.127976
6500	130	130	0.93	1	130	1	0:02:51.838841
6600	132	132	0.947	1	132	1	0:02:51.694123
6700	134	132	0.947	0	132	0	0:02:52.140225
6800	136	136	0.947	1	136	1	0:02:52.015618
6900	138	138	0.947	1	138	1	0:02:52.156630
7000	140	140	0.947	1	140	1	0:02:52.261300
7100	142	142	0.918	1	142	1	0:02:52.168775
7200	144	144	0.918	1	144	1	0:02:52.051231
7300	146	146	0.259	1	146	1	0:02:51.358720
7400	148	148	0.947	1	148	1	0:02:51.269439
7500	150	360	0.947	0	360	0	0:02:52.052614
7600	152	152	0.947	1	152	1	0:02:51.878236
7700	154	154	0.543	1	154	1	0:02:52.102855
7800	156	156	0.947	1	156	1	0:02:52.511832
7900	158	158	0.589	1	158	1	0:02:51.732416
8000	160	160	0.947	1	160	1	0:02:51.416948
8100	162	162	0.947	1	162	1	0:02:51.052626
8200	164	217	0.169	0	217	0	0:02:51.496907
8300	166	166	0.741	1	166	1	0:02:51.136479
8400	168	211	0.278	0	211	0	0:02:51.154706
8500	170	172	0.215	0	172	0	0:02:51.407582
8600	172	172	0.716	1	172	1	0:02:51.297019
8700	174	174	0.883	1	174	1	0:02:51.483012
8800	176	176	0.947	1	176	1	0:02:51.935331
8900	178	178	0.947	1	178	1	0:02:50.972952
9000	180	243	0.649	0	243	0	0:02:51.124500
9100	182	760	0.432	0	760	0	0:02:51.732370
9200	184	189	0.245	0	189	0	0:02:51.716230
9300	186	192	0.412	0	192	0	0:02:51.811100
9400	188	188	0.587	1	188	1	0:02:52.100167
9500	190	190	0.947	1	190	1	0:02:51.871931
9600	192	199	0.355	0	199	0	0:02:51.804042
9700	194	170	0.0921	0	170	0	0:02:52.158130
9800	196	199	0.947	0	199	0	0:02:52.552683
9900	198	198	0.286	1	198	1	0:02:52.175448
10000	200	200	0.271	1	200	1	0:02:52.096473
10100	202	202	0.624	1	202	1	0:02:52.010753
10200	204	204	0.775	1	204	1	0:02:52.287019
10300	206	206	0.947	1	206	1	0:02:51.862121
10400	208	208	0.947	1	208	1	0:02:51.788058
10500	210	210	0.75	1	210	1	0:02:51.417554
10600	212	-1	0.0	0	-1	0	0:02:51.770288
10700	214	221	0.055	0	221	0	0:02:52.136404
10800	216	216	0.947	1	216	1	0:02:51.417576
10900	218	218	0.947	1	218	1	0:02:51.516265
11000	220	220	0.947	1	220	1	0:02:51.704177
11100	222	296	0.247	0	296	0	0:02:51.515445
11200	224	283	0.185	0	283	0	0:02:51.404780
11300	226	226	0.947	1	226	1	0:02:51.335346
11400	228	228	0.947	1	228	1	0:02:51.670436
11500	230	230	0.194	1	230	1	0:02:52.046123
11600	232	232	0.947	1	232	1	0:02:52.112296
11700	234	208	0.471	0	208	0	0:02:51.773142
11800	236	234	0.127	0	234	0	0:02:52.074771
11900	238	238	0.441	1	238	1	0:02:52.172301
12000	240	238	0.947	0	238	0	0:02:52.270916
12100	242	242	0.809	1	242	1	0:02:51.846076
12200	244	244	0.947	1	244	1	0:02:52.149130
12300	246	251	0.224	0	251	0	0:02:51.996088
12400	248	248	0.546	1	248	1	0:02:51.435652
12500	250	269	0.14	0	269	0	0:02:52.427527
12600	252	252	0.411	1	252	1	0:02:52.222253
12700	254	254	0.0334	1	254	1	0:02:52.020099
12800	256	256	0.947	1	256	1	0:02:51.974733
12900	258	258	0.278	1	258	1	0:02:52.589264
13000	260	260	0.947	1	260	1	0:02:52.437775
13100	262	262	0.947	1	262	1	0:02:51.966325
13200	264	264	0.298	1	264	1	0:02:51.470813
13300	266	266	0.947	1	266	1	0:02:51.863069
13400	268	268	0.947	1	268	1	0:02:51.619060
13500	270	270	0.947	1	270	1	0:02:51.580678
13600	272	274	0.438	0	274	0	0:02:52.326689
13700	274	274	0.947	1	274	1	0:02:51.027305
13800	276	276	0.947	1	276	1	0:02:51.073378
13900	278	278	0.909	1	278	1	0:02:51.432202
14000	280	280	0.947	1	280	1	0:02:50.956677
14100	282	282	0.248	1	282	1	0:02:51.357657
14200	284	284	0.947	1	284	1	0:02:51.284467
14300	286	286	0.947	1	286	1	0:02:50.732213
14400	288	288	0.947	1	288	1	0:02:50.587366
14500	290	290	0.93	1	290	1	0:02:51.102224
14600	292	290	0.947	0	290	0	0:02:51.028536
14700	294	294	0.947	1	294	1	0:02:50.825526
14800	296	296	0.421	1	296	1	0:02:51.071295
14900	298	353	0.208	0	353	0	0:02:50.569234
15000	300	300	0.947	1	300	1	0:02:51.008179
15100	302	302	0.326	1	302	1	0:02:50.923037
15200	304	301	0.918	0	301	0	0:02:50.694106
15300	306	306	0.947	1	306	1	0:02:51.213367
15400	308	308	0.735	1	308	1	0:02:50.798697
15500	310	310	0.947	1	310	1	0:02:50.840822
15600	312	312	0.152	1	312	1	0:02:50.890944
15700	314	314	0.93	1	314	1	0:02:51.047354
15800	316	316	0.947	1	316	1	0:02:50.473061
15900	318	318	0.374	1	318	1	0:02:50.627609
16000	320	320	0.947	1	320	1	0:02:50.532917
16100	322	322	0.947	1	322	1	0:02:50.941864
16200	324	324	0.947	1	324	1	0:02:50.897153
16300	326	326	0.947	1	326	1	0:02:50.950757
16400	328	328	0.947	1	328	1	0:02:50.691830
16500	330	330	0.597	1	330	1	0:02:50.940054
16600	332	259	0.0446	0	259	0	0:02:50.669086
16700	334	334	0.947	1	334	1	0:02:50.934135
16800	336	336	0.947	1	336	1	0:02:50.770918
16900	338	452	0.199	0	452	0	0:02:50.437802
17000	340	340	0.947	1	340	1	0:02:50.667597
17100	342	-1	0.0	0	373	0	0:02:50.770248
17200	344	344	0.61	1	344	1	0:02:50.865596
17300	346	346	0.172	1	346	1	0:02:50.520714
17400	348	348	0.947	1	348	1	0:02:50.558290
17500	350	350	0.947	1	350	1	0:02:50.782756
17600	352	352	0.947	1	352	1	0:02:51.285889
17700	354	354	0.947	1	354	1	0:02:50.894296
17800	356	-1	0.0	0	193	0	0:02:50.999318
17900	358	359	0.534	0	359	0	0:02:50.989176
18000	360	360	0.947	1	360	1	0:02:50.901975
18100	362	362	0.947	1	362	1	0:02:50.792648
18200	364	364	0.947	1	364	1	0:02:50.699440
18300	366	366	0.516	1	366	1	0:02:50.759607
18400	368	368	0.918	1	368	1	0:02:50.763001
18500	370	370	0.947	1	370	1	0:02:50.701899
18600	372	372	0.947	1	372	1	0:02:50.498876
18700	374	367	0.283	0	367	0	0:02:50.556533
18800	376	376	0.947	1	376	1	0:02:50.619584
18900	378	-1	0.0	0	379	0	0:02:50.865287
19000	380	380	0.947	1	380	1	0:02:50.608432
19100	382	382	0.947	1	382	1	0:02:50.695300
19200	384	384	0.00517	1	384	1	0:02:50.667523
19300	386	101	0.724	0	101	0	0:02:50.389378
19400	388	388	0.947	1	388	1	0:02:50.789535
19500	390	390	0.947	1	390	1	0:02:50.563827
19600	392	397	0.947	0	397	0	0:02:50.898336
19700	394	777	0.0839	0	777	0	0:02:50.744493
19800	396	396	0.947	1	396	1	0:02:50.935617
19900	398	398	0.947	1	398	1	0:02:51.106873
20000	400	400	0.947	1	400	1	0:02:52.119744
20100	402	546	0.129	0	546	0	0:02:51.490725
20200	404	404	0.947	1	404	1	0:02:51.785451
20300	406	562	0.157	0	562	0	0:02:51.373221
20400	408	847	0.533	0	847	0	0:02:51.507518
20500	410	-1	0.0	0	212	0	0:02:51.929530
20600	412	412	0.5	1	412	1	0:02:51.877170
20700	414	414	0.947	1	414	1	0:02:52.242216
20800	416	416	0.947	1	416	1	0:02:51.539814
20900	418	563	0.947	0	563	0	0:02:51.872050
21000	420	420	0.824	1	420	1	0:02:52.067662
21100	422	422	0.0876	1	422	1	0:02:52.129902
21200	424	424	0.341	1	424	1	0:02:51.564922
21300	426	426	0.947	1	426	1	0:02:51.691720
21400	428	428	0.947	1	428	1	0:02:52.255956
21500	430	430	0.947	1	430	1	0:02:52.014422
21600	432	432	0.947	1	432	1	0:02:51.719295
21700	434	434	0.224	1	434	1	0:02:51.698248
21800	436	436	0.947	1	436	1	0:02:51.866536
21900	438	438	0.0626	1	438	1	0:02:51.255515
22000	440	907	0.185	0	907	0	0:02:52.129053
22100	442	442	0.947	1	442	1	0:02:52.158818
22200	444	394	0.215	0	394	0	0:02:51.740290
22300	446	446	0.947	1	446	1	0:02:52.085927
22400	448	448	0.541	1	448	1	0:02:51.931460
22500	450	670	0.0551	0	670	0	0:02:51.985658
22600	452	452	0.947	1	452	1	0:02:52.192266
22700	454	454	0.947	1	454	1	0:02:52.767868
22800	456	522	0.64	0	522	0	0:02:52.413102
22900	458	458	0.947	1	458	1	0:02:52.522133
23000	460	978	0.798	0	978	0	0:02:52.106022
23100	462	462	0.947	1	462	1	0:02:52.292023
23200	464	439	0.0445	0	439	0	0:02:52.553112
23300	466	466	0.947	1	466	1	0:02:52.045745
23400	468	468	0.947	1	468	1	0:02:52.694497
23500	470	832	0.31	0	832	0	0:02:52.478468
23600	472	472	0.947	1	472	1	0:02:52.328462
23700	474	715	0.0689	0	715	0	0:02:52.327358
23800	476	476	0.947	1	476	1	0:02:57.085818
23900	478	478	0.529	1	478	1	0:02:57.622521
24000	480	624	0.168	0	624	0	0:02:57.791904
24100	482	481	0.0121	0	-1	0	0:02:56.747674
24200	484	871	0.678	0	871	0	0:02:56.835234
24300	486	889	0.947	0	889	0	0:02:56.906374
24400	488	488	0.126	1	488	1	0:02:56.392371
24500	490	490	0.93	1	490	1	0:02:56.182302
24600	492	492	0.947	1	492	1	0:02:56.338623
24700	494	907	0.35	0	907	0	0:02:56.329490
24800	496	496	0.32	1	496	1	0:02:56.600362
24900	498	498	0.947	1	498	1	0:02:56.126189
25000	500	500	0.947	1	500	1	0:02:56.615463
25100	502	502	0.947	1	502	1	0:02:56.589643
25200	504	504	0.491	1	504	1	0:02:56.325120
25300	506	506	0.947	1	506	1	0:02:56.485928
25400	508	508	0.947	1	508	1	0:02:56.103495
25500	510	510	0.947	1	510	1	0:02:56.483315
25600	512	589	0.547	0	589	0	0:02:56.423428
25700	514	514	0.947	1	514	1	0:02:56.277661
25800	516	431	0.244	0	431	0	0:02:56.283458
25900	518	518	0.947	1	518	1	0:02:56.400883
26000	520	520	0.947	1	520	1	0:02:57.092661
26100	522	522	0.947	1	522	1	0:02:56.150599
26200	524	51	0.0898	0	51	0	0:02:56.101487
26300	526	526	0.00801	1	526	1	0:02:56.172153
26400	528	478	0.132	0	478	0	0:02:56.601638
26500	530	531	0.682	0	531	0	0:02:55.977599
26600	532	846	0.318	0	846	0	0:02:56.347379
26700	534	534	0.0526	1	534	1	0:02:56.587942
26800	536	403	0.947	0	403	0	0:02:56.352084
26900	538	538	0.947	1	538	1	0:02:56.255730
27000	540	540	0.947	1	540	1	0:02:56.183596
27100	542	477	0.107	0	477	0	0:02:56.281978
27200	544	926	0.571	0	926	0	0:02:56.219967
27300	546	546	0.947	1	546	1	0:02:56.248062
27400	548	548	0.87	1	548	1	0:02:56.753775
27500	550	505	0.947	0	505	0	0:02:56.509000
27600	552	552	0.947	1	552	1	0:02:56.575712
27700	554	554	0.947	1	554	1	0:02:56.513921
27800	556	791	0.0737	0	791	0	0:02:56.679980
27900	558	251	0.525	0	251	0	0:02:56.089257
28000	560	560	0.947	1	560	1	0:02:56.237717
28100	562	562	0.947	1	562	1	0:02:56.420036
28200	564	669	0.262	0	669	0	0:02:56.401015
28300	566	566	0.842	1	566	1	0:02:56.396830
28400	568	568	0.0624	1	568	1	0:02:56.078133
28500	570	754	0.319	0	754	0	0:02:56.269836
28600	572	572	0.338	1	572	1	0:02:56.134137
28700	574	574	0.947	1	574	1	0:02:56.295707
28800	576	808	0.186	0	808	0	0:02:56.360417
28900	578	578	0.888	1	578	1	0:02:56.436502
29000	580	738	0.947	0	738	0	0:02:56.355001
29100	582	-1	0.0	0	788	0	0:02:56.706820
29200	584	745	0.947	0	745	0	0:02:56.112378
29300	586	586	0.93	1	586	1	0:02:56.342727
29400	588	588	0.947	1	588	1	0:02:56.845144
29500	590	527	0.377	0	527	0	0:02:56.321294
29600	592	592	0.947	1	592	1	0:02:56.357480
29700	594	594	0.569	1	594	1	0:02:56.464454
29800	596	-1	0.0	0	825	0	0:02:56.619449
29900	598	664	0.73	0	664	0	0:02:56.255107
30000	600	517	0.947	0	517	0	0:02:56.481036
30100	602	602	0.947	1	602	1	0:02:56.241144
30200	604	753	0.00029	0	753	0	0:02:56.320459
30300	606	606	0.947	1	606	1	0:02:56.238587
30400	608	608	0.101	1	608	1	0:02:56.308574
30500	610	610	0.947	1	610	1	0:02:56.163465
30600	612	612	0.947	1	612	1	0:02:56.127571
30700	614	614	0.947	1	614	1	0:02:56.281620
30800	616	840	0.262	0	840	0	0:02:56.284317
30900	618	828	0.185	0	828	0	0:02:56.167225
31000	620	681	0.85	0	681	0	0:02:56.706604
31100	622	622	0.947	1	622	1	0:02:56.540741
31200	624	765	0.503	0	765	0	0:02:56.321144
31300	626	662	0.288	0	662	0	0:02:56.973422
31400	628	624	0.449	0	624	0	0:02:56.325614
31500	630	703	0.766	0	703	0	0:02:56.373679
31600	632	632	0.367	1	632	1	0:02:56.419031
31700	634	489	0.947	0	489	0	0:02:56.672423
31800	636	636	0.837	1	636	1	0:02:56.404440
31900	638	638	0.359	1	638	1	0:02:56.821804
32000	640	640	0.947	1	640	1	0:02:56.222217
32100	642	642	0.888	1	642	1	0:02:56.053326
32200	644	644	0.947	1	644	1	0:02:56.379218
32300	646	646	0.947	1	646	1	0:02:56.686284
32400	648	493	0.282	0	493	0	0:02:56.319706
32500	650	819	0.273	0	819	0	0:02:56.458123
32600	652	652	0.947	1	652	1	0:02:56.406949
32700	654	436	0.947	0	436	0	0:02:56.559565
32800	656	581	0.844	0	581	0	0:02:56.394167
32900	658	658	0.947	1	658	1	0:02:56.694659
33000	660	660	0.762	1	660	1	0:02:56.292516
33100	662	742	0.0415	0	742	0	0:02:56.362502
33200	664	851	0.136	0	851	0	0:02:56.896955
33300	666	659	0.947	0	659	0	0:02:56.391529
33400	668	123	0.249	0	123	0	0:02:56.239479
33500	670	670	0.947	1	670	1	0:02:56.757830
33600	672	672	0.553	1	672	1	0:02:56.469966
33700	674	674	0.0488	1	674	1	0:02:56.227934
33800	676	828	0.133	0	828	0	0:02:56.650627
33900	678	678	0.947	1	678	1	0:02:56.209526
34000	680	957	0.521	0	957	0	0:02:56.609247
34100	682	682	0.258	1	682	1	0:02:56.530455
34200	684	684	0.947	1	684	1	0:02:56.094709
34300	686	535	0.118	0	535	0	0:02:56.356537
34400	688	688	0.947	1	688	1	0:02:56.666732
34500	690	690	0.947	1	690	1	0:02:56.499503
34600	692	571	0.321	0	571	0	0:02:56.371105
34700	694	694	0.947	1	694	1	0:02:56.540334
34800	696	150	0.0914	0	150	0	0:02:56.359679
34900	698	663	0.947	0	663	0	0:02:56.178638
35000	700	831	0.131	0	831	0	0:02:56.394785
35100	702	422	0.415	0	422	0	0:02:56.390122
35200	704	704	0.947	1	704	1	0:02:56.343175
35300	706	628	0.0165	0	628	0	0:02:56.445404
35400	708	682	0.909	0	682	0	0:02:56.415447
35500	710	710	0.54	1	710	1	0:02:56.347206
35600	712	622	0.447	0	622	0	0:02:56.511976
35700	714	714	0.947	1	714	1	0:02:56.345719
35800	716	716	0.947	1	716	1	0:02:56.201474
35900	718	449	0.229	0	449	0	0:02:56.292434
36000	720	951	0.0344	0	951	0	0:02:56.739654
36100	722	722	0.947	1	722	1	0:02:56.642050
36200	724	780	0.947	0	780	0	0:02:56.805472
36300	726	726	0.947	1	726	1	0:02:56.169111
36400	728	728	0.947	1	728	1	0:02:56.812840
36500	730	595	0.081	0	595	0	0:02:56.259685
36600	732	732	0.947	1	732	1	0:02:56.412110
36700	734	734	0.947	1	734	1	0:02:56.239191
36800	736	736	0.947	1	736	1	0:02:56.253426
36900	738	738	0.817	1	738	1	0:02:56.125700
37000	740	796	0.234	0	796	0	0:02:56.364084
37100	742	466	0.149	0	466	0	0:02:56.520908
37200	744	657	0.71	0	657	0	0:02:56.601246
37300	746	746	0.947	1	746	1	0:02:56.051922
37400	748	748	0.484	1	748	1	0:02:56.121869
37500	750	208	0.612	0	208	0	0:02:55.894720
37600	752	-1	0.0	0	752	1	0:02:56.590373
37700	754	485	0.796	0	485	0	0:02:56.071612
37800	756	756	0.947	1	756	1	0:02:56.310839
37900	758	758	0.0308	1	758	1	0:02:56.275589
38000	760	-1	0.0	0	651	0	0:02:56.978780
38100	762	762	0.901	1	762	1	0:02:56.228004
38200	764	650	0.724	0	650	0	0:02:56.271543
38300	766	766	0.947	1	766	1	0:02:56.496858
38400	768	768	0.947	1	768	1	0:02:56.383518
38500	770	770	0.531	1	770	1	0:02:56.454162
38600	772	772	0.742	1	772	1	0:02:57.569096
38700	774	774	0.947	1	774	1	0:02:56.752705
38800	776	875	0.014	0	875	0	0:02:54.436345
38900	778	-1	0.0	0	480	0	0:02:53.592727
39000	780	484	0.157	0	484	0	0:02:54.295340
39100	782	-1	0.0	0	664	0	0:02:55.947685
39200	784	828	0.283	0	828	0	0:02:56.077383
39300	786	870	0.117	0	870	0	0:02:56.362296
39400	788	743	0.0221	0	743	0	0:02:56.033059
39500	790	791	0.947	0	791	0	0:02:55.391890
39600	792	792	0.755	1	792	1	0:02:55.768998
39700	794	794	0.947	1	794	1	0:02:53.715617
39800	796	796	0.947	1	796	1	0:02:51.615634
39900	798	798	0.947	1	798	1	0:02:51.644352
40000	800	800	0.947	1	800	1	0:02:51.983792
40100	802	802	0.751	1	802	1	0:02:51.900386
40200	804	804	0.947	1	804	1	0:02:52.264410
40300	806	806	0.947	1	806	1	0:02:51.549935
40400	808	808	0.947	1	808	1	0:02:51.480334
40500	810	810	0.947	1	810	1	0:02:51.464926
40600	812	812	0.947	1	812	1	0:02:51.388794
40700	814	554	0.517	0	554	0	0:02:51.700650
40800	816	816	0.947	1	816	1	0:02:51.153324
40900	818	878	0.637	0	878	0	0:02:52.088228
41000	820	820	0.195	1	820	1	0:02:54.692569
41100	822	822	0.947	1	822	1	0:02:54.795142
41200	824	824	0.909	1	824	1	0:02:56.127298
41300	826	531	0.395	0	531	0	0:02:54.309953
41400	828	828	0.338	1	828	1	0:02:54.607508
41500	830	830	0.894	1	830	1	0:02:54.622968
41600	832	832	0.947	1	832	1	0:02:53.747048
41700	834	834	0.708	1	834	1	0:02:53.850573
41800	836	795	0.0118	0	795	0	0:02:53.266262
41900	838	631	0.685	0	631	0	0:02:53.360948
42000	840	840	0.947	1	840	1	0:02:53.207631
42100	842	752	0.147	0	752	0	0:02:53.313797
42200	844	844	0.947	1	844	1	0:02:53.335141
42300	846	583	0.729	0	583	0	0:02:53.302980
42400	848	848	0.0366	1	848	1	0:02:53.404571
42500	850	850	0.93	1	850	1	0:02:53.359633
42600	852	852	0.947	1	852	1	0:02:52.975678
42700	854	884	0.0885	0	884	0	0:02:53.057671
42800	856	856	0.775	1	856	1	0:02:53.108725
42900	858	448	0.406	0	448	0	0:02:52.888840
43000	860	892	0.57	0	892	0	0:02:52.881759
43100	862	862	0.74	1	862	1	0:02:54.053520
43200	864	555	0.0565	0	555	0	0:02:53.633122
43300	866	866	0.93	1	866	1	0:02:53.425839
43400	868	967	0.0841	0	967	0	0:02:53.487031
43500	870	870	0.947	1	870	1	0:02:53.042400
43600	872	840	0.947	0	840	0	0:02:52.861307
43700	874	874	0.947	1	874	1	0:02:52.383160
43800	876	435	0.18	0	435	0	0:02:52.354857
43900	878	878	0.947	1	878	1	0:02:52.353089
44000	880	870	0.0927	0	870	0	0:02:53.343400
44100	882	-1	0.0	0	-1	0	0:02:52.429913
44200	884	884	0.947	1	884	1	0:02:52.504033
44300	886	886	0.947	1	886	1	0:02:53.757366
44400	888	718	0.817	0	718	0	0:02:54.649420
44500	890	890	0.59	1	890	1	0:02:54.866028
44600	892	442	0.207	0	442	0	0:02:54.643986
44700	894	894	0.947	1	894	1	0:02:54.621013
44800	896	896	0.947	1	896	1	0:02:54.829383
44900	898	810	0.205	0	810	0	0:02:55.178030
45000	900	900	0.947	1	900	1	0:02:54.978642
45100	902	902	0.947	1	902	1	0:02:55.025489
45200	904	905	0.947	0	905	0	0:02:54.924193
45300	906	906	0.947	1	906	1	0:02:54.847157
45400	908	895	0.947	0	895	0	0:02:54.799611
45500	910	641	0.862	0	641	0	0:02:54.627959
45600	912	730	0.0723	0	730	0	0:02:54.804172
45700	914	914	0.947	1	914	1	0:02:55.144473
45800	916	916	0.947	1	916	1	0:02:55.219198
45900	918	918	0.947	1	918	1	0:02:55.142687
46000	920	-1	0.0	0	920	1	0:02:56.834319
46100	922	922	0.947	1	922	1	0:02:56.882044
46200	924	924	0.947	1	924	1	0:02:56.925302
46300	926	926	0.947	1	926	1	0:02:57.074256
46400	928	927	0.437	0	927	0	0:02:56.677201
46500	930	964	0.624	0	964	0	0:02:57.056958
46600	932	932	0.947	1	932	1	0:02:56.629781
46700	934	934	0.156	1	934	1	0:02:56.567021
46800	936	936	0.947	1	936	1	0:02:57.212495
46900	938	937	0.057	0	937	0	0:02:56.666828
47000	940	940	0.179	1	940	1	0:02:56.651224
47100	942	942	0.947	1	942	1	0:02:56.897154
47200	944	946	0.947	0	946	0	0:02:56.689842
47300	946	946	0.947	1	946	1	0:02:56.901298
47400	948	948	0.947	1	948	1	0:02:56.836947
47500	950	950	0.947	1	950	1	0:02:56.692549
47600	952	90	0.947	0	90	0	0:02:56.508281
47700	954	996	0.66	0	996	0	0:02:56.740610
47800	956	956	0.947	1	956	1	0:02:56.764421
47900	958	483	0.62	0	483	0	0:02:56.572140
48000	960	960	0.345	1	960	1	0:02:56.757668
48100	962	962	0.947	1	962	1	0:02:56.850900
48200	964	964	0.0403	1	964	1	0:02:56.666787
48300	966	-1	0.0	0	774	0	0:02:56.915454
48400	968	968	0.947	1	968	1	0:02:56.630449
48500	970	795	0.947	0	795	0	0:02:56.648703
48600	972	979	0.947	0	979	0	0:02:56.826042
48700	974	974	0.947	1	974	1	0:02:56.572766
48800	976	976	0.259	1	976	1	0:02:56.528009
48900	978	870	0.139	0	870	0	0:02:56.453850
49000	980	980	0.947	1	980	1	0:02:56.510324
49100	982	982	0.947	1	982	1	0:02:56.801955
49200	984	984	0.947	1	984	1	0:02:56.523541
49300	986	986	0.947	1	986	1	0:02:56.496646
49400	988	112	0.185	0	112	0	0:02:56.593445
49500	990	990	0.947	1	990	1	0:02:56.720357
49600	992	992	0.947	1	992	1	0:02:56.556529
49700	994	994	0.947	1	994	1	0:02:56.681426
49800	996	996	0.909	1	996	1	0:02:57.092902
49900	998	987	0.608	0	987	0	0:02:56.721688
