idx	predict	radius	unperturbed predict	time
0	0	0.947	0	0:02:53.974506
100	1	0.567	1	0:02:51.348937
200	0	0.947	0	0:02:51.678502
300	1	0.61	1	0:02:51.881881
400	1	0.578	1	0:02:51.497196
500	1	0.162	1	0:02:51.274585
600	0	0.947	0	0:02:51.230132
700	1	0.947	1	0:02:51.618838
800	1	0.295	1	0:02:51.718314
900	0	0.947	0	0:02:51.843083
1000	1	0.947	1	0:02:51.867350
1100	0	0.947	0	0:02:52.087212
1200	1	0.947	1	0:02:52.015982
1300	0	0.477	0	0:02:52.213909
1400	0	0.874	0	0:02:52.096510
1500	0	0.517	0	0:02:52.787834
1600	0	0.947	0	0:02:52.606725
1700	0	0.947	0	0:02:52.128073
1800	0	0.947	0	0:02:52.590591
1900	0	0.947	0	0:02:52.198116
2000	0	0.947	0	0:02:51.912897
2100	0	0.163	0	0:02:52.338121
2200	0	0.211	0	0:02:51.388530
2300	0	0.947	0	0:02:51.007638
2400	0	0.547	0	0:02:51.445216
2500	0	0.947	0	0:02:51.364154
2600	0	0.947	0	0:02:51.098940
2700	0	0.947	0	0:02:51.212456
2800	1	0.837	1	0:02:51.270873
2900	0	0.947	0	0:02:51.928215
3000	0	0.93	0	0:02:51.849814
3100	0	0.947	0	0:02:52.082339
3200	0	0.947	0	0:02:52.220256
3300	0	0.947	0	0:02:51.520356
3400	0	0.322	0	0:02:51.136575
3500	1	0.947	1	0:02:51.002316
3600	0	0.93	0	0:02:51.234323
3700	0	0.947	0	0:02:52.521030
3800	0	0.901	0	0:02:51.697316
3900	0	0.0961	0	0:02:52.185357
4000	1	0.947	1	0:02:52.059054
4100	1	0.227	1	0:02:51.777373
4200	0	0.947	0	0:02:51.946276
4300	0	0.947	0	0:02:52.689892
4400	0	0.348	0	0:02:52.177797
4500	1	0.947	1	0:02:52.157527
4600	0	0.175	0	0:02:52.304854
4700	1	0.947	1	0:02:51.598875
4800	1	0.947	1	0:02:50.998392
4900	0	0.231	0	0:02:51.209605
5000	1	0.947	1	0:02:51.102119
5100	1	0.947	1	0:02:51.313714
5200	0	0.947	0	0:02:51.467924
5300	1	0.136	1	0:02:51.169076
5400	0	0.947	0	0:02:51.218734
5500	0	0.502	0	0:02:51.283079
5600	-1	0.0	1	0:02:51.808273
5700	1	0.541	1	0:02:52.008567
5800	1	0.947	1	0:02:51.588524
5900	0	0.492	0	0:02:52.462954
6000	0	0.947	0	0:02:51.963792
6100	1	0.27	1	0:02:51.617480
6200	0	0.947	0	0:02:51.795150
6300	0	0.407	0	0:02:52.172233
6400	1	0.947	1	0:02:52.127976
6500	1	0.437	1	0:02:51.838841
6600	1	0.947	1	0:02:51.694123
6700	0	0.947	0	0:02:52.140225
6800	1	0.947	1	0:02:52.015618
6900	1	0.947	1	0:02:52.156630
7000	1	0.947	1	0:02:52.261300
7100	1	0.115	1	0:02:52.168775
7200	0	0.241	0	0:02:52.051231
7300	0	0.947	0	0:02:51.358720
7400	1	0.947	1	0:02:51.269439
7500	0	0.114	0	0:02:52.052614
7600	1	0.287	1	0:02:51.878236
7700	0	0.525	0	0:02:52.102855
7800	1	0.947	1	0:02:52.511832
7900	0	0.947	0	0:02:51.732416
8000	1	0.819	1	0:02:51.416948
8100	1	0.117	1	0:02:51.052626
8200	0	0.947	0	0:02:51.496907
8300	0	0.947	0	0:02:51.136479
8400	0	0.947	0	0:02:51.154706
8500	0	0.947	0	0:02:51.407582
8600	0	0.947	0	0:02:51.297019
8700	0	0.947	0	0:02:51.483012
8800	0	0.415	0	0:02:51.935331
8900	1	0.947	1	0:02:50.972952
9000	0	0.947	0	0:02:51.124500
9100	0	0.947	0	0:02:51.732370
9200	0	0.947	0	0:02:51.716230
9300	0	0.947	0	0:02:51.811100
9400	0	0.947	0	0:02:52.100167
9500	1	0.947	1	0:02:51.871931
9600	0	0.947	0	0:02:51.804042
9700	0	0.947	0	0:02:52.158130
9800	1	0.203	1	0:02:52.552683
9900	0	0.947	0	0:02:52.175448
10000	0	0.947	0	0:02:52.096473
10100	0	0.947	0	0:02:52.010753
10200	0	0.947	0	0:02:52.287019
10300	1	0.681	1	0:02:51.862121
10400	0	0.947	0	0:02:51.788058
10500	0	0.883	0	0:02:51.417554
10600	0	0.947	0	0:02:51.770288
10700	0	0.947	0	0:02:52.136404
10800	1	0.18	1	0:02:51.417576
10900	1	0.878	1	0:02:51.516265
11000	1	0.309	1	0:02:51.704177
11100	0	0.947	0	0:02:51.515445
11200	0	0.947	0	0:02:51.404780
11300	1	0.181	1	0:02:51.335346
11400	1	0.823	1	0:02:51.670436
11500	0	0.947	0	0:02:52.046123
11600	0	0.947	0	0:02:52.112296
11700	0	0.947	0	0:02:51.773142
11800	0	0.947	0	0:02:52.074771
11900	0	0.947	0	0:02:52.172301
12000	0	0.894	0	0:02:52.270916
12100	0	0.847	0	0:02:51.846076
12200	1	0.947	1	0:02:52.149130
12300	0	0.947	0	0:02:51.996088
12400	0	0.947	0	0:02:51.435652
12500	0	0.947	0	0:02:52.427527
12600	0	0.947	0	0:02:52.222253
12700	0	0.947	0	0:02:52.020099
12800	1	0.816	1	0:02:51.974733
12900	0	0.947	0	0:02:52.589264
13000	1	0.221	1	0:02:52.437775
13100	1	0.947	1	0:02:51.966325
13200	0	0.947	0	0:02:51.470813
13300	0	0.947	0	0:02:51.863069
13400	1	0.947	1	0:02:51.619060
13500	1	0.839	1	0:02:51.580678
13600	0	0.93	0	0:02:52.326689
13700	1	0.947	1	0:02:51.027305
13800	1	0.93	1	0:02:51.073378
13900	0	0.947	0	0:02:51.432202
14000	1	0.798	1	0:02:50.956677
14100	0	0.947	0	0:02:51.357657
14200	1	0.947	1	0:02:51.284467
14300	1	0.947	1	0:02:50.732213
14400	0	0.211	0	0:02:50.587366
14500	0	0.918	0	0:02:51.102224
14600	0	0.497	0	0:02:51.028536
14700	1	0.947	1	0:02:50.825526
14800	0	0.856	0	0:02:51.071295
14900	0	0.947	0	0:02:50.569234
15000	1	0.947	1	0:02:51.008179
15100	0	0.947	0	0:02:50.923037
15200	0	0.15	0	0:02:50.694106
15300	1	0.909	1	0:02:51.213367
15400	0	0.241	0	0:02:50.798697
15500	1	0.947	1	0:02:50.840822
15600	0	0.947	0	0:02:50.890944
15700	0	0.113	0	0:02:51.047354
15800	1	0.947	1	0:02:50.473061
15900	0	0.795	0	0:02:50.627609
16000	1	0.768	1	0:02:50.532917
16100	-1	0.0	1	0:02:50.941864
16200	1	0.586	1	0:02:50.897153
16300	0	0.0323	0	0:02:50.950757
16400	1	0.784	1	0:02:50.691830
16500	0	0.918	0	0:02:50.940054
16600	0	0.947	0	0:02:50.669086
16700	1	0.947	1	0:02:50.934135
16800	1	0.587	1	0:02:50.770918
16900	0	0.947	0	0:02:50.437802
17000	1	0.947	1	0:02:50.667597
17100	0	0.947	0	0:02:50.770248
17200	0	0.485	0	0:02:50.865596
17300	0	0.947	0	0:02:50.520714
17400	1	0.243	1	0:02:50.558290
17500	1	0.947	1	0:02:50.782756
17600	0	0.0143	0	0:02:51.285889
17700	1	0.847	1	0:02:50.894296
17800	0	0.947	0	0:02:50.999318
17900	0	0.947	0	0:02:50.989176
18000	1	0.51	1	0:02:50.901975
18100	1	0.947	1	0:02:50.792648
18200	1	0.278	1	0:02:50.699440
18300	0	0.862	0	0:02:50.759607
18400	0	0.685	0	0:02:50.763001
18500	1	0.648	1	0:02:50.701899
18600	0	0.0751	0	0:02:50.498876
18700	0	0.947	0	0:02:50.556533
18800	1	0.814	1	0:02:50.619584
18900	0	0.947	0	0:02:50.865287
19000	1	0.351	1	0:02:50.608432
19100	1	0.856	1	0:02:50.695300
19200	0	0.947	0	0:02:50.667523
19300	0	0.947	0	0:02:50.389378
19400	1	0.295	1	0:02:50.789535
19500	1	0.756	1	0:02:50.563827
19600	1	0.947	1	0:02:50.898336
19700	0	0.947	0	0:02:50.744493
19800	1	0.947	1	0:02:50.935617
19900	1	0.823	1	0:02:51.106873
20000	0	0.947	0	0:02:52.119744
20100	0	0.947	0	0:02:51.490725
20200	1	0.823	1	0:02:51.785451
20300	0	0.577	0	0:02:51.373221
20400	0	0.894	0	0:02:51.507518
20500	0	0.947	0	0:02:51.929530
20600	0	0.918	0	0:02:51.877170
20700	1	0.947	1	0:02:52.242216
20800	1	0.947	1	0:02:51.539814
20900	0	0.319	0	0:02:51.872050
21000	0	0.947	0	0:02:52.067662
21100	0	0.947	0	0:02:52.129902
21200	0	0.947	0	0:02:51.564922
21300	1	0.947	1	0:02:51.691720
21400	1	0.947	1	0:02:52.255956
21500	0	0.00609	-1	0:02:52.014422
21600	1	0.947	1	0:02:51.719295
21700	0	0.947	0	0:02:51.698248
21800	1	0.93	1	0:02:51.866536
21900	0	0.947	0	0:02:51.255515
22000	0	0.947	0	0:02:52.129053
22100	0	0.947	0	0:02:52.158818
22200	0	0.947	0	0:02:51.740290
22300	1	0.947	1	0:02:52.085927
22400	0	0.947	0	0:02:51.931460
22500	0	0.947	0	0:02:51.985658
22600	1	0.0994	1	0:02:52.192266
22700	-1	0.0	-1	0:02:52.767868
22800	0	0.947	0	0:02:52.413102
22900	1	0.83	1	0:02:52.522133
23000	0	0.947	0	0:02:52.106022
23100	1	0.676	1	0:02:52.292023
23200	0	0.947	0	0:02:52.553112
23300	1	0.828	1	0:02:52.045745
23400	1	0.0848	1	0:02:52.694497
23500	0	0.947	0	0:02:52.478468
23600	1	0.947	1	0:02:52.328462
23700	0	0.947	0	0:02:52.327358
23800	1	0.145	1	0:02:57.085818
23900	0	0.947	0	0:02:57.622521
24000	0	0.947	0	0:02:57.791904
24100	0	0.93	0	0:02:56.747674
24200	0	0.947	0	0:02:56.835234
24300	0	0.947	0	0:02:56.906374
24400	0	0.947	0	0:02:56.392371
24500	0	0.0911	0	0:02:56.182302
24600	-1	0.0	0	0:02:56.338623
24700	0	0.947	0	0:02:56.329490
24800	0	0.947	0	0:02:56.600362
24900	1	0.93	1	0:02:56.126189
25000	1	0.947	1	0:02:56.615463
25100	0	0.749	0	0:02:56.589643
25200	0	0.947	0	0:02:56.325120
25300	0	0.217	0	0:02:56.485928
25400	0	0.947	0	0:02:56.103495
25500	1	0.947	1	0:02:56.483315
25600	0	0.947	0	0:02:56.423428
25700	1	0.947	1	0:02:56.277661
25800	0	0.947	0	0:02:56.283458
25900	1	0.947	1	0:02:56.400883
26000	1	0.947	1	0:02:57.092661
26100	1	0.947	1	0:02:56.150599
26200	0	0.947	0	0:02:56.101487
26300	0	0.947	0	0:02:56.172153
26400	0	0.947	0	0:02:56.601638
26500	0	0.947	0	0:02:55.977599
26600	0	0.947	0	0:02:56.347379
26700	0	0.947	0	0:02:56.587942
26800	1	0.301	1	0:02:56.352084
26900	1	0.947	1	0:02:56.255730
27000	1	0.947	1	0:02:56.183596
27100	0	0.947	0	0:02:56.281978
27200	0	0.947	0	0:02:56.219967
27300	1	0.947	1	0:02:56.248062
27400	0	0.534	0	0:02:56.753775
27500	0	0.705	0	0:02:56.509000
27600	1	0.947	1	0:02:56.575712
27700	1	0.0377	1	0:02:56.513921
27800	0	0.947	0	0:02:56.679980
27900	0	0.499	0	0:02:56.089257
28000	1	0.711	1	0:02:56.237717
28100	1	0.947	1	0:02:56.420036
28200	0	0.947	0	0:02:56.401015
28300	0	0.724	0	0:02:56.396830
28400	0	0.947	0	0:02:56.078133
28500	0	0.947	0	0:02:56.269836
28600	0	0.947	0	0:02:56.134137
28700	1	0.947	1	0:02:56.295707
28800	0	0.947	0	0:02:56.360417
28900	0	0.947	0	0:02:56.436502
29000	1	0.68	1	0:02:56.355001
29100	0	0.947	0	0:02:56.706820
29200	0	0.93	0	0:02:56.112378
29300	0	0.0306	0	0:02:56.342727
29400	1	0.947	1	0:02:56.845144
29500	0	0.947	0	0:02:56.321294
29600	1	0.93	1	0:02:56.357480
29700	0	0.894	0	0:02:56.464454
29800	0	0.947	0	0:02:56.619449
29900	0	0.947	0	0:02:56.255107
30000	1	0.29	1	0:02:56.481036
30100	1	0.947	1	0:02:56.241144
30200	0	0.947	0	0:02:56.320459
30300	1	0.947	1	0:02:56.238587
30400	0	0.947	0	0:02:56.308574
30500	0	0.866	0	0:02:56.163465
30600	1	0.947	1	0:02:56.127571
30700	0	0.2	0	0:02:56.281620
30800	0	0.947	0	0:02:56.284317
30900	0	0.947	0	0:02:56.167225
31000	0	0.947	0	0:02:56.706604
31100	1	0.947	1	0:02:56.540741
31200	0	0.947	0	0:02:56.321144
31300	0	0.947	0	0:02:56.973422
31400	0	0.947	0	0:02:56.325614
31500	1	0.0444	1	0:02:56.373679
31600	0	0.947	0	0:02:56.419031
31700	1	0.947	1	0:02:56.672423
31800	0	0.947	0	0:02:56.404440
31900	0	0.947	0	0:02:56.821804
32000	1	0.947	1	0:02:56.222217
32100	1	0.0795	1	0:02:56.053326
32200	1	0.894	1	0:02:56.379218
32300	0	0.839	0	0:02:56.686284
32400	0	0.947	0	0:02:56.319706
32500	0	0.947	0	0:02:56.458123
32600	0	0.0807	0	0:02:56.406949
32700	0	0.947	0	0:02:56.559565
32800	0	0.947	0	0:02:56.394167
32900	1	0.947	1	0:02:56.694659
33000	0	0.93	0	0:02:56.292516
33100	0	0.947	0	0:02:56.362502
33200	0	0.947	0	0:02:56.896955
33300	1	0.0323	1	0:02:56.391529
33400	0	0.947	0	0:02:56.239479
33500	0	0.0343	0	0:02:56.757830
33600	0	0.205	0	0:02:56.469966
33700	0	0.947	0	0:02:56.227934
33800	0	0.947	0	0:02:56.650627
33900	1	0.947	1	0:02:56.209526
34000	0	0.947	0	0:02:56.609247
34100	0	0.947	0	0:02:56.530455
34200	0	0.108	0	0:02:56.094709
34300	0	0.947	0	0:02:56.356537
34400	1	0.947	1	0:02:56.666732
34500	0	0.737	0	0:02:56.499503
34600	0	0.947	0	0:02:56.371105
34700	1	0.947	1	0:02:56.540334
34800	0	0.947	0	0:02:56.359679
34900	0	0.795	0	0:02:56.178638
35000	0	0.947	0	0:02:56.394785
35100	0	0.947	0	0:02:56.390122
35200	1	0.534	1	0:02:56.343175
35300	0	0.947	0	0:02:56.445404
35400	0	0.13	0	0:02:56.415447
35500	0	0.947	0	0:02:56.347206
35600	0	0.947	0	0:02:56.511976
35700	1	0.411	1	0:02:56.345719
35800	1	0.673	1	0:02:56.201474
35900	0	0.947	0	0:02:56.292434
36000	0	0.947	0	0:02:56.739654
36100	1	0.947	1	0:02:56.642050
36200	1	0.947	1	0:02:56.805472
36300	1	0.947	1	0:02:56.169111
36400	0	0.894	0	0:02:56.812840
36500	0	0.947	0	0:02:56.259685
36600	1	0.93	1	0:02:56.412110
36700	1	0.947	1	0:02:56.239191
36800	1	0.947	1	0:02:56.253426
36900	0	0.918	0	0:02:56.125700
37000	0	0.947	0	0:02:56.364084
37100	0	0.947	0	0:02:56.520908
37200	0	0.947	0	0:02:56.601246
37300	1	0.947	1	0:02:56.051922
37400	0	0.947	0	0:02:56.121869
37500	0	0.947	0	0:02:55.894720
37600	0	0.947	0	0:02:56.590373
37700	0	0.947	0	0:02:56.071612
37800	1	0.947	1	0:02:56.310839
37900	0	0.947	0	0:02:56.275589
38000	0	0.947	0	0:02:56.978780
38100	0	0.947	0	0:02:56.228004
38200	0	0.947	0	0:02:56.271543
38300	1	0.947	1	0:02:56.496858
38400	0	0.318	0	0:02:56.383518
38500	0	0.687	0	0:02:56.454162
38600	0	0.569	0	0:02:57.569096
38700	1	0.498	1	0:02:56.752705
38800	0	0.947	0	0:02:54.436345
38900	0	0.947	0	0:02:53.592727
39000	0	0.947	0	0:02:54.295340
39100	0	0.947	0	0:02:55.947685
39200	0	0.947	0	0:02:56.077383
39300	0	0.947	0	0:02:56.362296
39400	0	0.947	0	0:02:56.033059
39500	0	0.348	0	0:02:55.391890
39600	0	0.909	0	0:02:55.768998
39700	1	0.392	1	0:02:53.715617
39800	1	0.947	1	0:02:51.615634
39900	1	0.608	1	0:02:51.644352
40000	1	0.698	1	0:02:51.983792
40100	0	0.323	0	0:02:51.900386
40200	1	0.364	1	0:02:52.264410
40300	1	0.947	1	0:02:51.549935
40400	1	0.874	1	0:02:51.480334
40500	0	0.947	0	0:02:51.464926
40600	1	0.947	1	0:02:51.388794
40700	0	0.947	0	0:02:51.700650
40800	1	0.947	1	0:02:51.153324
40900	0	0.947	0	0:02:52.088228
41000	0	0.947	0	0:02:54.692569
41100	1	0.947	1	0:02:54.795142
41200	0	0.39	0	0:02:56.127298
41300	0	0.947	0	0:02:54.309953
41400	0	0.947	0	0:02:54.607508
41500	0	0.592	0	0:02:54.622968
41600	0	0.279	0	0:02:53.747048
41700	0	0.947	0	0:02:53.850573
41800	0	0.947	0	0:02:53.266262
41900	0	0.947	0	0:02:53.360948
42000	1	0.947	1	0:02:53.207631
42100	0	0.947	0	0:02:53.313797
42200	1	0.947	1	0:02:53.335141
42300	0	0.6	0	0:02:53.302980
42400	0	0.947	0	0:02:53.404571
42500	1	0.226	1	0:02:53.359633
42600	1	0.947	1	0:02:52.975678
42700	0	0.947	0	0:02:53.057671
42800	0	0.947	0	0:02:53.108725
42900	0	0.947	0	0:02:52.888840
43000	0	0.947	0	0:02:52.881759
43100	0	0.446	0	0:02:54.053520
43200	0	0.947	0	0:02:53.633122
43300	1	0.144	1	0:02:53.425839
43400	0	0.947	0	0:02:53.487031
43500	0	0.66	0	0:02:53.042400
43600	1	0.693	1	0:02:52.861307
43700	1	0.947	1	0:02:52.383160
43800	0	0.947	0	0:02:52.354857
43900	0	0.866	0	0:02:52.353089
44000	0	0.947	0	0:02:53.343400
44100	0	0.947	0	0:02:52.429913
44200	1	0.883	1	0:02:52.504033
44300	1	0.765	1	0:02:53.757366
44400	0	0.947	0	0:02:54.649420
44500	0	0.352	0	0:02:54.866028
44600	0	0.947	0	0:02:54.643986
44700	1	0.947	1	0:02:54.621013
44800	1	0.261	1	0:02:54.829383
44900	0	0.947	0	0:02:55.178030
45000	1	0.947	1	0:02:54.978642
45100	1	0.947	1	0:02:55.025489
45200	1	0.246	1	0:02:54.924193
45300	1	0.59	1	0:02:54.847157
45400	0	0.947	0	0:02:54.799611
45500	-1	0.0	-1	0:02:54.627959
45600	0	0.93	0	0:02:54.804172
45700	1	0.657	1	0:02:55.144473
45800	1	0.947	1	0:02:55.219198
45900	1	0.947	1	0:02:55.142687
46000	0	0.947	0	0:02:56.834319
46100	1	0.0509	1	0:02:56.882044
46200	1	0.947	1	0:02:56.925302
46300	1	0.371	1	0:02:57.074256
46400	0	0.947	0	0:02:56.677201
46500	0	0.392	0	0:02:57.056958
46600	1	0.239	1	0:02:56.629781
46700	0	0.947	0	0:02:56.567021
46800	1	0.821	1	0:02:57.212495
46900	0	0.947	0	0:02:56.666828
47000	0	0.947	0	0:02:56.651224
47100	1	0.947	1	0:02:56.897154
47200	0	0.363	0	0:02:56.689842
47300	1	0.947	1	0:02:56.901298
47400	1	0.947	1	0:02:56.836947
47500	1	0.597	1	0:02:56.692549
47600	1	0.947	1	0:02:56.508281
47700	0	0.947	0	0:02:56.740610
47800	1	0.947	1	0:02:56.764421
47900	0	0.769	0	0:02:56.572140
48000	0	0.901	0	0:02:56.757668
48100	1	0.242	1	0:02:56.850900
48200	0	0.947	0	0:02:56.666787
48300	0	0.947	0	0:02:56.915454
48400	1	0.239	1	0:02:56.630449
48500	1	0.313	1	0:02:56.648703
48600	0	0.874	0	0:02:56.826042
48700	1	0.947	1	0:02:56.572766
48800	0	0.947	0	0:02:56.528009
48900	0	0.947	0	0:02:56.453850
49000	1	0.947	1	0:02:56.510324
49100	1	0.795	1	0:02:56.801955
49200	1	0.947	1	0:02:56.523541
49300	1	0.947	1	0:02:56.496646
49400	0	0.718	0	0:02:56.593445
49500	1	0.0399	1	0:02:56.720357
49600	1	0.713	1	0:02:56.556529
49700	1	0.947	1	0:02:56.681426
49800	0	0.117	0	0:02:57.092902
49900	0	0.947	0	0:02:56.721688
