idx	predict	radius	unperturbed predict	time
0	1	0.947	1	0:02:53.974506
100	1	0.947	1	0:02:51.348937
200	0	0.0771	0	0:02:51.678502
300	1	0.947	1	0:02:51.881881
400	1	0.947	1	0:02:51.497196
500	1	0.947	1	0:02:51.274585
600	1	0.465	1	0:02:51.230132
700	1	0.947	1	0:02:51.618838
800	1	0.947	1	0:02:51.718314
900	1	0.755	1	0:02:51.843083
1000	1	0.947	1	0:02:51.867350
1100	1	0.947	1	0:02:52.087212
1200	1	0.947	1	0:02:52.015982
1300	1	0.947	1	0:02:52.213909
1400	1	0.225	1	0:02:52.096510
1500	1	0.947	1	0:02:52.787834
1600	1	0.847	1	0:02:52.606725
1700	0	0.0146	0	0:02:52.128073
1800	1	0.947	1	0:02:52.590591
1900	1	0.947	1	0:02:52.198116
2000	1	0.947	1	0:02:51.912897
2100	1	0.947	1	0:02:52.338121
2200	1	0.947	1	0:02:51.388530
2300	1	0.947	1	0:02:51.007638
2400	1	0.607	1	0:02:51.445216
2500	1	0.947	1	0:02:51.364154
2600	1	0.947	1	0:02:51.098940
2700	1	0.947	1	0:02:51.212456
2800	1	0.947	1	0:02:51.270873
2900	1	0.816	1	0:02:51.928215
3000	1	0.947	1	0:02:51.849814
3100	1	0.947	1	0:02:52.082339
3200	1	0.947	1	0:02:52.220256
3300	1	0.947	1	0:02:51.520356
3400	1	0.947	1	0:02:51.136575
3500	1	0.947	1	0:02:51.002316
3600	1	0.947	1	0:02:51.234323
3700	1	0.947	1	0:02:52.521030
3800	1	0.143	1	0:02:51.697316
3900	1	0.947	1	0:02:52.185357
4000	1	0.947	1	0:02:52.059054
4100	1	0.947	1	0:02:51.777373
4200	1	0.93	1	0:02:51.946276
4300	1	0.947	1	0:02:52.689892
4400	1	0.947	1	0:02:52.177797
4500	1	0.947	1	0:02:52.157527
4600	1	0.947	1	0:02:52.304854
4700	1	0.947	1	0:02:51.598875
4800	1	0.947	1	0:02:50.998392
4900	1	0.947	1	0:02:51.209605
5000	1	0.947	1	0:02:51.102119
5100	1	0.947	1	0:02:51.313714
5200	1	0.947	1	0:02:51.467924
5300	1	0.947	1	0:02:51.169076
5400	0	0.223	0	0:02:51.218734
5500	1	0.947	1	0:02:51.283079
5600	1	0.947	1	0:02:51.808273
5700	1	0.947	1	0:02:52.008567
5800	1	0.947	1	0:02:51.588524
5900	1	0.947	1	0:02:52.462954
6000	1	0.695	1	0:02:51.963792
6100	1	0.947	1	0:02:51.617480
6200	1	0.839	1	0:02:51.795150
6300	1	0.947	1	0:02:52.172233
6400	1	0.947	1	0:02:52.127976
6500	1	0.947	1	0:02:51.838841
6600	1	0.947	1	0:02:51.694123
6700	1	0.947	1	0:02:52.140225
6800	1	0.947	1	0:02:52.015618
6900	1	0.947	1	0:02:52.156630
7000	1	0.947	1	0:02:52.261300
7100	1	0.947	1	0:02:52.168775
7200	1	0.947	1	0:02:52.051231
7300	1	0.859	1	0:02:51.358720
7400	1	0.947	1	0:02:51.269439
7500	1	0.947	1	0:02:52.052614
7600	1	0.947	1	0:02:51.878236
7700	1	0.947	1	0:02:52.102855
7800	1	0.947	1	0:02:52.511832
7900	1	0.947	1	0:02:51.732416
8000	1	0.947	1	0:02:51.416948
8100	1	0.947	1	0:02:51.052626
8200	1	0.796	1	0:02:51.496907
8300	1	0.947	1	0:02:51.136479
8400	0	0.0546	0	0:02:51.154706
8500	1	0.947	1	0:02:51.407582
8600	1	0.947	1	0:02:51.297019
8700	1	0.695	1	0:02:51.483012
8800	1	0.947	1	0:02:51.935331
8900	1	0.947	1	0:02:50.972952
9000	1	0.947	1	0:02:51.124500
9100	0	0.267	0	0:02:51.732370
9200	1	0.947	1	0:02:51.716230
9300	1	0.947	1	0:02:51.811100
9400	1	0.93	1	0:02:52.100167
9500	1	0.947	1	0:02:51.871931
9600	1	0.245	1	0:02:51.804042
9700	0	0.41	0	0:02:52.158130
9800	1	0.947	1	0:02:52.552683
9900	1	0.947	1	0:02:52.175448
10000	1	0.733	1	0:02:52.096473
10100	1	0.947	1	0:02:52.010753
10200	1	0.947	1	0:02:52.287019
10300	1	0.947	1	0:02:51.862121
10400	1	0.947	1	0:02:51.788058
10500	1	0.947	1	0:02:51.417554
10600	1	0.947	1	0:02:51.770288
10700	1	0.645	1	0:02:52.136404
10800	1	0.947	1	0:02:51.417576
10900	1	0.947	1	0:02:51.516265
11000	1	0.947	1	0:02:51.704177
11100	1	0.578	1	0:02:51.515445
11200	0	0.171	0	0:02:51.404780
11300	1	0.947	1	0:02:51.335346
11400	1	0.947	1	0:02:51.670436
11500	1	0.947	1	0:02:52.046123
11600	1	0.947	1	0:02:52.112296
11700	1	0.947	1	0:02:51.773142
11800	1	0.519	1	0:02:52.074771
11900	1	0.947	1	0:02:52.172301
12000	1	0.947	1	0:02:52.270916
12100	1	0.947	1	0:02:51.846076
12200	1	0.947	1	0:02:52.149130
12300	1	0.947	1	0:02:51.996088
12400	1	0.947	1	0:02:51.435652
12500	1	0.239	1	0:02:52.427527
12600	1	0.947	1	0:02:52.222253
12700	1	0.758	1	0:02:52.020099
12800	1	0.947	1	0:02:51.974733
12900	1	0.947	1	0:02:52.589264
13000	1	0.947	1	0:02:52.437775
13100	1	0.947	1	0:02:51.966325
13200	1	0.947	1	0:02:51.470813
13300	1	0.947	1	0:02:51.863069
13400	1	0.947	1	0:02:51.619060
13500	1	0.947	1	0:02:51.580678
13600	1	0.947	1	0:02:52.326689
13700	1	0.947	1	0:02:51.027305
13800	1	0.947	1	0:02:51.073378
13900	1	0.947	1	0:02:51.432202
14000	1	0.947	1	0:02:50.956677
14100	1	0.947	1	0:02:51.357657
14200	1	0.947	1	0:02:51.284467
14300	1	0.947	1	0:02:50.732213
14400	1	0.947	1	0:02:50.587366
14500	1	0.947	1	0:02:51.102224
14600	1	0.947	1	0:02:51.028536
14700	1	0.947	1	0:02:50.825526
14800	1	0.947	1	0:02:51.071295
14900	0	0.661	0	0:02:50.569234
15000	1	0.947	1	0:02:51.008179
15100	1	0.947	1	0:02:50.923037
15200	1	0.947	1	0:02:50.694106
15300	1	0.947	1	0:02:51.213367
15400	1	0.947	1	0:02:50.798697
15500	1	0.947	1	0:02:50.840822
15600	0	0.412	0	0:02:50.890944
15700	1	0.947	1	0:02:51.047354
15800	1	0.947	1	0:02:50.473061
15900	1	0.947	1	0:02:50.627609
16000	1	0.947	1	0:02:50.532917
16100	1	0.947	1	0:02:50.941864
16200	1	0.947	1	0:02:50.897153
16300	1	0.947	1	0:02:50.950757
16400	1	0.947	1	0:02:50.691830
16500	1	0.947	1	0:02:50.940054
16600	0	0.162	0	0:02:50.669086
16700	1	0.947	1	0:02:50.934135
16800	1	0.947	1	0:02:50.770918
16900	1	0.405	1	0:02:50.437802
17000	1	0.947	1	0:02:50.667597
17100	1	0.553	1	0:02:50.770248
17200	1	0.947	1	0:02:50.865596
17300	1	0.947	1	0:02:50.520714
17400	1	0.947	1	0:02:50.558290
17500	1	0.947	1	0:02:50.782756
17600	1	0.947	1	0:02:51.285889
17700	1	0.947	1	0:02:50.894296
17800	0	0.43	0	0:02:50.999318
17900	1	0.947	1	0:02:50.989176
18000	1	0.947	1	0:02:50.901975
18100	1	0.947	1	0:02:50.792648
18200	1	0.947	1	0:02:50.699440
18300	1	0.697	1	0:02:50.759607
18400	1	0.947	1	0:02:50.763001
18500	1	0.947	1	0:02:50.701899
18600	1	0.947	1	0:02:50.498876
18700	1	0.738	1	0:02:50.556533
18800	1	0.947	1	0:02:50.619584
18900	0	0.0236	0	0:02:50.865287
19000	1	0.947	1	0:02:50.608432
19100	1	0.947	1	0:02:50.695300
19200	0	0.608	0	0:02:50.667523
19300	1	0.947	1	0:02:50.389378
19400	1	0.947	1	0:02:50.789535
19500	1	0.947	1	0:02:50.563827
19600	1	0.947	1	0:02:50.898336
19700	0	0.47	0	0:02:50.744493
19800	1	0.947	1	0:02:50.935617
19900	1	0.947	1	0:02:51.106873
20000	1	0.947	1	0:02:52.119744
20100	1	0.74	1	0:02:51.490725
20200	1	0.947	1	0:02:51.785451
20300	1	0.947	1	0:02:51.373221
20400	1	0.862	1	0:02:51.507518
20500	0	0.356	0	0:02:51.929530
20600	1	0.947	1	0:02:51.877170
20700	1	0.947	1	0:02:52.242216
20800	1	0.947	1	0:02:51.539814
20900	1	0.947	1	0:02:51.872050
21000	1	0.0362	1	0:02:52.067662
21100	1	0.707	1	0:02:52.129902
21200	1	0.947	1	0:02:51.564922
21300	1	0.947	1	0:02:51.691720
21400	1	0.947	1	0:02:52.255956
21500	1	0.947	1	0:02:52.014422
21600	1	0.947	1	0:02:51.719295
21700	1	0.483	1	0:02:51.698248
21800	1	0.947	1	0:02:51.866536
21900	1	0.947	1	0:02:51.255515
22000	1	0.639	1	0:02:52.129053
22100	1	0.918	1	0:02:52.158818
22200	0	0.224	0	0:02:51.740290
22300	1	0.947	1	0:02:52.085927
22400	1	0.947	1	0:02:51.931460
22500	1	0.602	1	0:02:51.985658
22600	1	0.947	1	0:02:52.192266
22700	1	0.947	1	0:02:52.767868
22800	1	0.398	1	0:02:52.413102
22900	1	0.947	1	0:02:52.522133
23000	1	0.947	1	0:02:52.106022
23100	1	0.947	1	0:02:52.292023
23200	1	0.121	1	0:02:52.553112
23300	1	0.947	1	0:02:52.045745
23400	1	0.947	1	0:02:52.694497
23500	1	0.0749	1	0:02:52.478468
23600	1	0.947	1	0:02:52.328462
23700	1	0.479	1	0:02:52.327358
23800	1	0.947	1	0:02:57.085818
23900	1	0.947	1	0:02:57.622521
24000	1	0.947	1	0:02:57.791904
24100	1	0.947	1	0:02:56.747674
24200	1	0.947	1	0:02:56.835234
24300	1	0.947	1	0:02:56.906374
24400	1	0.595	1	0:02:56.392371
24500	1	0.918	1	0:02:56.182302
24600	1	0.947	1	0:02:56.338623
24700	1	0.947	1	0:02:56.329490
24800	1	0.947	1	0:02:56.600362
24900	1	0.947	1	0:02:56.126189
25000	1	0.947	1	0:02:56.615463
25100	1	0.947	1	0:02:56.589643
25200	1	0.285	1	0:02:56.325120
25300	1	0.947	1	0:02:56.485928
25400	1	0.947	1	0:02:56.103495
25500	1	0.947	1	0:02:56.483315
25600	1	0.127	1	0:02:56.423428
25700	1	0.947	1	0:02:56.277661
25800	1	0.0825	1	0:02:56.283458
25900	1	0.947	1	0:02:56.400883
26000	1	0.947	1	0:02:57.092661
26100	1	0.947	1	0:02:56.150599
26200	0	0.105	0	0:02:56.101487
26300	1	0.947	1	0:02:56.172153
26400	0	0.187	0	0:02:56.601638
26500	1	0.947	1	0:02:55.977599
26600	1	0.947	1	0:02:56.347379
26700	0	0.947	0	0:02:56.587942
26800	1	0.947	1	0:02:56.352084
26900	1	0.947	1	0:02:56.255730
27000	1	0.947	1	0:02:56.183596
27100	1	0.947	1	0:02:56.281978
27200	1	0.947	1	0:02:56.219967
27300	1	0.947	1	0:02:56.248062
27400	1	0.947	1	0:02:56.753775
27500	1	0.947	1	0:02:56.509000
27600	1	0.947	1	0:02:56.575712
27700	1	0.947	1	0:02:56.513921
27800	1	0.947	1	0:02:56.679980
27900	1	0.901	1	0:02:56.089257
28000	1	0.947	1	0:02:56.237717
28100	1	0.947	1	0:02:56.420036
28200	1	0.901	1	0:02:56.401015
28300	1	0.947	1	0:02:56.396830
28400	1	0.947	1	0:02:56.078133
28500	0	0.368	0	0:02:56.269836
28600	1	0.947	1	0:02:56.134137
28700	1	0.947	1	0:02:56.295707
28800	0	0.198	0	0:02:56.360417
28900	1	0.947	1	0:02:56.436502
29000	1	0.947	1	0:02:56.355001
29100	-1	0.0	1	0:02:56.706820
29200	1	0.93	1	0:02:56.112378
29300	1	0.947	1	0:02:56.342727
29400	1	0.947	1	0:02:56.845144
29500	1	0.947	1	0:02:56.321294
29600	1	0.947	1	0:02:56.357480
29700	1	0.386	1	0:02:56.464454
29800	1	0.821	1	0:02:56.619449
29900	1	0.947	1	0:02:56.255107
30000	1	0.947	1	0:02:56.481036
30100	1	0.947	1	0:02:56.241144
30200	0	0.344	0	0:02:56.320459
30300	1	0.947	1	0:02:56.238587
30400	1	0.947	1	0:02:56.308574
30500	1	0.947	1	0:02:56.163465
30600	1	0.947	1	0:02:56.127571
30700	1	0.764	1	0:02:56.281620
30800	0	0.14	0	0:02:56.284317
30900	0	0.187	0	0:02:56.167225
31000	1	0.909	1	0:02:56.706604
31100	1	0.947	1	0:02:56.540741
31200	1	0.0112	1	0:02:56.321144
31300	0	0.824	0	0:02:56.973422
31400	1	0.78	1	0:02:56.325614
31500	1	0.947	1	0:02:56.373679
31600	1	0.947	1	0:02:56.419031
31700	1	0.947	1	0:02:56.672423
31800	1	0.947	1	0:02:56.404440
31900	1	0.947	1	0:02:56.821804
32000	1	0.947	1	0:02:56.222217
32100	1	0.947	1	0:02:56.053326
32200	1	0.947	1	0:02:56.379218
32300	1	0.947	1	0:02:56.686284
32400	1	0.947	1	0:02:56.319706
32500	-1	0.0	-1	0:02:56.458123
32600	1	0.947	1	0:02:56.406949
32700	1	0.947	1	0:02:56.559565
32800	1	0.947	1	0:02:56.394167
32900	1	0.947	1	0:02:56.694659
33000	1	0.947	1	0:02:56.292516
33100	1	0.755	1	0:02:56.362502
33200	1	0.947	1	0:02:56.896955
33300	1	0.947	1	0:02:56.391529
33400	1	0.505	1	0:02:56.239479
33500	1	0.947	1	0:02:56.757830
33600	1	0.947	1	0:02:56.469966
33700	1	0.823	1	0:02:56.227934
33800	0	0.0802	0	0:02:56.650627
33900	1	0.947	1	0:02:56.209526
34000	0	0.33	0	0:02:56.609247
34100	1	0.947	1	0:02:56.530455
34200	1	0.947	1	0:02:56.094709
34300	1	0.583	1	0:02:56.356537
34400	1	0.947	1	0:02:56.666732
34500	1	0.947	1	0:02:56.499503
34600	1	0.223	1	0:02:56.371105
34700	1	0.947	1	0:02:56.540334
34800	0	0.68	0	0:02:56.359679
34900	1	0.947	1	0:02:56.178638
35000	1	0.859	1	0:02:56.394785
35100	1	0.947	1	0:02:56.390122
35200	1	0.947	1	0:02:56.343175
35300	1	0.842	1	0:02:56.445404
35400	1	0.947	1	0:02:56.415447
35500	1	0.947	1	0:02:56.347206
35600	1	0.93	1	0:02:56.511976
35700	1	0.947	1	0:02:56.345719
35800	1	0.947	1	0:02:56.201474
35900	1	0.947	1	0:02:56.292434
36000	1	0.586	1	0:02:56.739654
36100	1	0.947	1	0:02:56.642050
36200	1	0.947	1	0:02:56.805472
36300	1	0.947	1	0:02:56.169111
36400	1	0.947	1	0:02:56.812840
36500	1	0.947	1	0:02:56.259685
36600	1	0.947	1	0:02:56.412110
36700	1	0.947	1	0:02:56.239191
36800	1	0.947	1	0:02:56.253426
36900	1	0.663	1	0:02:56.125700
37000	0	0.447	0	0:02:56.364084
37100	0	0.465	0	0:02:56.520908
37200	1	0.947	1	0:02:56.601246
37300	1	0.947	1	0:02:56.051922
37400	1	0.947	1	0:02:56.121869
37500	1	0.947	1	0:02:55.894720
37600	0	0.0581	0	0:02:56.590373
37700	1	0.947	1	0:02:56.071612
37800	1	0.947	1	0:02:56.310839
37900	0	0.132	0	0:02:56.275589
38000	1	0.597	1	0:02:56.978780
38100	1	0.947	1	0:02:56.228004
38200	1	0.35	1	0:02:56.271543
38300	1	0.947	1	0:02:56.496858
38400	1	0.947	1	0:02:56.383518
38500	1	0.93	1	0:02:56.454162
38600	1	0.947	1	0:02:57.569096
38700	1	0.947	1	0:02:56.752705
38800	1	0.93	1	0:02:54.436345
38900	1	0.473	1	0:02:53.592727
39000	1	0.947	1	0:02:54.295340
39100	1	0.947	1	0:02:55.947685
39200	1	0.947	1	0:02:56.077383
39300	1	0.128	1	0:02:56.362296
39400	0	0.47	0	0:02:56.033059
39500	1	0.947	1	0:02:55.391890
39600	1	0.947	1	0:02:55.768998
39700	1	0.947	1	0:02:53.715617
39800	1	0.947	1	0:02:51.615634
39900	1	0.947	1	0:02:51.644352
40000	1	0.947	1	0:02:51.983792
40100	1	0.947	1	0:02:51.900386
40200	1	0.947	1	0:02:52.264410
40300	1	0.947	1	0:02:51.549935
40400	1	0.947	1	0:02:51.480334
40500	1	0.947	1	0:02:51.464926
40600	1	0.947	1	0:02:51.388794
40700	1	0.947	1	0:02:51.700650
40800	1	0.947	1	0:02:51.153324
40900	1	0.947	1	0:02:52.088228
41000	1	0.947	1	0:02:54.692569
41100	1	0.947	1	0:02:54.795142
41200	1	0.947	1	0:02:56.127298
41300	1	0.947	1	0:02:54.309953
41400	1	0.426	1	0:02:54.607508
41500	1	0.722	1	0:02:54.622968
41600	1	0.947	1	0:02:53.747048
41700	1	0.781	1	0:02:53.850573
41800	0	0.417	0	0:02:53.266262
41900	1	0.947	1	0:02:53.360948
42000	1	0.947	1	0:02:53.207631
42100	1	0.947	1	0:02:53.313797
42200	1	0.947	1	0:02:53.335141
42300	1	0.947	1	0:02:53.302980
42400	1	0.212	1	0:02:53.404571
42500	1	0.947	1	0:02:53.359633
42600	1	0.947	1	0:02:52.975678
42700	1	0.653	1	0:02:53.057671
42800	1	0.737	1	0:02:53.108725
42900	0	0.197	0	0:02:52.888840
43000	1	0.947	1	0:02:52.881759
43100	1	0.947	1	0:02:54.053520
43200	1	0.93	1	0:02:53.633122
43300	1	0.847	1	0:02:53.425839
43400	0	0.0702	0	0:02:53.487031
43500	1	0.947	1	0:02:53.042400
43600	1	0.947	1	0:02:52.861307
43700	1	0.947	1	0:02:52.383160
43800	0	0.0862	0	0:02:52.354857
43900	1	0.947	1	0:02:52.353089
44000	1	0.947	1	0:02:53.343400
44100	0	0.468	0	0:02:52.429913
44200	1	0.947	1	0:02:52.504033
44300	1	0.947	1	0:02:53.757366
44400	1	0.947	1	0:02:54.649420
44500	1	0.947	1	0:02:54.866028
44600	1	0.947	1	0:02:54.643986
44700	1	0.947	1	0:02:54.621013
44800	1	0.947	1	0:02:54.829383
44900	1	0.507	1	0:02:55.178030
45000	1	0.947	1	0:02:54.978642
45100	1	0.947	1	0:02:55.025489
45200	1	0.947	1	0:02:54.924193
45300	1	0.947	1	0:02:54.847157
45400	1	0.947	1	0:02:54.799611
45500	1	0.947	1	0:02:54.627959
45600	1	0.947	1	0:02:54.804172
45700	1	0.947	1	0:02:55.144473
45800	1	0.947	1	0:02:55.219198
45900	1	0.947	1	0:02:55.142687
46000	0	0.722	0	0:02:56.834319
46100	1	0.947	1	0:02:56.882044
46200	1	0.947	1	0:02:56.925302
46300	1	0.947	1	0:02:57.074256
46400	1	0.341	1	0:02:56.677201
46500	1	0.947	1	0:02:57.056958
46600	1	0.947	1	0:02:56.629781
46700	1	0.947	1	0:02:56.567021
46800	1	0.947	1	0:02:57.212495
46900	1	0.947	1	0:02:56.666828
47000	1	0.22	1	0:02:56.651224
47100	1	0.947	1	0:02:56.897154
47200	1	0.947	1	0:02:56.689842
47300	1	0.947	1	0:02:56.901298
47400	1	0.947	1	0:02:56.836947
47500	1	0.947	1	0:02:56.692549
47600	1	0.947	1	0:02:56.508281
47700	1	0.0333	1	0:02:56.740610
47800	1	0.947	1	0:02:56.764421
47900	1	0.947	1	0:02:56.572140
48000	1	0.791	1	0:02:56.757668
48100	1	0.947	1	0:02:56.850900
48200	1	0.588	1	0:02:56.666787
48300	1	0.465	1	0:02:56.915454
48400	1	0.947	1	0:02:56.630449
48500	1	0.947	1	0:02:56.648703
48600	1	0.947	1	0:02:56.826042
48700	1	0.947	1	0:02:56.572766
48800	1	0.804	1	0:02:56.528009
48900	0	0.299	0	0:02:56.453850
49000	1	0.947	1	0:02:56.510324
49100	1	0.947	1	0:02:56.801955
49200	1	0.947	1	0:02:56.523541
49300	1	0.947	1	0:02:56.496646
49400	1	0.947	1	0:02:56.593445
49500	1	0.947	1	0:02:56.720357
49600	1	0.947	1	0:02:56.556529
49700	1	0.947	1	0:02:56.681426
49800	1	0.947	1	0:02:57.092902
49900	1	0.947	1	0:02:56.721688
