idx	mean	std	min	25 percentile	50 percentile	75 percentile	max
0	0.205	0.02477	0.08108	0.192	0.2043	0.2197	0.2883
100	0.0155	0.004978	0.005172	0.01183	0.01444	0.01833	0.03583
200	0.3992	0.06488	0.1491	0.3628	0.4099	0.4441	0.5216
300	0.01628	0.004541	0.007675	0.01306	0.01579	0.01897	0.04098
400	0.01495	0.004628	0.005336	0.01163	0.01427	0.01771	0.03726
500	0.02591	0.007868	0.007506	0.02041	0.02482	0.03046	0.0598
600	0.2799	0.06067	0.08493	0.2409	0.2816	0.3187	0.4351
700	0.0001605	9.946e-05	2.678e-05	9.383e-05	0.0001394	0.000196	0.0007914
800	0.0162	0.01331	0.001432	0.007597	0.01256	0.01996	0.1086
900	0.2803	0.03434	0.1604	0.2607	0.2814	0.3011	0.4017
1000	0.0003338	0.0002296	4.451e-05	0.0001833	0.0002774	0.0004059	0.001646
1100	0.1351	0.01977	0.07021	0.1233	0.134	0.1457	0.2323
1200	0.0003938	0.0003839	4.972e-05	0.0001885	0.0002951	0.0004793	0.006102
1300	0.06865	0.02313	0.01859	0.05125	0.06636	0.08386	0.1558
1400	0.2825	0.105	0.03253	0.2001	0.2922	0.3658	0.4879
1500	0.05917	0.01595	0.02344	0.04691	0.05802	0.06931	0.1238
1600	0.2102	0.04273	0.1199	0.1815	0.2054	0.2345	0.3655
1700	0.389	0.0569	0.1468	0.3522	0.3914	0.428	0.5462
1800	0.1256	0.003752	0.1134	0.1234	0.1258	0.1279	0.1364
1900	0.1691	0.02486	0.0647	0.1587	0.1736	0.1863	0.2174
2000	0.1995	0.01555	0.1341	0.1907	0.1997	0.2087	0.2451
2100	0.04636	0.02468	0.009521	0.028	0.04071	0.05893	0.1456
2200	0.04804	0.02044	0.01245	0.03236	0.04394	0.06016	0.1257
2300	0.1019	0.000958	0.09853	0.1014	0.102	0.1025	0.105
2400	0.1657	0.08423	0.009981	0.1035	0.1572	0.2221	0.4214
2500	0.1863	0.04565	0.07098	0.1544	0.1866	0.2175	0.2999
2600	0.2506	0.01822	0.1542	0.2403	0.2519	0.2628	0.2989
2700	0.2429	0.01181	0.2113	0.2358	0.2431	0.2509	0.2804
2800	0.005042	0.003106	0.0009838	0.002934	0.004321	0.006293	0.02581
2900	0.2127	0.05629	0.07682	0.1727	0.2122	0.2544	0.3671
3000	0.09951	0.02367	0.04898	0.08211	0.09699	0.1148	0.1728
3100	0.08619	0.01197	0.0462	0.07759	0.08726	0.09491	0.1148
3200	0.07331	0.01053	0.04355	0.06693	0.07342	0.07988	0.103
3300	0.272	0.03562	0.07541	0.2531	0.2762	0.2974	0.3462
3400	0.06987	0.03486	0.01197	0.04461	0.06285	0.08964	0.1983
3500	0.0002239	8.519e-05	8.556e-05	0.0001602	0.0002061	0.0002716	0.0005323
3600	0.05384	0.007363	0.0329	0.04837	0.0533	0.05877	0.09261
3700	0.1414	0.02504	0.07715	0.1233	0.1438	0.1614	0.2111
3800	0.3306	0.095	0.07738	0.2652	0.3392	0.4056	0.5203
3900	0.04011	0.02247	0.003385	0.02429	0.03531	0.05093	0.1739
4000	0.0003634	0.0001457	0.0001181	0.0002567	0.0003367	0.000434	0.0009631
4100	0.02314	0.00812	0.008171	0.017	0.02193	0.02722	0.08231
4200	0.2164	0.04633	0.07608	0.1825	0.2181	0.2493	0.3362
4300	0.0993	0.003779	0.08568	0.09724	0.09981	0.1019	0.1096
4400	0.07904	0.03184	0.008529	0.05446	0.08024	0.1074	0.1401
4500	0.0003533	0.0002851	4.664e-05	0.000183	0.0002805	0.0004295	0.001876
4600	0.04689	0.02351	0.009624	0.03001	0.04153	0.05775	0.1557
4700	0.000405	0.0002345	9.081e-05	0.0002469	0.0003438	0.0005147	0.001898
4800	5.378e-06	2.493e-06	9.031e-07	3.559e-06	4.945e-06	6.507e-06	2.046e-05
4900	0.04656	0.01975	0.01415	0.03215	0.04241	0.05745	0.1448
5000	0.002199	0.001426	0.0003388	0.001216	0.00176	0.00284	0.01087
5100	0.003013	0.001332	0.0007011	0.002081	0.002679	0.0037	0.009227
5200	0.1673	0.03098	0.07191	0.1486	0.1676	0.1881	0.2446
5300	0.02489	0.01362	0.002233	0.01459	0.02207	0.03239	0.1025
5400	0.4849	0.1017	0.1484	0.4305	0.5085	0.5613	0.6584
5500	0.05306	0.01313	0.02283	0.04449	0.05306	0.06142	0.09573
5600	0.03519	0.03252	0.001014	0.01266	0.02559	0.04545	0.2425
5700	0.01127	0.006302	0.001531	0.007087	0.00975	0.01431	0.05642
5800	0.0001513	0.0001364	1.089e-05	6.671e-05	0.0001125	0.000184	0.001242
5900	0.05118	0.01227	0.02179	0.04281	0.05006	0.0591	0.08712
6000	0.2934	0.03459	0.1789	0.2741	0.2946	0.3164	0.3922
6100	0.02034	0.01142	0.003564	0.01255	0.01793	0.02448	0.09786
6200	0.2324	0.03773	0.1232	0.2074	0.232	0.2587	0.3734
6300	0.06001	0.02076	0.02009	0.04421	0.05753	0.07224	0.1555
6400	0.007404	0.002257	0.003005	0.005889	0.007046	0.008629	0.01716
6500	0.009731	0.007823	0.0005109	0.004491	0.007059	0.01284	0.04342
6600	0.003952	0.001488	0.001185	0.002926	0.003687	0.004739	0.01259
6700	0.1442	0.03843	0.05628	0.1154	0.1409	0.1672	0.2687
6800	6.749e-07	6.974e-07	3.019e-08	3.17e-07	4.99e-07	8.033e-07	1.025e-05
6900	0.001631	0.001526	0.0001581	0.0008099	0.001315	0.001966	0.02162
7000	0.001126	0.0004078	0.0003607	0.0008488	0.001053	0.001343	0.003033
7100	0.02713	0.01486	0.005853	0.01627	0.02302	0.03478	0.0992
7200	0.05164	0.0239	0.01004	0.03344	0.0474	0.06534	0.1396
7300	0.2203	0.04063	0.1067	0.1933	0.2204	0.2494	0.3247
7400	1.276e-05	1.069e-05	1.831e-06	6.46e-06	9.726e-06	1.526e-05	9.545e-05
7500	0.04107	0.02022	0.008071	0.02721	0.03593	0.0513	0.1497
7600	0.02216	0.007499	0.008949	0.0165	0.02102	0.02599	0.05675
7700	0.0754	0.02491	0.02719	0.05739	0.07256	0.09005	0.185
7800	0.003542	0.001281	0.001256	0.002656	0.003281	0.004129	0.009821
7900	0.1619	0.03317	0.06815	0.1379	0.1631	0.1856	0.255
8000	0.003318	0.002623	0.0002439	0.001542	0.002584	0.00444	0.02142
8100	0.02716	0.009746	0.009582	0.02061	0.02617	0.0318	0.07272
8200	0.27	0.04794	0.1051	0.2431	0.2769	0.305	0.3674
8300	0.164	0.009713	0.1307	0.1579	0.1645	0.1709	0.1902
8400	0.3988	0.06741	0.1749	0.3562	0.4126	0.447	0.5467
8500	0.2334	0.04314	0.1069	0.2031	0.2367	0.2624	0.3391
8600	0.1483	0.02522	0.07704	0.1308	0.1455	0.1626	0.2469
8700	0.2365	0.05583	0.1118	0.1991	0.2347	0.277	0.4011
8800	0.06402	0.02424	0.01595	0.04693	0.05951	0.07859	0.1578
8900	0.0001706	0.0001093	2.464e-05	9.884e-05	0.0001428	0.0002181	0.0009939
9000	0.1521	0.02803	0.07129	0.1349	0.154	0.174	0.2218
9100	0.4804	0.07883	0.1838	0.434	0.4939	0.5394	0.6434
9200	0.2136	0.03348	0.1059	0.1914	0.2159	0.2374	0.3171
9300	0.1458	0.01615	0.08558	0.134	0.1456	0.1574	0.2027
9400	0.1906	0.0476	0.0844	0.1563	0.1843	0.223	0.3363
9500	0.0009403	0.0003286	0.0003695	0.0007	0.0008761	0.001125	0.00265
9600	0.3374	0.05022	0.1791	0.3034	0.338	0.3695	0.4864
9700	0.4614	0.03977	0.3068	0.4374	0.4661	0.4885	0.5556
9800	0.02265	0.01063	0.004414	0.01534	0.02055	0.02728	0.07306
9900	0.1017	0.01077	0.05878	0.09488	0.1029	0.1083	0.1321
10000	0.2915	0.03815	0.1496	0.2677	0.2947	0.3188	0.3777
10100	0.1697	0.03228	0.06696	0.1463	0.1728	0.1928	0.2474
10200	0.07798	0.01174	0.04237	0.0698	0.07869	0.08708	0.1032
10300	0.008764	0.00449	0.001523	0.005578	0.007962	0.01121	0.02732
10400	0.1043	0.01679	0.05981	0.09219	0.1031	0.1155	0.1523
10500	0.1172	0.0333	0.04193	0.09209	0.1155	0.1394	0.2161
10600	0.2297	0.02401	0.1107	0.2184	0.2352	0.2453	0.2701
10700	0.2654	0.04454	0.1213	0.2353	0.2654	0.2918	0.4023
10800	0.02278	0.01559	0.003755	0.01206	0.01885	0.0286	0.1054
10900	0.01229	0.003407	0.005722	0.009931	0.01186	0.01416	0.03148
11000	0.02023	0.00792	0.00712	0.01426	0.01909	0.02461	0.05162
11100	0.2834	0.04498	0.1455	0.2548	0.2819	0.3123	0.4225
11200	0.4309	0.05908	0.2053	0.3947	0.4378	0.4721	0.551
11300	0.02288	0.01242	0.00435	0.01443	0.02014	0.02851	0.08821
11400	0.002379	0.001999	0.0002437	0.001198	0.001827	0.002822	0.01687
11500	0.09868	0.002746	0.08123	0.0979	0.09966	0.1005	0.1012
11600	0.04931	0.005814	0.03411	0.04489	0.04874	0.05325	0.0694
11700	0.2029	0.03155	0.1237	0.1799	0.2006	0.2227	0.3095
11800	0.2836	0.04464	0.1736	0.2483	0.284	0.3124	0.414
11900	0.1434	0.009029	0.1162	0.1374	0.1434	0.1492	0.1757
12000	0.06384	0.01083	0.03969	0.05561	0.06361	0.07102	0.1009
12100	0.1111	0.03165	0.03298	0.09074	0.1095	0.132	0.2082
12200	7.562e-05	4.382e-05	1.169e-05	4.678e-05	6.424e-05	9.067e-05	0.0003055
12300	0.23	0.03063	0.1335	0.2109	0.2317	0.2515	0.3082
12400	0.147	0.007106	0.125	0.1424	0.1476	0.1516	0.1623
12500	0.3527	0.04048	0.2243	0.3257	0.3571	0.382	0.4447
12600	0.1617	0.04145	0.05936	0.1325	0.163	0.193	0.27
12700	0.2529	0.05253	0.1157	0.2161	0.2503	0.2923	0.3885
12800	0.006613	0.002443	0.002488	0.005022	0.00631	0.007735	0.02242
12900	0.1625	0.02873	0.06974	0.1455	0.167	0.1832	0.2271
13000	0.02241	0.01051	0.005408	0.01483	0.02015	0.02794	0.07929
13100	0.003544	0.00144	0.0007009	0.002517	0.003337	0.00432	0.01087
13200	0.1541	0.02095	0.07526	0.141	0.1542	0.1685	0.2205
13300	0.1134	0.01303	0.08978	0.1045	0.1109	0.1199	0.177
13400	0.0009125	0.0004819	0.0001817	0.000576	0.0007901	0.001145	0.004282
13500	0.01021	0.003162	0.004328	0.00798	0.0097	0.01194	0.02537
13600	0.16	0.03862	0.05889	0.1318	0.1626	0.1885	0.2657
13700	0.004347	0.002299	0.0008288	0.002783	0.003888	0.005497	0.01806
13800	0.003027	0.00177	0.0004382	0.00173	0.002612	0.003796	0.01244
13900	0.07987	0.0115	0.05208	0.07179	0.07965	0.0874	0.1181
14000	0.005284	0.002986	0.0009891	0.003092	0.004501	0.006535	0.02033
14100	0.1453	0.005229	0.1301	0.1416	0.1452	0.149	0.1598
14200	4.301e-05	2.127e-05	1.077e-05	2.77e-05	3.908e-05	5.28e-05	0.0001835
14300	0.00192	0.00118	0.000288	0.001104	0.001625	0.002362	0.008577
14400	0.04107	0.01287	0.01572	0.03165	0.04039	0.04924	0.09126
14500	0.06879	0.01085	0.03364	0.06113	0.06886	0.07647	0.09842
14600	0.04321	0.007091	0.02771	0.03797	0.04303	0.04761	0.06526
14700	0.0007306	0.000456	0.0001871	0.000447	0.0006065	0.0008593	0.003663
14800	0.1308	0.03063	0.04365	0.1094	0.1349	0.1541	0.205
14900	0.5032	0.03429	0.3604	0.4827	0.5078	0.5274	0.5843
15000	0.000131	6.935e-05	3.069e-05	8.487e-05	0.0001158	0.0001622	0.0005802
15100	0.1642	0.0279	0.07887	0.147	0.1656	0.1845	0.2399
15200	0.04059	0.01416	0.01465	0.03018	0.03826	0.04887	0.09944
15300	0.002332	0.001871	0.0003204	0.001151	0.001807	0.002946	0.01591
15400	0.05737	0.03265	0.007562	0.03194	0.05103	0.07181	0.1746
15500	0.0004841	0.000328	6.105e-05	0.0002686	0.0004078	0.0005924	0.002735
15600	0.5299	0.07138	0.258	0.4866	0.543	0.5802	0.698
15700	0.04014	0.01727	0.00915	0.02819	0.03652	0.04881	0.1166
15800	0.00104	0.0007391	0.0001372	0.0005813	0.0008457	0.001319	0.008431
15900	0.1713	0.05282	0.03129	0.1301	0.1762	0.2111	0.2948
16000	0.01553	0.003355	0.007889	0.01327	0.01502	0.01744	0.02937
16100	0.03132	0.01434	0.00934	0.01992	0.02844	0.03962	0.09388
16200	0.01238	0.005132	0.002415	0.008642	0.01156	0.01496	0.03475
16300	0.03325	0.0125	0.008833	0.02415	0.03132	0.03948	0.08689
16400	0.007172	0.003445	0.001704	0.004556	0.006507	0.008849	0.02468
16500	0.08717	0.01518	0.0466	0.07763	0.08762	0.0968	0.1344
16600	0.4148	0.04368	0.2442	0.3852	0.4182	0.4465	0.5429
16700	0.001421	0.0009847	0.0002108	0.0008107	0.001205	0.001729	0.0104
16800	0.007272	0.004759	0.001238	0.004068	0.005973	0.009095	0.03551
16900	0.3288	0.04	0.1495	0.3071	0.3313	0.3551	0.4211
17000	4.643e-05	1.291e-05	2.22e-05	3.727e-05	4.522e-05	5.292e-05	0.0001064
17100	0.3266	0.03637	0.168	0.3105	0.3305	0.3489	0.4154
17200	0.07749	0.02828	0.01817	0.0568	0.07609	0.09685	0.1615
17300	0.2012	0.03714	0.09821	0.1752	0.1988	0.2239	0.3473
17400	0.02363	0.006626	0.009905	0.01858	0.02276	0.02762	0.0477
17500	1.821e-06	1.158e-06	1.679e-07	1.06e-06	1.514e-06	2.292e-06	8.419e-06
17600	0.03241	0.01144	0.0123	0.02461	0.03069	0.03816	0.12
17700	0.002686	0.002461	0.0001077	0.001133	0.001971	0.003457	0.0189
17800	0.4568	0.03391	0.3194	0.4383	0.4624	0.478	0.537
17900	0.1576	0.02231	0.1019	0.1417	0.1552	0.1729	0.224
18000	0.01164	0.006293	0.002856	0.007673	0.01014	0.01361	0.0471
18100	0.0002042	0.0001431	1.345e-05	0.0001073	0.0001672	0.0002598	0.0009074
18200	0.01623	0.01818	0.0006956	0.005696	0.01076	0.02003	0.2112
18300	0.2185	0.07303	0.02935	0.1647	0.2182	0.2748	0.4356
18400	0.09204	0.03081	0.02717	0.07003	0.08892	0.1074	0.2135
18500	0.0135	0.004757	0.003943	0.009921	0.01303	0.0164	0.03448
18600	0.03993	0.02127	0.005368	0.02375	0.03569	0.05093	0.1394
18700	0.254	0.04528	0.1139	0.2264	0.2574	0.285	0.4221
18800	0.003252	0.002357	0.000331	0.001578	0.002537	0.004183	0.01373
18900	0.3908	0.03422	0.2536	0.37	0.3918	0.4138	0.4829
19000	0.01664	0.008184	0.003352	0.01039	0.01517	0.02122	0.05137
19100	0.01128	0.003153	0.005304	0.00907	0.01078	0.01314	0.02376
19200	0.5302	0.03942	0.3116	0.5126	0.5385	0.5551	0.6143
19300	0.1355	0.006696	0.1144	0.1315	0.1361	0.1399	0.1605
19400	0.0173	0.01272	0.001984	0.009367	0.01386	0.02158	0.09707
19500	0.007827	0.003369	0.00251	0.005457	0.00721	0.009414	0.02667
19600	5.474e-05	4.67e-05	5.696e-06	2.432e-05	4.243e-05	7.135e-05	0.0005146
19700	0.4659	0.03608	0.3355	0.4421	0.4675	0.4909	0.5562
19800	1.7e-05	9.569e-06	2.612e-06	1.053e-05	1.443e-05	2.145e-05	7.692e-05
19900	0.004651	0.003007	0.0004025	0.002524	0.003824	0.005864	0.01873
20000	0.09601	0.0164	0.06123	0.08431	0.09457	0.1043	0.1647
20100	0.2243	0.03631	0.1571	0.2008	0.2171	0.2414	0.4135
20200	0.01126	0.003804	0.004065	0.008565	0.01043	0.01316	0.02869
20300	0.09209	0.02086	0.0181	0.0819	0.09892	0.1077	0.1259
20400	0.1492	0.04332	0.05012	0.119	0.1471	0.1771	0.3623
20500	0.4755	0.06068	0.2306	0.4424	0.482	0.5181	0.6188
20600	0.1701	0.04468	0.05115	0.1382	0.1678	0.2008	0.2946
20700	0.00624	0.002467	0.002223	0.004473	0.005766	0.007286	0.02655
20800	0.004715	0.001828	0.001574	0.003419	0.004398	0.005622	0.01376
20900	0.04522	0.01391	0.0183	0.03556	0.04343	0.05255	0.1094
21000	0.386	0.09834	0.1517	0.3092	0.3758	0.4583	0.6434
21100	0.1749	0.05134	0.09703	0.138	0.1616	0.2	0.4167
21200	0.1878	0.02158	0.1128	0.1762	0.1906	0.2044	0.2239
21300	0.0001976	0.0001225	4.217e-05	0.000121	0.0001736	0.0002367	0.001057
21400	9.344e-06	8.819e-06	5.383e-07	3.638e-06	6.268e-06	1.184e-05	6.281e-05
21500	0.0322	0.01198	0.01151	0.02321	0.03075	0.03876	0.07708
21600	0.0005741	0.0004561	9.13e-05	0.0003115	0.0004549	0.0006901	0.004701
21700	0.3295	0.03035	0.2217	0.3091	0.3309	0.3496	0.4123
21800	0.005218	0.00239	0.001158	0.003529	0.004677	0.006194	0.01888
21900	0.2324	0.03356	0.1333	0.2079	0.234	0.2557	0.314
22000	0.1955	0.04195	0.1012	0.1689	0.1856	0.2129	0.4112
22100	0.2134	0.04151	0.1023	0.1846	0.2104	0.2388	0.3512
22200	0.4361	0.0574	0.2513	0.403	0.4398	0.4743	0.5803
22300	0.002174	0.001477	0.0003936	0.001216	0.001802	0.002745	0.0136
22400	0.1406	0.02658	0.07271	0.1224	0.141	0.1593	0.208
22500	0.2573	0.0502	0.1195	0.2234	0.2558	0.2887	0.4054
22600	0.02832	0.01775	0.005858	0.01683	0.02417	0.03466	0.1399
22700	0.03065	0.006201	0.01419	0.02635	0.03015	0.03438	0.05141
22800	0.3089	0.0517	0.1428	0.2755	0.3098	0.3436	0.4713
22900	0.00245	0.002394	0.0002126	0.001019	0.001705	0.002923	0.02057
23000	0.1448	0.02577	0.08221	0.1279	0.1435	0.1625	0.2188
23100	0.002857	0.003546	0.0001283	0.0009894	0.001859	0.003232	0.04477
23200	0.3771	0.02691	0.2704	0.3605	0.379	0.3952	0.4602
23300	0.005558	0.003287	0.000587	0.003332	0.004681	0.006665	0.02182
23400	0.02801	0.008938	0.00979	0.02167	0.02613	0.03273	0.05804
23500	0.3685	0.05643	0.1849	0.3311	0.375	0.4091	0.4882
23600	0.001676	0.0006257	0.0006216	0.00124	0.001541	0.001971	0.005983
23700	0.3364	0.03613	0.1828	0.316	0.3419	0.3618	0.4018
23800	0.02542	0.01988	0.0005754	0.0111	0.0198	0.03183	0.1298
23900	0.2354	0.02031	0.1608	0.2223	0.2366	0.2504	0.2837
24000	0.2792	0.02424	0.1712	0.2675	0.2847	0.2969	0.322
24100	0.2255	0.03646	0.04466	0.2051	0.2294	0.252	0.3161
24200	0.08449	0.009285	0.0497	0.0784	0.08519	0.09142	0.1011
24300	0.07654	0.007897	0.04973	0.07129	0.07688	0.08212	0.09445
24400	0.281	0.05312	0.08892	0.2498	0.2862	0.3186	0.4153
24500	0.05054	0.03601	0.00396	0.02678	0.04184	0.06495	0.32
24600	0.03542	0.02002	0.007708	0.02126	0.03061	0.0435	0.136
24700	0.2235	0.03946	0.09271	0.2016	0.2281	0.2516	0.3127
24800	0.1792	0.03926	0.0673	0.1508	0.1828	0.2058	0.3152
24900	0.005936	0.00244	0.001485	0.004213	0.005546	0.007128	0.01804
25000	0.0002521	0.0001879	4.042e-05	0.0001348	0.0001968	0.0002988	0.001638
25100	0.06317	0.01357	0.03232	0.05387	0.06158	0.07139	0.1304
25200	0.2985	0.076	0.08549	0.241	0.3013	0.3554	0.4833
25300	0.04913	0.02084	0.01088	0.03347	0.04482	0.0613	0.1192
25400	0.08051	0.007844	0.05763	0.07495	0.08033	0.08574	0.1044
25500	0.0001247	7.626e-05	2.169e-05	7.112e-05	0.0001053	0.0001557	0.0004873
25600	0.3408	0.08378	0.08478	0.28	0.3461	0.4024	0.5614
25700	1.146e-05	9.338e-06	5.805e-07	5.467e-06	8.733e-06	1.425e-05	8.069e-05
25800	0.3695	0.05396	0.1818	0.3305	0.3739	0.4049	0.4887
25900	0.000802	0.000521	0.0001322	0.0004342	0.0006616	0.001012	0.003307
26000	0.001694	0.0007175	0.0005109	0.001178	0.001548	0.002091	0.004642
26100	0.001652	0.001342	0.0001213	0.0009159	0.001356	0.002044	0.01764
26200	0.4242	0.07582	0.1895	0.3741	0.4283	0.4866	0.5947
26300	0.2781	0.01457	0.2251	0.2691	0.2772	0.2888	0.3136
26400	0.4332	0.05719	0.2353	0.4001	0.4352	0.4726	0.5717
26500	0.1208	0.01192	0.08356	0.1136	0.1211	0.1292	0.1642
26600	0.1452	0.02152	0.07942	0.1306	0.1477	0.1609	0.2004
26700	0.6954	0.02545	0.5718	0.6856	0.6995	0.7118	0.7471
26800	0.01663	0.01115	0.002184	0.00869	0.01357	0.0206	0.07729
26900	0.002539	0.0005268	0.001457	0.002153	0.002459	0.002871	0.004563
27000	0.0006858	0.0006399	4.617e-05	0.0002838	0.0004888	0.0008434	0.004353
27100	0.2049	0.02975	0.09036	0.1848	0.2051	0.2266	0.2892
27200	0.163	0.03434	0.04515	0.1405	0.1673	0.1882	0.27
27300	0.002554	0.0007744	0.0009343	0.001982	0.002487	0.003046	0.005372
27400	0.08496	0.03799	0.02316	0.05834	0.0766	0.1041	0.208
27500	0.05998	0.01189	0.02878	0.05182	0.05977	0.06715	0.09527
27600	4.174e-08	4.028e-08	2.582e-09	1.666e-08	3.08e-08	5.314e-08	4.287e-07
27700	0.03171	0.01873	0.003244	0.01838	0.02773	0.04183	0.129
27800	0.166	0.02181	0.07109	0.1547	0.1675	0.1802	0.2231
27900	0.1471	0.07207	0.005404	0.09025	0.14	0.1975	0.3447
28000	0.007211	0.004002	0.00106	0.004267	0.006334	0.009308	0.02353
28100	8.593e-05	5.095e-05	1.909e-05	5.258e-05	7.349e-05	0.0001042	0.000389
28200	0.1269	0.03034	0.07092	0.1103	0.1213	0.1373	0.3278
28300	0.07725	0.01984	0.02484	0.06298	0.0772	0.09029	0.136
28400	0.1767	0.02187	0.08934	0.1646	0.1798	0.1914	0.2377
28500	0.4279	0.02625	0.3464	0.4114	0.4283	0.4455	0.4918
28600	0.1619	0.02873	0.08412	0.1422	0.1598	0.1793	0.2505
28700	2.607e-05	1.097e-05	7.087e-06	1.815e-05	2.399e-05	3.159e-05	7.732e-05
28800	0.4316	0.0544	0.2298	0.3984	0.4371	0.4701	0.5606
28900	0.1584	0.03554	0.08469	0.1331	0.1537	0.1771	0.3042
29000	0.01021	0.004555	0.002806	0.0071	0.009578	0.01222	0.03884
29100	0.3808	0.04704	0.1677	0.35	0.3847	0.4138	0.5081
29200	0.1524	0.04707	0.04674	0.1187	0.147	0.1817	0.2874
29300	0.03411	0.01573	0.005199	0.02303	0.03176	0.04203	0.09762
29400	0.001829	0.0007295	0.0004932	0.001302	0.001634	0.002161	0.005329
29500	0.1841	0.01397	0.1161	0.1758	0.1869	0.1939	0.2101
29600	0.004698	0.002342	0.0009021	0.003008	0.004177	0.005798	0.01805
29700	0.2654	0.0825	0.03775	0.2051	0.2662	0.3331	0.4353
29800	0.2625	0.03489	0.153	0.2384	0.2625	0.2845	0.3697
29900	0.2379	0.01423	0.1948	0.2281	0.2383	0.2479	0.2783
30000	0.01962	0.008565	0.005486	0.01362	0.01799	0.02321	0.06813
30100	0.003832	0.0009579	0.001852	0.003139	0.003701	0.004393	0.006753
30200	0.4631	0.05024	0.1102	0.4422	0.4679	0.4954	0.5645
30300	1.544e-05	6.947e-06	3.862e-06	1.059e-05	1.419e-05	1.844e-05	6.427e-05
30400	0.2721	0.02287	0.1996	0.2586	0.274	0.2876	0.3435
30500	0.08088	0.02174	0.03191	0.06477	0.07863	0.09278	0.163
30600	1.074e-05	7.159e-06	1.31e-06	5.784e-06	8.992e-06	1.331e-05	5.548e-05
30700	0.07561	0.05781	0.003027	0.03417	0.0577	0.1007	0.3459
30800	0.425	0.0557	0.238	0.3911	0.4281	0.4612	0.5663
30900	0.4069	0.02153	0.3427	0.3928	0.4096	0.4219	0.4625
31000	0.198	0.04317	0.09055	0.1683	0.1952	0.2235	0.3697
31100	3.005e-05	1.537e-05	6.7e-06	1.975e-05	2.697e-05	3.698e-05	0.0001079
31200	0.3768	0.06279	0.1448	0.3373	0.3829	0.4203	0.5288
31300	0.4726	0.01829	0.4029	0.4612	0.4742	0.4854	0.5173
31400	0.2254	0.04866	0.07917	0.1939	0.2267	0.2588	0.3523
31500	0.03147	0.02179	0.002441	0.0159	0.02553	0.04025	0.128
31600	0.244	0.01313	0.1849	0.2375	0.2463	0.2531	0.2699
31700	0.00065	0.0003333	0.0001722	0.0004182	0.0005799	0.0008003	0.002666
31800	0.0838	0.007447	0.05889	0.07905	0.08459	0.08926	0.1005
31900	0.1406	0.004603	0.1286	0.1376	0.1401	0.1437	0.1564
32000	2.47e-07	1.555e-07	4.227e-08	1.431e-07	2.045e-07	3.037e-07	1.053e-06
32100	0.02897	0.01872	0.003031	0.01474	0.02373	0.03888	0.08847
32200	0.009726	0.003148	0.003904	0.007552	0.009193	0.01142	0.02396
32300	0.08073	0.01833	0.03803	0.06732	0.08003	0.09227	0.1523
32400	0.2482	0.01963	0.1418	0.2372	0.2501	0.2613	0.2923
32500	0.3809	0.0461	0.2257	0.3486	0.3858	0.4156	0.4936
32600	0.03689	0.01427	0.006299	0.02625	0.03536	0.04544	0.08563
32700	0.1721	0.01571	0.1224	0.161	0.1724	0.1826	0.215
32800	0.1911	0.009169	0.1682	0.1851	0.1914	0.1971	0.2211
32900	0.00374	0.001258	0.001094	0.002821	0.003546	0.00451	0.007881
33000	0.1248	0.03383	0.04194	0.09998	0.1217	0.1473	0.2335
33100	0.2759	0.03722	0.1829	0.2501	0.2725	0.2997	0.3813
33200	0.1966	0.01129	0.162	0.1896	0.1968	0.2042	0.2324
33300	0.03046	0.007898	0.01319	0.02475	0.02975	0.03527	0.0644
33400	0.2965	0.05926	0.1091	0.2612	0.3065	0.3405	0.4097
33500	0.03266	0.00802	0.0162	0.0269	0.03184	0.03713	0.06471
33600	0.08318	0.05357	0.004691	0.03991	0.07187	0.1201	0.2383
33700	0.2388	0.04154	0.09843	0.2101	0.238	0.2645	0.3584
33800	0.3981	0.046	0.2206	0.3702	0.4016	0.4315	0.5036
33900	9.977e-05	8.83e-05	8.295e-06	4.465e-05	7.586e-05	0.00012	0.0007756
34000	0.4245	0.02547	0.3369	0.4065	0.4269	0.4424	0.5062
34100	0.2209	0.03505	0.08559	0.2046	0.2284	0.245	0.2858
34200	0.03664	0.01284	0.01385	0.02759	0.03456	0.04326	0.09461
34300	0.2916	0.04149	0.1424	0.2625	0.2922	0.319	0.4477
34400	0.0003985	0.0002675	2.848e-05	0.0002107	0.0003399	0.0005135	0.002186
34500	0.0556	0.009488	0.03152	0.04902	0.05497	0.06217	0.09528
34600	0.3528	0.04004	0.1972	0.3316	0.3564	0.3834	0.4386
34700	0.0001464	0.000103	9.912e-06	8.101e-05	0.0001179	0.0001808	0.0008418
34800	0.565	0.0445	0.3306	0.5376	0.5714	0.597	0.6631
34900	0.08062	0.02109	0.0314	0.06546	0.07816	0.09261	0.1651
35000	0.2845	0.03059	0.1852	0.2645	0.2862	0.3057	0.3822
35100	0.136	0.02019	0.06067	0.1242	0.1405	0.1526	0.1643
35200	0.006504	0.007796	0.0002228	0.002434	0.004315	0.007905	0.0762
35300	0.2948	0.04092	0.1677	0.2706	0.3022	0.325	0.3726
35400	0.03885	0.01503	0.01172	0.02819	0.03616	0.04698	0.09823
35500	0.2476	0.04295	0.1262	0.2181	0.2505	0.2799	0.3383
35600	0.2463	0.03512	0.1393	0.2219	0.2471	0.2691	0.343
35700	0.01302	0.008624	0.002208	0.007053	0.01081	0.01623	0.06513
35800	0.007831	0.004705	0.001409	0.004773	0.006622	0.009817	0.03886
35900	0.3077	0.02141	0.2305	0.2941	0.3086	0.322	0.3627
36000	0.3269	0.02779	0.2464	0.3074	0.3274	0.3461	0.4159
36100	2.441e-06	2.188e-06	2.198e-07	9.618e-07	1.73e-06	3.278e-06	1.767e-05
36200	0.006786	0.001171	0.004059	0.005975	0.006658	0.007489	0.01067
36300	0.001153	0.0008509	9.901e-05	0.0006101	0.000904	0.001477	0.006249
36400	0.1168	0.03637	0.04509	0.08973	0.1137	0.1396	0.2719
36500	0.2269	0.01715	0.1828	0.2162	0.2252	0.2363	0.292
36600	0.004585	0.001862	0.001364	0.003333	0.004226	0.005479	0.01216
36700	0.004365	0.001934	0.001304	0.002952	0.003982	0.005382	0.01271
36800	5.529e-07	3.524e-07	7.148e-08	3.125e-07	4.591e-07	7.056e-07	3e-06
36900	0.1783	0.06643	0.04835	0.1319	0.1697	0.2183	0.4235
37000	0.4877	0.04482	0.3294	0.4586	0.4896	0.5177	0.6015
37100	0.496	0.04663	0.2955	0.4718	0.5059	0.5297	0.5829
37200	0.1046	0.003804	0.09791	0.102	0.1039	0.1061	0.1272
37300	2.049e-08	1.268e-08	2.815e-09	1.145e-08	1.75e-08	2.542e-08	7.485e-08
37400	0.1177	0.007682	0.08562	0.1131	0.1179	0.1223	0.1412
37500	0.2002	0.05172	0.08233	0.1629	0.1995	0.2361	0.3722
37600	0.3999	0.0528	0.1316	0.3728	0.4051	0.4331	0.5168
37700	0.1744	0.02084	0.1282	0.1604	0.1715	0.1861	0.26
37800	0.00128	0.0005209	0.0004011	0.0009178	0.001173	0.001543	0.003643
37900	0.4141	0.04556	0.2344	0.3873	0.4173	0.4471	0.5687
38000	0.3274	0.03046	0.1933	0.3116	0.3306	0.3479	0.4032
38100	0.1316	0.02757	0.06776	0.1115	0.1317	0.1512	0.2138
38200	0.3064	0.05646	0.1272	0.2705	0.3077	0.3465	0.4556
38300	0.0001406	0.0001114	1.708e-05	7.336e-05	0.0001131	0.0001683	0.00133
38400	0.06449	0.03536	0.01297	0.03838	0.05543	0.08176	0.204
38500	0.126	0.05036	0.02692	0.08889	0.1191	0.1617	0.3131
38600	0.1059	0.04383	0.02601	0.07206	0.1018	0.1331	0.2525
38700	0.01407	0.006017	0.002838	0.009701	0.0131	0.01718	0.04206
38800	0.2826	0.02972	0.1802	0.2651	0.2837	0.3031	0.3821
38900	0.3246	0.03634	0.2191	0.3011	0.3255	0.3459	0.4477
39000	0.1833	0.009908	0.1311	0.1789	0.1858	0.1903	0.2007
39100	0.2087	0.004292	0.1952	0.2059	0.2089	0.2113	0.2222
39200	0.2837	0.02544	0.1783	0.2687	0.2864	0.301	0.3441
39300	0.3707	0.04015	0.2018	0.3478	0.3765	0.3973	0.4609
39400	0.4672	0.03848	0.3029	0.4441	0.4701	0.4928	0.5601
39500	0.04807	0.0139	0.0152	0.03808	0.04653	0.05728	0.09461
39600	0.1291	0.03851	0.05128	0.1007	0.1274	0.1528	0.2718
39700	0.01635	0.00765	0.004081	0.0111	0.01496	0.01971	0.05267
39800	1.887e-05	1.055e-05	3.564e-06	1.113e-05	1.63e-05	2.454e-05	6.196e-05
39900	0.01376	0.005038	0.004343	0.01014	0.01306	0.01614	0.04981
40000	0.007179	0.003903	0.001114	0.004348	0.006301	0.009197	0.03241
40100	0.06077	0.02689	0.01473	0.03959	0.0568	0.07738	0.1473
40200	0.01652	0.008758	0.002713	0.01027	0.01446	0.02098	0.05751
40300	0.002596	0.001208	0.0006571	0.001746	0.002311	0.003163	0.008651
40400	0.002143	0.001791	0.0003199	0.001077	0.001655	0.002497	0.01496
40500	0.08035	0.002679	0.07084	0.0785	0.08034	0.08226	0.08906
40600	2.701e-08	2.383e-08	1.289e-09	1.177e-08	2.024e-08	3.327e-08	1.731e-07
40700	0.2026	0.03983	0.09404	0.1754	0.2029	0.2339	0.2954
40800	0.001837	0.001123	0.0003057	0.001088	0.001576	0.002291	0.00957
40900	0.2165	0.042	0.1259	0.1854	0.2137	0.2518	0.3266
41000	0.2358	0.03413	0.1309	0.2146	0.2369	0.2584	0.3183
41100	0.001091	0.0007778	0.0001557	0.0005742	0.0008784	0.001382	0.005065
41200	0.0627	0.02475	0.01631	0.0447	0.05798	0.07712	0.1437
41300	0.102	0.006103	0.07552	0.09884	0.1034	0.1062	0.1157
41400	0.3266	0.04299	0.1781	0.2996	0.3308	0.3568	0.4379
41500	0.1247	0.06229	0.02468	0.0802	0.1138	0.1572	0.3593
41600	0.04784	0.01635	0.01424	0.03565	0.04662	0.05845	0.1033
41700	0.2934	0.0303	0.1684	0.2739	0.2952	0.3137	0.3849
41800	0.4733	0.04575	0.2653	0.4461	0.4776	0.5045	0.5965
41900	0.1638	0.02364	0.09318	0.1474	0.1639	0.1804	0.227
42000	0.002222	0.001071	0.0003437	0.00146	0.002023	0.002757	0.01042
42100	0.1578	0.03293	0.05733	0.1372	0.1553	0.1769	0.2874
42200	0.0003889	0.0002031	7.308e-05	0.0002608	0.0003429	0.0004617	0.002051
42300	0.1335	0.05838	0.02195	0.08778	0.1243	0.1737	0.287
42400	0.3709	0.02056	0.3187	0.3569	0.3705	0.3856	0.4332
42500	0.02036	0.01287	0.003104	0.01163	0.01746	0.02495	0.09844
42600	3.952e-06	1.813e-06	9.084e-07	2.524e-06	3.662e-06	4.96e-06	1.038e-05
42700	0.2601	0.04409	0.1365	0.2306	0.2617	0.2857	0.4047
42800	0.151	0.05211	0.05473	0.1145	0.142	0.177	0.4068
42900	0.4183	0.042	0.2721	0.3918	0.4194	0.4476	0.539
43000	0.1873	0.03924	0.08523	0.1585	0.1842	0.2155	0.3127
43100	0.06201	0.01963	0.02039	0.04723	0.05985	0.07605	0.1123
43200	0.2217	0.03971	0.09362	0.1954	0.2224	0.248	0.329
43300	0.02731	0.01986	0.007322	0.01639	0.0217	0.02936	0.1549
43400	0.3981	0.02493	0.3229	0.3822	0.3979	0.4144	0.4724
43500	0.117	0.04618	0.01624	0.08324	0.1112	0.1439	0.301
43600	0.01432	0.004209	0.005735	0.01121	0.01364	0.01679	0.02969
43700	0.003013	0.001327	0.0009089	0.002154	0.002683	0.003586	0.01133
43800	0.4115	0.05287	0.2536	0.3751	0.4147	0.4488	0.5387
43900	0.05561	0.007637	0.03179	0.05041	0.0559	0.0605	0.0786
44000	0.1931	0.02874	0.08221	0.1746	0.1921	0.2126	0.285
44100	0.4366	0.01989	0.3532	0.4249	0.4381	0.4509	0.4858
44200	0.008722	0.003112	0.003629	0.006505	0.008226	0.01024	0.02532
44300	0.01264	0.00359	0.005577	0.01008	0.01218	0.01488	0.02634
44400	0.08426	0.009068	0.05421	0.07872	0.08423	0.09084	0.1065
44500	0.06176	0.02183	0.0167	0.04502	0.06103	0.07755	0.1083
44600	0.1724	0.01585	0.1071	0.1637	0.1737	0.1834	0.2159
44700	0.01072	0.002224	0.004213	0.009132	0.01061	0.01221	0.01813
44800	0.02201	0.007481	0.008455	0.01659	0.02082	0.02603	0.05939
44900	0.2705	0.05014	0.1744	0.2342	0.2604	0.2974	0.4693
45000	3.814e-06	2.975e-06	4.213e-07	1.998e-06	3.089e-06	4.564e-06	3.113e-05
45100	0.0003123	0.000286	2.92e-05	0.0001343	0.00023	0.0003988	0.002491
45200	0.02132	0.009695	0.005029	0.01454	0.01991	0.02573	0.07199
45300	0.01013	0.005519	0.001724	0.00621	0.009175	0.01266	0.04433
45400	0.09068	0.01559	0.05498	0.0807	0.08844	0.09813	0.1742
45500	0.03231	0.01711	0.004375	0.0196	0.02949	0.04145	0.1101
45600	0.1507	0.02561	0.04666	0.1361	0.1495	0.1673	0.2222
45700	0.0107	0.004611	0.003112	0.007322	0.00995	0.01286	0.04136
45800	0.0005101	0.0001615	0.0002322	0.0003952	0.0004783	0.0005964	0.001203
45900	5.251e-06	3.546e-06	4.929e-07	2.771e-06	4.541e-06	6.551e-06	3.029e-05
46000	0.5644	0.04047	0.3998	0.5406	0.5706	0.5941	0.647
46100	0.02959	0.01113	0.007728	0.02181	0.02791	0.03568	0.08253
46200	0.0006087	0.0004204	9.485e-05	0.0003276	0.0004833	0.0007673	0.003205
46300	0.01959	0.006337	0.007739	0.0149	0.01884	0.0231	0.05281
46400	0.3134	0.05748	0.1161	0.2767	0.3176	0.3522	0.4551
46500	0.06828	0.02538	0.007751	0.04787	0.06758	0.08821	0.1325
46600	0.0217	0.008386	0.007004	0.01585	0.02044	0.02584	0.08732
46700	0.1671	0.028	0.0522	0.1505	0.1686	0.1862	0.2519
46800	0.00588	0.002875	0.001488	0.003905	0.005306	0.007314	0.02888
46900	0.1628	0.01921	0.1054	0.1497	0.1619	0.1747	0.23
47000	0.3454	0.0547	0.1694	0.315	0.3487	0.3838	0.4799
47100	0.0008844	0.000387	0.0002234	0.0006102	0.0008108	0.001062	0.003125
47200	0.04013	0.007129	0.0224	0.03545	0.03943	0.04491	0.06583
47300	0.008662	0.002191	0.004132	0.007047	0.00834	0.009723	0.0164
47400	0.004848	0.002422	0.00108	0.003149	0.004274	0.005953	0.01774
47500	0.007913	0.005122	0.001195	0.004556	0.006521	0.009673	0.03784
47600	0.001591	0.0007756	0.0003544	0.001073	0.001407	0.001981	0.006163
47700	0.3804	0.04117	0.2377	0.3552	0.3861	0.412	0.4665
47800	0.0001757	0.0003519	4.696e-06	4.424e-05	9.807e-05	0.000196	0.006201
47900	0.08358	0.0183	0.03375	0.0715	0.08401	0.09615	0.1329
48000	0.241	0.06301	0.05319	0.2006	0.2502	0.2865	0.3901
48100	0.01908	0.01201	0.003533	0.0106	0.01579	0.0243	0.1242
48200	0.2461	0.0541	0.1097	0.207	0.2408	0.2816	0.4131
48300	0.2659	0.0555	0.1373	0.2248	0.2614	0.2989	0.5212
48400	0.02467	0.005595	0.01069	0.02081	0.0242	0.02775	0.04599
48500	0.02185	0.007394	0.007079	0.01679	0.02037	0.02563	0.05881
48600	0.07452	0.01765	0.04172	0.06066	0.07306	0.08484	0.1288
48700	0.0005803	0.0003337	0.0001032	0.0003545	0.0005057	0.0007352	0.003072
48800	0.3094	0.03398	0.1758	0.2896	0.3156	0.3344	0.3993
48900	0.4624	0.05549	0.278	0.4303	0.4722	0.5041	0.5696
49000	0.0007151	0.000561	8.807e-05	0.0003439	0.0005671	0.0008986	0.004848
49100	0.00643	0.003416	0.001152	0.004161	0.005685	0.007841	0.02365
49200	2.264e-05	1.108e-05	6.034e-06	1.515e-05	2.009e-05	2.697e-05	8.324e-05
49300	1.212e-05	1.042e-05	1.112e-06	5.53e-06	9.355e-06	1.458e-05	0.0001012
49400	0.1124	0.02398	0.02955	0.09795	0.1168	0.1298	0.1705
49500	0.02926	0.01059	0.01154	0.02094	0.02821	0.03515	0.07044
49600	0.01148	0.00361	0.005025	0.008727	0.01071	0.01386	0.02763
49700	0.0006073	0.0004284	6.45e-05	0.0002988	0.0004846	0.0007916	0.003094
49800	0.04277	0.02087	0.00722	0.02771	0.03891	0.05464	0.1617
49900	0.09944	0.000631	0.09663	0.09907	0.09957	0.09991	0.1003
