idx	predict	radius	unperturbed predict	time
0	1	3.79	1	0:01:17.688508
20	1	3.67	1	0:01:15.503602
40	1	3.79	1	0:01:15.769343
60	1	3.79	1	0:01:15.804279
80	1	3.79	1	0:01:17.200620
100	1	3.79	1	0:01:17.187625
120	1	3.79	1	0:01:17.461591
140	1	3.79	1	0:01:19.381783
160	1	3.79	1	0:01:16.885221
180	1	3.79	1	0:01:16.488783
200	1	3.79	1	0:01:15.462319
220	1	3.79	1	0:01:15.742487
240	1	3.79	1	0:01:16.558528
260	1	3.79	1	0:01:14.272498
280	1	3.79	1	0:01:14.346316
300	1	3.79	1	0:01:14.394498
320	1	3.67	1	0:01:14.372072
340	1	3.79	1	0:01:15.490860
360	1	3.79	1	0:01:16.137848
380	1	3.79	1	0:01:16.130587
400	1	3.79	1	0:01:14.879762
420	1	3.79	1	0:01:17.133788
440	1	3.55	1	0:01:16.255444
460	1	3.79	1	0:01:14.211864
480	1	3.79	1	0:01:14.298979
500	1	3.79	1	0:01:14.267258
520	1	3.79	1	0:01:14.408988
540	1	3.79	1	0:01:17.130687
560	1	3.79	1	0:01:17.035051
580	1	3.79	1	0:01:17.737980
600	1	3.79	1	0:01:15.757163
620	1	3.79	1	0:01:14.335921
640	1	3.79	1	0:01:14.345122
660	1	3.79	1	0:01:14.322227
680	1	3.79	1	0:01:14.768831
700	1	3.79	1	0:01:14.423599
720	1	3.79	1	0:01:14.159829
740	1	3.79	1	0:01:15.503442
760	1	3.79	1	0:01:15.514626
780	1	3.79	1	0:01:15.400342
800	1	3.79	1	0:01:17.359481
820	1	3.79	1	0:01:16.725180
840	1	3.79	1	0:01:15.419762
860	1	3.79	1	0:01:14.104197
880	1	3.79	1	0:01:14.539026
900	1	3.79	1	0:01:14.382966
920	1	3.79	1	0:01:14.266387
940	1	3.79	1	0:01:14.399156
960	1	3.79	1	0:01:14.279311
980	1	3.79	1	0:01:14.188577
1000	1	3.79	1	0:01:14.329830
1020	1	3.79	1	0:01:14.214845
1040	1	3.79	1	0:01:14.279932
1060	1	3.79	1	0:01:14.334235
1080	1	3.79	1	0:01:14.253319
1100	1	3.79	1	0:01:15.224808
1120	1	3.51	1	0:01:15.795711
1140	1	3.79	1	0:01:17.264974
1160	1	3.79	1	0:01:17.414439
1180	1	3.72	1	0:01:17.326243
1200	1	3.79	1	0:01:17.065352
1220	1	3.79	1	0:01:16.951679
1240	1	3.79	1	0:01:14.260506
1260	1	3.79	1	0:01:15.614151
1280	1	3.79	1	0:01:17.389275
1300	1	3.79	1	0:01:17.762988
1320	1	3.79	1	0:01:18.207895
1340	1	3.79	1	0:01:14.765470
1360	1	3.79	1	0:01:14.648418
1380	1	3.79	1	0:01:16.292084
1400	1	3.79	1	0:01:16.759740
1420	1	3.79	1	0:01:14.234084
1440	1	3.79	1	0:01:14.238969
1460	1	3.79	1	0:01:14.331586
1480	1	3.79	1	0:01:14.087873
1500	1	3.79	1	0:01:14.047445
1520	1	3.79	1	0:01:15.215017
1540	1	3.79	1	0:01:17.793783
1560	1	3.79	1	0:01:18.315221
1580	1	3.72	1	0:01:15.146902
1600	1	3.79	1	0:01:14.604228
1620	1	3.79	1	0:01:15.890630
1640	1	3.79	1	0:01:17.642415
1660	1	3.67	1	0:01:18.335304
1680	1	3.79	1	0:01:16.104941
1700	1	3.72	1	0:01:19.263839
1720	1	3.79	1	0:01:23.733148
1740	1	3.79	1	0:01:17.193381
1760	1	3.79	1	0:01:16.424101
1780	1	3.79	1	0:01:14.904575
1800	1	3.79	1	0:01:14.409566
1820	1	3.79	1	0:01:16.793019
1840	1	3.55	1	0:01:16.880673
1860	1	3.79	1	0:01:14.593020
1880	1	3.79	1	0:01:17.326936
1900	1	3.79	1	0:01:16.532238
1920	1	3.79	1	0:01:14.189815
1940	1	3.79	1	0:01:14.513799
1960	1	3.79	1	0:01:15.423142
1980	1	3.79	1	0:01:15.662137
2000	1	3.79	1	0:01:15.242049
2020	1	3.79	1	0:01:15.742925
2040	1	3.79	1	0:01:15.203795
2060	1	3.79	1	0:01:15.223592
2080	1	3.67	1	0:01:15.455768
2100	1	3.79	1	0:01:15.320884
2120	1	3.79	1	0:01:15.239531
2140	1	3.79	1	0:01:17.704799
2160	1	3.79	1	0:01:18.490437
2180	1	3.79	1	0:01:18.308254
2200	1	3.79	1	0:01:18.144930
2220	1	3.79	1	0:01:15.274149
2240	1	3.79	1	0:01:15.369768
2260	1	3.79	1	0:01:15.389880
2280	1	3.79	1	0:01:15.517194
2300	1	3.72	1	0:01:15.293503
2320	1	3.79	1	0:01:16.346603
2340	1	3.79	1	0:01:15.329211
2360	1	3.79	1	0:01:15.325923
2380	1	3.79	1	0:01:15.545786
2400	1	3.79	1	0:01:15.292890
2420	1	3.67	1	0:01:15.468505
2440	1	3.79	1	0:01:15.454463
2460	1	3.79	1	0:01:15.274479
2480	1	3.79	1	0:01:15.342927
2500	1	3.79	1	0:01:15.411889
2520	1	3.79	1	0:01:15.425184
2540	1	3.79	1	0:01:15.261980
2560	1	3.48	1	0:01:15.212480
2580	1	3.79	1	0:01:15.343766
2600	1	3.79	1	0:01:15.234687
2620	1	3.79	1	0:01:15.159890
2640	1	3.79	1	0:01:15.196763
2660	1	3.79	1	0:01:15.154470
2680	1	3.79	1	0:01:15.329206
2700	1	3.79	1	0:01:15.371245
2720	1	3.41	1	0:01:15.283994
2740	1	3.72	1	0:01:15.426640
2760	1	3.79	1	0:01:15.193114
2780	1	3.79	1	0:01:15.219030
2800	1	3.79	1	0:01:15.389917
2820	1	3.79	1	0:01:15.296051
2840	1	3.79	1	0:01:15.263904
2860	1	3.72	1	0:01:15.139129
2880	1	3.79	1	0:01:15.230942
2900	1	3.79	1	0:01:15.048284
2920	1	3.79	1	0:01:15.161851
2940	1	3.79	1	0:01:15.479816
2960	1	3.79	1	0:01:15.244805
2980	1	3.79	1	0:01:15.139103
3000	1	3.79	1	0:01:15.351009
3020	1	3.79	1	0:01:15.193852
3040	1	3.79	1	0:01:15.259509
3060	1	3.79	1	0:01:15.273515
3080	1	3.79	1	0:01:15.187467
3100	1	3.79	1	0:01:15.595993
3120	1	3.79	1	0:01:15.097836
3140	1	3.79	1	0:01:15.288645
3160	1	3.79	1	0:01:15.324688
3180	1	3.67	1	0:01:15.015542
3200	1	3.79	1	0:01:15.117290
3220	1	3.79	1	0:01:15.171797
3240	1	3.45	1	0:01:15.217037
3260	1	3.79	1	0:01:15.207118
3280	1	3.79	1	0:01:15.419789
3300	1	3.79	1	0:01:15.067942
3320	1	3.79	1	0:01:15.755846
3340	1	3.79	1	0:01:15.328470
3360	1	3.72	1	0:01:15.124549
3380	1	3.79	1	0:01:15.589868
3400	1	3.79	1	0:01:15.322569
3420	1	3.79	1	0:01:15.156857
3440	1	3.72	1	0:01:15.058085
3460	1	3.79	1	0:01:15.310131
3480	1	3.79	1	0:01:15.357700
3500	1	3.72	1	0:01:15.237569
3520	1	3.79	1	0:01:15.503600
3540	1	3.6	1	0:01:15.041567
3560	1	3.79	1	0:01:15.183103
3580	1	3.72	1	0:01:15.190358
3600	1	3.79	1	0:01:15.390938
3620	1	3.79	1	0:01:15.108587
3640	1	3.79	1	0:01:15.061553
3660	1	3.79	1	0:01:15.362199
3680	1	3.79	1	0:01:15.528655
3700	1	3.79	1	0:01:15.387444
3720	1	3.79	1	0:01:15.202527
3740	1	3.79	1	0:01:15.667247
3760	1	3.79	1	0:01:16.333110
3780	1	3.79	1	0:01:15.386024
3800	1	3.6	1	0:01:15.558052
3820	1	3.79	1	0:01:15.621793
3840	1	3.79	1	0:01:15.840442
3860	1	3.79	1	0:01:15.943894
3880	1	3.79	1	0:01:15.934990
3900	1	3.79	1	0:01:15.998866
3920	1	3.79	1	0:01:15.881996
3940	1	3.79	1	0:01:15.876341
3960	1	3.79	1	0:01:15.931309
3980	1	3.79	1	0:01:15.824276
4000	1	3.72	1	0:01:15.908885
4020	1	3.79	1	0:01:15.845243
4040	1	3.79	1	0:01:15.922698
4060	1	3.79	1	0:01:15.913752
4080	1	3.72	1	0:01:15.833799
4100	1	3.79	1	0:01:16.743451
4120	1	3.79	1	0:01:19.381243
4140	1	3.79	1	0:01:15.929442
4160	1	3.79	1	0:01:15.942237
4180	1	3.79	1	0:01:16.057777
4200	1	3.79	1	0:01:16.767214
4220	1	3.79	1	0:01:15.932330
4240	1	3.79	1	0:01:16.148966
4260	1	3.79	1	0:01:15.898224
4280	1	3.79	1	0:01:16.890578
4300	1	3.79	1	0:01:17.421294
4320	1	3.79	1	0:01:17.586229
4340	1	3.79	1	0:01:18.678281
4360	1	3.79	1	0:01:18.052203
4380	1	3.79	1	0:01:16.395697
4400	1	3.55	1	0:01:16.567794
4420	1	3.46	1	0:01:15.845832
4440	1	3.79	1	0:01:16.489149
4460	1	3.79	1	0:01:15.852236
4480	1	3.79	1	0:01:15.952950
4500	1	3.79	1	0:01:15.882936
4520	1	3.79	1	0:01:15.816113
4540	1	3.79	1	0:01:15.832294
4560	1	3.67	1	0:01:15.867456
4580	1	3.79	1	0:01:15.836449
4600	1	3.79	1	0:01:15.893021
4620	1	3.79	1	0:01:15.860353
4640	1	3.79	1	0:01:15.894332
4660	1	3.79	1	0:01:15.790177
4680	1	3.79	1	0:01:15.959382
4700	1	3.63	1	0:01:16.741858
4720	1	3.79	1	0:01:15.947953
4740	1	3.79	1	0:01:15.841491
4760	1	3.63	1	0:01:15.851224
4780	1	3.79	1	0:01:17.226793
4800	1	3.79	1	0:01:16.563572
4820	1	3.79	1	0:01:15.775879
4840	1	3.79	1	0:01:15.920913
4860	1	3.79	1	0:01:16.506169
4880	1	3.79	1	0:01:16.453278
4900	1	3.79	1	0:01:17.739016
4920	1	3.79	1	0:01:17.573004
4940	1	3.79	1	0:01:18.010023
4960	1	3.79	1	0:01:18.540978
4980	1	3.79	1	0:01:17.022518
5000	1	3.79	1	0:01:17.979256
5020	1	3.79	1	0:01:17.055546
5040	1	3.79	1	0:01:17.078736
5060	1	3.67	1	0:01:17.105581
5080	1	3.79	1	0:01:17.046829
5100	1	3.79	1	0:01:17.059093
5120	1	3.79	1	0:01:20.439582
5140	1	3.79	1	0:01:15.788671
5160	1	3.79	1	0:01:15.715520
5180	1	3.26	1	0:01:15.814221
5200	1	3.79	1	0:01:15.843799
5220	1	3.79	1	0:01:16.587820
5240	1	3.79	1	0:01:15.685432
5260	1	3.79	1	0:01:15.774118
5280	1	3.79	1	0:01:15.702160
5300	1	3.79	1	0:01:15.817203
5320	1	3.79	1	0:01:15.729625
5340	1	3.79	1	0:01:15.764586
5360	1	3.79	1	0:01:15.708732
5380	1	3.79	1	0:01:15.924720
5400	1	3.79	1	0:01:15.862943
5420	1	3.79	1	0:01:15.735006
5440	1	3.79	1	0:01:15.808754
5460	1	3.79	1	0:01:15.777324
5480	1	3.63	1	0:01:15.737830
5500	1	3.79	1	0:01:15.739209
5520	1	3.79	1	0:01:15.763632
5540	1	3.79	1	0:01:16.276460
5560	1	3.79	1	0:01:15.928090
5580	1	3.79	1	0:01:15.862922
5600	1	3.23	1	0:01:15.819085
5620	1	3.79	1	0:01:15.753324
5640	1	3.79	1	0:01:15.826893
5660	1	3.79	1	0:01:15.792536
5680	1	3.79	1	0:01:15.595347
5700	1	3.79	1	0:01:15.816469
5720	1	3.79	1	0:01:15.798486
5740	1	3.79	1	0:01:15.941384
5760	1	3.79	1	0:01:16.061065
5780	1	3.79	1	0:01:16.189344
5800	1	3.79	1	0:01:15.789150
5820	1	3.79	1	0:01:15.766305
5840	1	3.72	1	0:01:15.712097
5860	1	3.67	1	0:01:15.815352
5880	1	3.79	1	0:01:15.833783
5900	1	3.79	1	0:01:15.759293
5920	1	3.79	1	0:01:15.835018
5940	1	3.79	1	0:01:15.727617
5960	1	3.79	1	0:01:15.750012
5980	1	3.79	1	0:01:16.093599
6000	1	3.79	1	0:01:15.858000
6020	1	3.72	1	0:01:15.783535
6040	1	3.79	1	0:01:15.860651
6060	1	3.79	1	0:01:15.732766
6080	1	3.79	1	0:01:15.720855
6100	1	3.72	1	0:01:15.881841
6120	1	3.79	1	0:01:15.759962
6140	1	3.79	1	0:01:15.746168
6160	1	3.79	1	0:01:15.813283
6180	1	3.79	1	0:01:15.822598
6200	1	3.79	1	0:01:15.859323
6220	1	3.79	1	0:01:16.349014
6240	1	3.63	1	0:01:15.553415
6260	1	3.55	1	0:01:16.398625
6280	1	3.79	1	0:01:15.776054
6300	1	3.23	1	0:01:15.945238
6320	1	3.79	1	0:01:16.165619
6340	1	3.79	1	0:01:15.654793
6360	1	3.79	1	0:01:15.754418
6380	1	3.67	1	0:01:15.816042
6400	1	3.79	1	0:01:15.794094
6420	1	3.79	1	0:01:15.710877
6440	1	3.49	1	0:01:15.721000
6460	1	3.79	1	0:01:15.703344
6480	1	3.79	1	0:01:15.781797
6500	1	3.67	1	0:01:15.762068
6520	1	3.79	1	0:01:15.927793
6540	1	3.79	1	0:01:15.781629
6560	1	3.79	1	0:01:15.814563
6580	1	3.79	1	0:01:15.779468
6600	1	3.79	1	0:01:15.883368
6620	1	3.79	1	0:01:15.847130
6640	1	3.79	1	0:01:15.775887
6660	1	3.79	1	0:01:15.853401
6680	1	3.79	1	0:01:15.763182
6700	1	3.79	1	0:01:16.035530
6720	1	3.79	1	0:01:15.912999
6740	1	3.79	1	0:01:15.839249
6760	1	3.79	1	0:01:15.773924
6780	1	3.79	1	0:01:15.868330
6800	1	3.79	1	0:01:15.772119
6820	1	3.79	1	0:01:15.838431
6840	1	3.79	1	0:01:15.773408
6860	1	3.79	1	0:01:15.811810
6880	1	3.79	1	0:01:15.736875
6900	1	3.72	1	0:01:15.808037
6920	1	3.79	1	0:01:15.658731
6940	1	3.79	1	0:01:15.816174
6960	1	3.79	1	0:01:15.801235
6980	1	3.79	1	0:01:15.701243
7000	1	3.58	1	0:01:15.795720
7020	1	3.79	1	0:01:16.297552
7040	1	3.79	1	0:01:15.887910
7060	1	3.79	1	0:01:15.972935
7080	1	3.79	1	0:01:15.817291
7100	1	3.79	1	0:01:15.641571
7120	1	3.79	1	0:01:15.832278
7140	1	3.79	1	0:01:15.703090
7160	1	3.79	1	0:01:15.790456
7180	1	3.79	1	0:01:15.948697
7200	1	3.79	1	0:01:15.879293
7220	1	3.79	1	0:01:15.693469
7240	1	3.79	1	0:01:15.909741
7260	1	3.79	1	0:01:15.739393
7280	1	3.79	1	0:01:15.775079
7300	1	3.79	1	0:01:15.800816
7320	1	3.79	1	0:01:16.151987
7340	1	3.79	1	0:01:16.235613
7360	1	3.79	1	0:01:16.578244
7380	1	3.79	1	0:01:15.745161
7400	1	3.79	1	0:01:15.863657
7420	1	3.79	1	0:01:15.747436
7440	1	3.79	1	0:01:15.759818
7460	1	3.79	1	0:01:15.710504
7480	1	3.79	1	0:01:15.760902
7500	1	3.79	1	0:01:15.814715
7520	1	3.79	1	0:01:15.721612
7540	1	3.79	1	0:01:16.225735
7560	1	3.58	1	0:01:15.744831
7580	1	3.79	1	0:01:15.785532
7600	1	3.72	1	0:01:15.852460
7620	1	3.79	1	0:01:15.691010
7640	1	3.79	1	0:01:15.761254
7660	1	3.79	1	0:01:16.084409
7680	1	3.79	1	0:01:15.849590
7700	1	3.79	1	0:01:15.775880
7720	1	3.79	1	0:01:15.807760
7740	1	3.79	1	0:01:15.819435
7760	1	3.79	1	0:01:15.685502
7780	1	3.79	1	0:01:15.897662
7800	1	3.79	1	0:01:15.871280
7820	1	3.79	1	0:01:16.140850
7840	1	3.79	1	0:01:16.093757
7860	1	3.79	1	0:01:15.759705
7880	1	3.79	1	0:01:15.751740
7900	1	3.79	1	0:01:16.175897
7920	1	3.32	1	0:01:15.962249
7940	1	3.79	1	0:01:15.896417
7960	1	3.79	1	0:01:16.228972
7980	1	3.79	1	0:01:15.934602
8000	1	3.79	1	0:01:16.128979
8020	1	3.79	1	0:01:16.388368
8040	1	3.79	1	0:01:15.962960
8060	1	3.79	1	0:01:15.934740
8080	1	3.79	1	0:01:16.253718
8100	1	3.79	1	0:01:16.045507
8120	1	3.79	1	0:01:15.823224
8140	1	3.79	1	0:01:15.938071
8160	1	3.79	1	0:01:15.863679
8180	1	3.79	1	0:01:15.645526
8200	1	3.79	1	0:01:15.847895
8220	1	3.79	1	0:01:15.782220
8240	1	3.79	1	0:01:15.770620
8260	1	3.79	1	0:01:15.709896
8280	1	3.79	1	0:01:15.612901
8300	1	3.67	1	0:01:15.415653
8320	1	3.79	1	0:01:15.629059
8340	1	3.79	1	0:01:15.643776
8360	1	3.79	1	0:01:15.861698
8380	1	3.79	1	0:01:15.935983
8400	1	3.79	1	0:01:15.539360
8420	1	3.79	1	0:01:15.497207
8440	1	3.79	1	0:01:15.634920
8460	1	3.79	1	0:01:16.125067
8480	1	3.45	1	0:01:15.647259
8500	1	3.79	1	0:01:15.687415
8520	1	3.79	1	0:01:15.840951
8540	1	3.79	1	0:01:15.787837
8560	1	3.79	1	0:01:15.775070
8580	1	3.79	1	0:01:15.564214
8600	1	3.79	1	0:01:15.630812
8620	1	3.53	1	0:01:15.769913
8640	1	3.79	1	0:01:15.774488
8660	1	3.79	1	0:01:15.645541
8680	1	3.79	1	0:01:16.259150
8700	1	3.79	1	0:01:15.592401
8720	1	3.79	1	0:01:15.684443
8740	1	3.79	1	0:01:16.133162
8760	1	3.79	1	0:01:15.894338
8780	1	3.79	1	0:01:15.586727
8800	1	3.79	1	0:01:15.685840
8820	1	3.79	1	0:01:15.704662
8840	1	3.79	1	0:01:15.609807
8860	1	3.79	1	0:01:15.827545
8880	1	3.79	1	0:01:15.588752
8900	1	3.79	1	0:01:15.726978
8920	1	3.79	1	0:01:15.548726
8940	1	3.79	1	0:01:15.548232
8960	1	3.79	1	0:01:15.669394
8980	1	3.79	1	0:01:15.780093
9000	1	3.79	1	0:01:15.591491
9020	1	3.79	1	0:01:15.755872
9040	1	3.79	1	0:01:15.763603
9060	1	3.79	1	0:01:15.893394
9080	1	3.79	1	0:01:15.639206
9100	1	3.79	1	0:01:15.707849
9120	1	3.79	1	0:01:15.746350
9140	1	3.34	1	0:01:15.718102
9160	1	3.79	1	0:01:15.963304
9180	1	3.79	1	0:01:15.980025
9200	1	3.79	1	0:01:15.696448
9220	1	3.79	1	0:01:15.570293
9240	1	3.63	1	0:01:15.625170
9260	1	3.79	1	0:01:15.587499
9280	1	3.79	1	0:01:15.626882
9300	1	3.79	1	0:01:15.564163
9320	1	3.79	1	0:01:15.652598
9340	1	3.79	1	0:01:15.629286
9360	1	3.79	1	0:01:15.614696
9380	1	3.79	1	0:01:15.689790
9400	1	3.79	1	0:01:15.517774
9420	1	3.79	1	0:01:15.552873
9440	1	3.79	1	0:01:15.617455
9460	1	3.79	1	0:01:15.700960
9480	1	3.79	1	0:01:15.594008
9500	1	3.79	1	0:01:15.656268
9520	1	3.79	1	0:01:15.725958
9540	1	3.79	1	0:01:15.670867
9560	1	3.79	1	0:01:15.746039
9580	1	3.79	1	0:01:15.803034
9600	1	3.79	1	0:01:16.207498
9620	1	3.79	1	0:01:15.790913
9640	1	3.79	1	0:01:15.894595
9660	1	3.79	1	0:01:15.791365
9680	1	3.79	1	0:01:15.649369
9700	1	3.79	1	0:01:15.836566
9720	1	3.31	1	0:01:15.522170
9740	1	3.79	1	0:01:15.485398
9760	1	3.79	1	0:01:15.679948
9780	1	3.79	1	0:01:15.695599
9800	1	3.79	1	0:01:15.625515
9820	1	3.72	1	0:01:15.659194
9840	1	3.79	1	0:01:15.603135
9860	1	3.79	1	0:01:15.659231
9880	1	3.79	1	0:01:15.683875
9900	1	3.79	1	0:01:16.102259
9920	1	3.79	1	0:01:15.520076
9940	1	3.79	1	0:01:15.623732
9960	1	3.79	1	0:01:15.599723
9980	1	3.79	1	0:01:15.777313
