idx	predict	radius	unperturbed predict	time
0	0	3.51	0	0:01:17.688508
20	0	2.24	0	0:01:15.503602
40	0	2.85	0	0:01:15.769343
60	0	0.797	0	0:01:15.804279
80	0	1.24	0	0:01:17.200620
100	0	3.3	0	0:01:17.187625
120	0	1.77	0	0:01:17.461591
140	0	3.12	0	0:01:19.381783
160	0	1.89	0	0:01:16.885221
180	0	2.27	0	0:01:16.488783
200	0	3.23	0	0:01:15.462319
220	-1	0.0	1	0:01:15.742487
240	0	0.0678	0	0:01:16.558528
260	0	2.49	0	0:01:14.272498
280	0	0.0999	0	0:01:14.346316
300	0	3.11	0	0:01:14.394498
320	0	3.72	0	0:01:14.372072
340	0	3.53	0	0:01:15.490860
360	0	2.89	0	0:01:16.137848
380	0	3.58	0	0:01:16.130587
400	0	1.42	0	0:01:14.879762
420	0	3.51	0	0:01:17.133788
440	0	1.43	0	0:01:16.255444
460	0	3.55	0	0:01:14.211864
480	0	1.73	0	0:01:14.298979
500	0	3.17	0	0:01:14.267258
520	0	2.12	0	0:01:14.408988
540	0	2.21	0	0:01:17.130687
560	0	0.797	0	0:01:17.035051
580	0	3.63	0	0:01:17.737980
600	0	2.16	0	0:01:15.757163
620	0	2.05	0	0:01:14.335921
640	0	3.58	0	0:01:14.345122
660	0	1.17	0	0:01:14.322227
680	0	3.21	0	0:01:14.768831
700	0	1.94	0	0:01:14.423599
720	0	2.23	0	0:01:14.159829
740	0	3.45	0	0:01:15.503442
760	0	2.62	0	0:01:15.514626
780	0	2.25	0	0:01:15.400342
800	1	0.495	1	0:01:17.359481
820	0	3.72	0	0:01:16.725180
840	1	1.25	1	0:01:15.419762
860	0	3.2	0	0:01:14.104197
880	1	1.29	1	0:01:14.539026
900	0	3.55	0	0:01:14.382966
920	0	3.45	0	0:01:14.266387
940	0	0.735	0	0:01:14.399156
960	0	0.766	0	0:01:14.279311
980	0	3.36	0	0:01:14.188577
1000	0	1.28	0	0:01:14.329830
1020	0	1.67	0	0:01:14.214845
1040	0	2.27	0	0:01:14.279932
1060	0	1.57	0	0:01:14.334235
1080	0	2.65	0	0:01:14.253319
1100	0	1.65	0	0:01:15.224808
1120	0	3.42	0	0:01:15.795711
1140	0	3.24	0	0:01:17.264974
1160	0	2.06	0	0:01:17.414439
1180	0	3.79	0	0:01:17.326243
1200	0	0.737	0	0:01:17.065352
1220	0	3.06	0	0:01:16.951679
1240	0	2.46	0	0:01:14.260506
1260	0	1.25	0	0:01:15.614151
1280	0	1.59	0	0:01:17.389275
1300	0	3.79	0	0:01:17.762988
1320	0	2.77	0	0:01:18.207895
1340	0	0.556	0	0:01:14.765470
1360	0	1.97	0	0:01:14.648418
1380	0	2.87	0	0:01:16.292084
1400	0	3.19	0	0:01:16.759740
1420	0	1.95	0	0:01:14.234084
1440	0	1.85	0	0:01:14.238969
1460	0	3.53	0	0:01:14.331586
1480	0	2.09	0	0:01:14.087873
1500	0	1.67	0	0:01:14.047445
1520	0	2.01	0	0:01:15.215017
1540	0	2.22	0	0:01:17.793783
1560	1	1.93	1	0:01:18.315221
1580	0	2.05	0	0:01:15.146902
1600	0	2.54	0	0:01:14.604228
1620	0	2.78	0	0:01:15.890630
1640	0	3.43	0	0:01:17.642415
1660	0	3.72	0	0:01:18.335304
1680	0	1.52	0	0:01:16.104941
1700	0	3.58	0	0:01:19.263839
1720	0	3.19	0	0:01:23.733148
1740	0	2.44	0	0:01:17.193381
1760	0	2.5	0	0:01:16.424101
1780	0	2.91	0	0:01:14.904575
1800	0	2.67	0	0:01:14.409566
1820	0	2.15	0	0:01:16.793019
1840	0	3.01	0	0:01:16.880673
1860	0	0.284	0	0:01:14.593020
1880	0	1.89	0	0:01:17.326936
1900	1	1.3	1	0:01:16.532238
1920	0	3.36	0	0:01:14.189815
1940	0	3.79	0	0:01:14.513799
1960	0	2.67	0	0:01:15.423142
1980	0	0.788	0	0:01:15.662137
2000	0	2.64	0	0:01:15.242049
2020	0	0.436	0	0:01:15.742925
2040	0	1.73	0	0:01:15.203795
2060	0	3.24	0	0:01:15.223592
2080	0	2.13	0	0:01:15.455768
2100	0	3.6	0	0:01:15.320884
2120	0	1.27	0	0:01:15.239531
2140	0	0.307	0	0:01:17.704799
2160	0	1.16	0	0:01:18.490437
2180	0	3.72	0	0:01:18.308254
2200	0	1.96	0	0:01:18.144930
2220	0	0.745	0	0:01:15.274149
2240	0	2.31	0	0:01:15.369768
2260	0	2.77	0	0:01:15.389880
2280	0	2.91	0	0:01:15.517194
2300	0	3.79	0	0:01:15.293503
2320	0	3.4	0	0:01:16.346603
2340	0	0.122	0	0:01:15.329211
2360	0	1.74	0	0:01:15.325923
2380	0	1.04	0	0:01:15.545786
2400	0	0.686	0	0:01:15.292890
2420	0	2.98	0	0:01:15.468505
2440	0	0.828	0	0:01:15.454463
2460	0	3.58	0	0:01:15.274479
2480	0	0.943	0	0:01:15.342927
2500	0	3.63	0	0:01:15.411889
2520	0	1.79	0	0:01:15.425184
2540	0	3.79	0	0:01:15.261980
2560	0	2.47	0	0:01:15.212480
2580	0	3.39	0	0:01:15.343766
2600	0	0.59	0	0:01:15.234687
2620	0	2.01	0	0:01:15.159890
2640	0	1.27	0	0:01:15.196763
2660	0	3.55	0	0:01:15.154470
2680	1	0.54	1	0:01:15.329206
2700	0	2.47	0	0:01:15.371245
2720	0	3.63	0	0:01:15.283994
2740	0	2.99	0	0:01:15.426640
2760	0	2.39	0	0:01:15.193114
2780	1	0.0687	1	0:01:15.219030
2800	0	3.49	0	0:01:15.389917
2820	0	2.01	0	0:01:15.296051
2840	0	2.05	0	0:01:15.263904
2860	0	2.75	0	0:01:15.139129
2880	0	1.79	0	0:01:15.230942
2900	0	3.05	0	0:01:15.048284
2920	0	3.72	0	0:01:15.161851
2940	0	1.59	0	0:01:15.479816
2960	0	2.33	0	0:01:15.244805
2980	0	2.3	0	0:01:15.139103
3000	0	0.584	0	0:01:15.351009
3020	0	1.1	0	0:01:15.193852
3040	1	1.94	1	0:01:15.259509
3060	0	0.502	0	0:01:15.273515
3080	0	2.59	0	0:01:15.187467
3100	0	1.24	0	0:01:15.595993
3120	0	3.55	0	0:01:15.097836
3140	0	0.924	0	0:01:15.288645
3160	0	3.79	0	0:01:15.324688
3180	0	3.02	0	0:01:15.015542
3200	0	0.977	0	0:01:15.117290
3220	0	3.4	0	0:01:15.171797
3240	0	3.18	0	0:01:15.217037
3260	0	1.45	0	0:01:15.207118
3280	0	2.78	0	0:01:15.419789
3300	0	3.58	0	0:01:15.067942
3320	0	1.9	0	0:01:15.755846
3340	0	3.06	0	0:01:15.328470
3360	0	3.51	0	0:01:15.124549
3380	0	2.17	0	0:01:15.589868
3400	0	3.35	0	0:01:15.322569
3420	0	3.67	0	0:01:15.156857
3440	0	3.49	0	0:01:15.058085
3460	0	0.594	0	0:01:15.310131
3480	0	1.28	0	0:01:15.357700
3500	0	1.47	0	0:01:15.237569
3520	1	1.03	1	0:01:15.503600
3540	0	3.04	0	0:01:15.041567
3560	0	2.6	0	0:01:15.183103
3580	0	3.55	0	0:01:15.190358
3600	0	3.36	0	0:01:15.390938
3620	0	2.48	0	0:01:15.108587
3640	0	3.19	0	0:01:15.061553
3660	0	2.02	0	0:01:15.362199
3680	0	3.4	0	0:01:15.528655
3700	0	3.58	0	0:01:15.387444
3720	0	1.73	0	0:01:15.202527
3740	0	0.609	0	0:01:15.667247
3760	1	1.62	1	0:01:16.333110
3780	0	3.79	0	0:01:15.386024
3800	0	3.02	0	0:01:15.558052
3820	0	2.44	0	0:01:15.621793
3840	0	3.08	0	0:01:15.840442
3860	1	0.865	1	0:01:15.943894
3880	0	3.34	0	0:01:15.934990
3900	0	3.04	0	0:01:15.998866
3920	0	2.81	0	0:01:15.881996
3940	0	3.48	0	0:01:15.876341
3960	0	1.86	0	0:01:15.931309
3980	0	1.23	0	0:01:15.824276
4000	0	2.45	0	0:01:15.908885
4020	0	2.25	0	0:01:15.845243
4040	1	0.3	1	0:01:15.922698
4060	0	3.48	0	0:01:15.913752
4080	0	2.05	0	0:01:15.833799
4100	1	1.42	1	0:01:16.743451
4120	0	1.33	0	0:01:19.381243
4140	0	3.79	0	0:01:15.929442
4160	0	3.79	0	0:01:15.942237
4180	0	1.83	0	0:01:16.057777
4200	0	3.79	0	0:01:16.767214
4220	-1	0.0	-1	0:01:15.932330
4240	0	2.37	0	0:01:16.148966
4260	0	1.09	0	0:01:15.898224
4280	0	2.3	0	0:01:16.890578
4300	0	1.72	0	0:01:17.421294
4320	0	1.29	0	0:01:17.586229
4340	0	1.58	0	0:01:18.678281
4360	0	2.87	0	0:01:18.052203
4380	0	2.41	0	0:01:16.395697
4400	0	3.63	0	0:01:16.567794
4420	0	3.28	0	0:01:15.845832
4440	0	3.37	0	0:01:16.489149
4460	0	2.49	0	0:01:15.852236
4480	0	2.32	0	0:01:15.952950
4500	0	2.74	0	0:01:15.882936
4520	0	3.15	0	0:01:15.816113
4540	0	0.647	0	0:01:15.832294
4560	0	1.08	0	0:01:15.867456
4580	0	3.41	0	0:01:15.836449
4600	0	2.05	0	0:01:15.893021
4620	0	2.93	0	0:01:15.860353
4640	0	3.72	0	0:01:15.894332
4660	0	3.48	0	0:01:15.790177
4680	0	1.17	0	0:01:15.959382
4700	0	2.41	0	0:01:16.741858
4720	0	1.24	0	0:01:15.947953
4740	0	3.63	0	0:01:15.841491
4760	0	3.39	0	0:01:15.851224
4780	0	2.07	0	0:01:17.226793
4800	1	1.17	1	0:01:16.563572
4820	0	3.51	0	0:01:15.775879
4840	-1	0.0	-1	0:01:15.920913
4860	0	3.34	0	0:01:16.506169
4880	0	2.57	0	0:01:16.453278
4900	0	1.52	0	0:01:17.739016
4920	0	0.851	0	0:01:17.573004
4940	0	3.35	0	0:01:18.010023
4960	0	3.67	0	0:01:18.540978
4980	0	2.2	0	0:01:17.022518
5000	1	0.945	1	0:01:17.979256
5020	0	1.95	0	0:01:17.055546
5040	0	3.67	0	0:01:17.078736
5060	0	3.72	0	0:01:17.105581
5080	1	0.87	1	0:01:17.046829
5100	0	3.67	0	0:01:17.059093
5120	0	1.14	0	0:01:20.439582
5140	0	0.528	0	0:01:15.788671
5160	0	2.48	0	0:01:15.715520
5180	0	3.09	0	0:01:15.814221
5200	0	3.72	0	0:01:15.843799
5220	0	1.95	0	0:01:16.587820
5240	0	3.13	0	0:01:15.685432
5260	1	0.659	1	0:01:15.774118
5280	0	1.27	0	0:01:15.702160
5300	0	0.967	0	0:01:15.817203
5320	0	1.55	0	0:01:15.729625
5340	0	3.41	0	0:01:15.764586
5360	0	1.63	0	0:01:15.708732
5380	0	0.505	0	0:01:15.924720
5400	0	2.51	0	0:01:15.862943
5420	0	1.56	0	0:01:15.735006
5440	1	0.785	1	0:01:15.808754
5460	0	2.66	0	0:01:15.777324
5480	0	2.32	0	0:01:15.737830
5500	0	2.42	0	0:01:15.739209
5520	0	3.63	0	0:01:15.763632
5540	0	3.25	0	0:01:16.276460
5560	0	3.15	0	0:01:15.928090
5580	0	2.41	0	0:01:15.862922
5600	0	3.79	0	0:01:15.819085
5620	0	3.38	0	0:01:15.753324
5640	0	3.67	0	0:01:15.826893
5660	0	2.74	0	0:01:15.792536
5680	0	2.93	0	0:01:15.595347
5700	0	3.79	0	0:01:15.816469
5720	0	0.017	-1	0:01:15.798486
5740	0	3.79	0	0:01:15.941384
5760	0	3.58	0	0:01:16.061065
5780	0	0.655	0	0:01:16.189344
5800	0	3.15	0	0:01:15.789150
5820	0	3.63	0	0:01:15.766305
5840	0	3.51	0	0:01:15.712097
5860	0	2.5	0	0:01:15.815352
5880	0	1.45	0	0:01:15.833783
5900	0	3.63	0	0:01:15.759293
5920	1	1.05	1	0:01:15.835018
5940	0	2.8	0	0:01:15.727617
5960	0	3.36	0	0:01:15.750012
5980	0	0.645	0	0:01:16.093599
6000	0	2.85	0	0:01:15.858000
6020	0	2.9	0	0:01:15.783535
6040	0	1.59	0	0:01:15.860651
6060	0	3.58	0	0:01:15.732766
6080	0	2.22	0	0:01:15.720855
6100	0	1.43	0	0:01:15.881841
6120	0	1.82	0	0:01:15.759962
6140	0	0.937	0	0:01:15.746168
6160	0	2.77	0	0:01:15.813283
6180	0	2.51	0	0:01:15.822598
6200	0	2.89	0	0:01:15.859323
6220	0	3.24	0	0:01:16.349014
6240	0	3.27	0	0:01:15.553415
6260	0	3.11	0	0:01:16.398625
6280	0	3.29	0	0:01:15.776054
6300	0	3.24	0	0:01:15.945238
6320	0	0.179	0	0:01:16.165619
6340	0	3.58	0	0:01:15.654793
6360	0	3.55	0	0:01:15.754418
6380	0	3.2	0	0:01:15.816042
6400	0	1.41	0	0:01:15.794094
6420	0	2.65	0	0:01:15.710877
6440	0	3.26	0	0:01:15.721000
6460	0	3.21	0	0:01:15.703344
6480	0	1.4	0	0:01:15.781797
6500	0	3.05	0	0:01:15.762068
6520	0	3.36	0	0:01:15.927793
6540	0	1.65	0	0:01:15.781629
6560	0	2.82	0	0:01:15.814563
6580	0	2.72	0	0:01:15.779468
6600	1	2.13	1	0:01:15.883368
6620	0	0.981	0	0:01:15.847130
6640	0	3.43	0	0:01:15.775887
6660	0	2.14	0	0:01:15.853401
6680	0	3.13	0	0:01:15.763182
6700	0	3.49	0	0:01:16.035530
6720	0	3.79	0	0:01:15.912999
6740	0	3.67	0	0:01:15.839249
6760	0	3.48	0	0:01:15.773924
6780	1	0.247	1	0:01:15.868330
6800	0	3.26	0	0:01:15.772119
6820	1	0.784	1	0:01:15.838431
6840	0	0.841	0	0:01:15.773408
6860	0	0.868	0	0:01:15.811810
6880	0	3.03	0	0:01:15.736875
6900	0	2.34	0	0:01:15.808037
6920	0	3.12	0	0:01:15.658731
6940	1	1.3	1	0:01:15.816174
6960	0	0.741	0	0:01:15.801235
6980	0	3.23	0	0:01:15.701243
7000	0	2.94	0	0:01:15.795720
7020	0	0.28	0	0:01:16.297552
7040	0	2.64	0	0:01:15.887910
7060	0	0.943	0	0:01:15.972935
7080	0	3.6	0	0:01:15.817291
7100	0	3.79	0	0:01:15.641571
7120	0	1.61	0	0:01:15.832278
7140	0	2.98	0	0:01:15.703090
7160	0	2.68	0	0:01:15.790456
7180	0	1.61	0	0:01:15.948697
7200	0	3.6	0	0:01:15.879293
7220	0	1.6	0	0:01:15.693469
7240	0	2.68	0	0:01:15.909741
7260	0	2.35	0	0:01:15.739393
7280	0	2.19	0	0:01:15.775079
7300	0	2.03	0	0:01:15.800816
7320	0	1.08	0	0:01:16.151987
7340	0	3.25	0	0:01:16.235613
7360	0	3.2	0	0:01:16.578244
7380	0	1.79	0	0:01:15.745161
7400	0	3.67	0	0:01:15.863657
7420	0	2.25	0	0:01:15.747436
7440	0	3.67	0	0:01:15.759818
7460	1	0.647	1	0:01:15.710504
7480	0	2.04	0	0:01:15.760902
7500	1	1.43	1	0:01:15.814715
7520	0	3.72	0	0:01:15.721612
7540	0	0.239	0	0:01:16.225735
7560	0	2.91	0	0:01:15.744831
7580	0	1.42	0	0:01:15.785532
7600	0	3.03	0	0:01:15.852460
7620	0	3.01	0	0:01:15.691010
7640	0	2.29	0	0:01:15.761254
7660	0	2.86	0	0:01:16.084409
7680	0	2.89	0	0:01:15.849590
7700	0	2.63	0	0:01:15.775880
7720	0	3.6	0	0:01:15.807760
7740	0	3.79	0	0:01:15.819435
7760	0	2.62	0	0:01:15.685502
7780	0	2.55	0	0:01:15.897662
7800	0	1.39	0	0:01:15.871280
7820	0	1.79	0	0:01:16.140850
7840	1	0.0334	-1	0:01:16.093757
7860	0	2.63	0	0:01:15.759705
7880	0	2.04	0	0:01:15.751740
7900	0	3.55	0	0:01:16.175897
7920	0	3.05	0	0:01:15.962249
7940	0	3.31	0	0:01:15.896417
7960	0	1.77	0	0:01:16.228972
7980	0	3.06	0	0:01:15.934602
8000	0	1.57	0	0:01:16.128979
8020	0	3.72	0	0:01:16.388368
8040	0	3.4	0	0:01:15.962960
8060	0	2.76	0	0:01:15.934740
8080	0	3.3	0	0:01:16.253718
8100	0	3.48	0	0:01:16.045507
8120	0	1.59	0	0:01:15.823224
8140	0	3.49	0	0:01:15.938071
8160	0	3.03	0	0:01:15.863679
8180	0	3.79	0	0:01:15.645526
8200	0	3.08	0	0:01:15.847895
8220	0	3.25	0	0:01:15.782220
8240	1	0.619	1	0:01:15.770620
8260	0	0.983	0	0:01:15.709896
8280	0	3.6	0	0:01:15.612901
8300	0	3.72	0	0:01:15.415653
8320	0	3.58	0	0:01:15.629059
8340	0	3.72	0	0:01:15.643776
8360	0	1.39	0	0:01:15.861698
8380	0	2.34	0	0:01:15.935983
8400	0	1.7	0	0:01:15.539360
8420	0	3.48	0	0:01:15.497207
8440	0	3.11	0	0:01:15.634920
8460	0	0.382	0	0:01:16.125067
8480	0	3.42	0	0:01:15.647259
8500	0	3.23	0	0:01:15.687415
8520	0	2.77	0	0:01:15.840951
8540	0	3.67	0	0:01:15.787837
8560	0	1.16	0	0:01:15.775070
8580	0	3.33	0	0:01:15.564214
8600	0	3.45	0	0:01:15.630812
8620	0	3.34	0	0:01:15.769913
8640	-1	0.0	0	0:01:15.774488
8660	0	1.13	0	0:01:15.645541
8680	0	3.19	0	0:01:16.259150
8700	0	3.63	0	0:01:15.592401
8720	0	0.0182	-1	0:01:15.684443
8740	0	3.41	0	0:01:16.133162
8760	0	0.412	0	0:01:15.894338
8780	0	2.87	0	0:01:15.586727
8800	1	1.79	1	0:01:15.685840
8820	0	1.59	0	0:01:15.704662
8840	0	2.2	0	0:01:15.609807
8860	0	3.27	0	0:01:15.827545
8880	0	1.04	0	0:01:15.588752
8900	0	3.63	0	0:01:15.726978
8920	0	2.45	0	0:01:15.548726
8940	0	2.13	0	0:01:15.548232
8960	0	1.64	0	0:01:15.669394
8980	0	0.142	0	0:01:15.780093
9000	1	1.73	1	0:01:15.591491
9020	0	1.52	0	0:01:15.755872
9040	0	3.43	0	0:01:15.763603
9060	0	1.88	0	0:01:15.893394
9080	0	3.22	0	0:01:15.639206
9100	0	3.19	0	0:01:15.707849
9120	0	3.27	0	0:01:15.746350
9140	0	2.63	0	0:01:15.718102
9160	0	3.31	0	0:01:15.963304
9180	1	0.0927	1	0:01:15.980025
9200	0	0.342	0	0:01:15.696448
9220	1	0.263	1	0:01:15.570293
9240	0	1.99	0	0:01:15.625170
9260	0	3.25	0	0:01:15.587499
9280	0	2.66	0	0:01:15.626882
9300	0	3.79	0	0:01:15.564163
9320	0	1.03	0	0:01:15.652598
9340	1	1.14	1	0:01:15.629286
9360	0	3.17	0	0:01:15.614696
9380	0	3.08	0	0:01:15.689790
9400	0	3.49	0	0:01:15.517774
9420	0	3.42	0	0:01:15.552873
9440	1	0.57	1	0:01:15.617455
9460	0	2.45	0	0:01:15.700960
9480	0	3.53	0	0:01:15.594008
9500	0	2.44	0	0:01:15.656268
9520	0	1.22	0	0:01:15.725958
9540	0	2.7	0	0:01:15.670867
9560	0	0.734	0	0:01:15.746039
9580	0	2.33	0	0:01:15.803034
9600	0	0.152	0	0:01:16.207498
9620	0	1.75	0	0:01:15.790913
9640	0	2.61	0	0:01:15.894595
9660	1	0.071	1	0:01:15.791365
9680	0	0.998	0	0:01:15.649369
9700	0	1.74	0	0:01:15.836566
9720	0	2.63	0	0:01:15.522170
9740	0	3.49	0	0:01:15.485398
9760	0	2.38	0	0:01:15.679948
9780	0	3.33	0	0:01:15.695599
9800	1	2.65	1	0:01:15.625515
9820	0	2.5	0	0:01:15.659194
9840	0	3.29	0	0:01:15.603135
9860	0	3.79	0	0:01:15.659231
9880	0	2.49	0	0:01:15.683875
9900	0	2.55	0	0:01:16.102259
9920	0	3.28	0	0:01:15.520076
9940	0	2.75	0	0:01:15.623732
9960	1	1.44	1	0:01:15.599723
9980	1	0.295	1	0:01:15.777313
