idx	label	predict	radius	correct	unperturbed predict	unperturbed correct	time
0	3	-1	0.0	0	3	1	0:01:17.688508
20	7	-1	0.0	0	7	1	0:01:15.503602
40	4	-1	0.0	0	-1	0	0:01:15.769343
60	7	7	0.687	1	7	1	0:01:15.804279
80	8	8	1.16	1	8	1	0:01:17.200620
100	4	-1	0.0	0	4	1	0:01:17.187625
120	8	8	0.935	1	8	1	0:01:17.461591
140	6	-1	0.0	0	6	1	0:01:19.381783
160	2	0	0.109	0	0	0	0:01:16.885221
180	0	0	0.779	1	0	1	0:01:16.488783
200	5	3	0.261	0	3	0	0:01:15.462319
220	7	7	1.78	1	7	1	0:01:15.742487
240	1	1	2.09	1	1	1	0:01:16.558528
260	8	-1	0.0	0	3	0	0:01:14.272498
280	9	9	2.45	1	9	1	0:01:14.346316
300	6	6	0.169	1	6	1	0:01:14.394498
320	3	-1	0.0	0	3	1	0:01:14.372072
340	2	4	0.12	0	4	0	0:01:15.490860
360	9	-1	0.0	0	9	1	0:01:16.137848
380	6	6	0.07	1	6	1	0:01:16.130587
400	9	9	0.991	1	9	1	0:01:14.879762
420	4	4	0.392	1	4	1	0:01:17.133788
440	1	1	0.914	1	1	1	0:01:16.255444
460	5	5	0.718	1	5	1	0:01:14.211864
480	8	9	0.507	0	9	0	0:01:14.298979
500	4	6	0.249	0	6	0	0:01:14.267258
520	5	5	0.211	1	5	1	0:01:14.408988
540	1	-1	0.0	0	-1	0	0:01:17.130687
560	0	0	1.46	1	0	1	0:01:17.035051
580	4	4	0.457	1	4	1	0:01:17.737980
600	8	8	0.46	1	8	1	0:01:15.757163
620	7	-1	0.0	0	7	1	0:01:14.335921
640	5	3	1.9	0	3	0	0:01:14.345122
660	9	9	2.35	1	9	1	0:01:14.322227
680	9	-1	0.0	0	9	1	0:01:14.768831
700	7	7	0.316	1	7	1	0:01:14.423599
720	4	9	0.159	0	9	0	0:01:14.159829
740	2	5	0.207	0	5	0	0:01:15.503442
760	3	9	0.0466	0	9	0	0:01:15.514626
780	9	9	0.0064	1	9	1	0:01:15.400342
800	7	7	2.0	1	7	1	0:01:17.359481
820	6	-1	0.0	0	9	0	0:01:16.725180
840	7	7	2.86	1	7	1	0:01:15.419762
860	4	4	0.983	1	4	1	0:01:14.104197
880	8	8	2.74	1	8	1	0:01:14.539026
900	2	-1	0.0	0	6	0	0:01:14.382966
920	6	6	0.123	1	6	1	0:01:14.266387
940	9	9	1.06	1	9	1	0:01:14.399156
960	9	9	1.85	1	9	1	0:01:14.279311
980	2	6	0.843	0	6	0	0:01:14.188577
1000	5	5	2.24	1	5	1	0:01:14.329830
1020	1	1	0.718	1	1	1	0:01:14.214845
1040	7	5	1.03	0	5	0	0:01:14.279932
1060	9	9	1.43	1	9	1	0:01:14.334235
1080	6	6	1.09	1	6	1	0:01:14.253319
1100	7	8	0.478	0	8	0	0:01:15.224808
1120	5	-1	0.0	0	2	0	0:01:15.795711
1140	6	6	0.102	1	6	1	0:01:17.264974
1160	8	-1	0.0	0	8	1	0:01:17.414439
1180	3	3	0.661	1	3	1	0:01:17.326243
1200	8	8	0.365	1	8	1	0:01:17.065352
1220	9	-1	0.0	0	6	0	0:01:16.951679
1240	2	6	0.904	0	6	0	0:01:14.260506
1260	1	9	0.984	0	9	0	0:01:15.614151
1280	3	7	0.512	0	7	0	0:01:17.389275
1300	4	3	0.606	0	3	0	0:01:17.762988
1320	7	2	0.0454	0	2	0	0:01:18.207895
1340	1	1	1.05	1	1	1	0:01:14.765470
1360	7	7	0.91	1	7	1	0:01:14.648418
1380	4	5	0.865	0	5	0	0:01:16.292084
1400	5	-1	0.0	0	6	0	0:01:16.759740
1420	4	-1	0.0	0	7	0	0:01:14.234084
1440	0	-1	0.0	0	0	1	0:01:14.238969
1460	6	6	0.526	1	6	1	0:01:14.331586
1480	1	-1	0.0	0	1	1	0:01:14.087873
1500	1	1	0.342	1	1	1	0:01:14.047445
1520	7	7	0.616	1	7	1	0:01:15.215017
1540	8	8	0.836	1	8	1	0:01:17.793783
1560	7	7	3.02	1	7	1	0:01:18.315221
1580	6	1	0.238	0	1	0	0:01:15.146902
1600	8	-1	0.0	0	9	0	0:01:14.604228
1620	5	-1	0.0	0	-1	0	0:01:15.890630
1640	7	5	0.211	0	5	0	0:01:17.642415
1660	3	-1	0.0	0	3	1	0:01:18.335304
1680	6	6	2.02	1	6	1	0:01:16.104941
1700	5	2	0.459	0	2	0	0:01:19.263839
1720	4	-1	0.0	0	2	0	0:01:23.733148
1740	1	-1	0.0	0	1	1	0:01:17.193381
1760	0	-1	0.0	0	-1	0	0:01:16.424101
1780	7	-1	0.0	0	7	1	0:01:14.904575
1800	4	8	0.358	0	8	0	0:01:14.409566
1820	8	8	0.279	1	8	1	0:01:16.793019
1840	8	-1	0.0	0	9	0	0:01:16.880673
1860	8	8	1.71	1	8	1	0:01:14.593020
1880	1	1	0.696	1	1	1	0:01:17.326936
1900	8	8	2.32	1	8	1	0:01:16.532238
1920	2	2	0.524	1	2	1	0:01:14.189815
1940	5	3	1.2	0	3	0	0:01:14.513799
1960	2	5	1.33	0	5	0	0:01:15.423142
1980	9	9	1.44	1	9	1	0:01:15.662137
2000	1	-1	0.0	0	6	0	0:01:15.242049
2020	9	9	2.04	1	9	1	0:01:15.742925
2040	0	8	0.54	0	8	0	0:01:15.203795
2060	5	5	0.736	1	5	1	0:01:15.223592
2080	1	1	0.0358	1	1	1	0:01:15.455768
2100	2	4	0.456	0	4	0	0:01:15.320884
2120	4	8	0.988	0	8	0	0:01:15.239531
2140	9	9	1.22	1	9	1	0:01:17.704799
2160	0	8	1.14	0	8	0	0:01:18.490437
2180	4	4	0.574	1	4	1	0:01:18.308254
2200	0	0	0.489	1	0	1	0:01:18.144930
2220	1	1	1.3	1	1	1	0:01:15.274149
2240	9	9	1.13	1	9	1	0:01:15.369768
2260	4	-1	0.0	0	-1	0	0:01:15.389880
2280	4	8	0.0748	0	8	0	0:01:15.517194
2300	3	-1	0.0	0	6	0	0:01:15.293503
2320	5	-1	0.0	0	-1	0	0:01:16.346603
2340	7	7	1.32	1	7	1	0:01:15.329211
2360	7	7	0.424	1	7	1	0:01:15.325923
2380	8	8	0.814	1	8	1	0:01:15.545786
2400	0	0	1.22	1	0	1	0:01:15.292890
2420	8	-1	0.0	0	1	0	0:01:15.468505
2440	7	7	0.705	1	7	1	0:01:15.454463
2460	9	9	0.23	1	9	1	0:01:15.274479
2480	8	8	1.2	1	8	1	0:01:15.342927
2500	4	-1	0.0	0	2	0	0:01:15.411889
2520	1	1	0.157	1	1	1	0:01:15.425184
2540	2	3	0.716	0	3	0	0:01:15.261980
2560	7	7	0.105	1	7	1	0:01:15.212480
2580	6	-1	0.0	0	-1	0	0:01:15.343766
2600	8	8	2.35	1	8	1	0:01:15.234687
2620	1	1	0.0826	1	1	1	0:01:15.159890
2640	7	7	0.913	1	7	1	0:01:15.196763
2660	3	-1	0.0	0	-1	0	0:01:15.154470
2680	0	0	2.49	1	0	1	0:01:15.329206
2700	9	-1	0.0	0	9	1	0:01:15.371245
2720	3	-1	0.0	0	2	0	0:01:15.283994
2740	1	1	0.741	1	1	1	0:01:15.426640
2760	2	2	0.471	1	2	1	0:01:15.193114
2780	7	7	1.76	1	7	1	0:01:15.219030
2800	4	6	0.204	0	6	0	0:01:15.389917
2820	6	6	1.9	1	6	1	0:01:15.296051
2840	3	3	2.79	1	3	1	0:01:15.263904
2860	5	-1	0.0	0	6	0	0:01:15.139129
2880	4	4	2.14	1	4	1	0:01:15.230942
2900	3	-1	0.0	0	2	0	0:01:15.048284
2920	2	-1	0.0	0	2	1	0:01:15.161851
2940	3	0	1.32	0	0	0	0:01:15.479816
2960	9	9	0.798	1	9	1	0:01:15.244805
2980	8	-1	0.0	0	8	1	0:01:15.139103
3000	5	5	2.43	1	5	1	0:01:15.351009
3020	1	1	0.895	1	1	1	0:01:15.193852
3040	7	7	3.17	1	7	1	0:01:15.259509
3060	7	7	1.45	1	7	1	0:01:15.273515
3080	1	-1	0.0	0	7	0	0:01:15.187467
3100	0	0	1.91	1	0	1	0:01:15.595993
3120	4	6	0.653	0	6	0	0:01:15.097836
3140	8	8	0.944	1	8	1	0:01:15.288645
3160	6	4	0.328	0	4	0	0:01:15.324688
3180	3	-1	0.0	0	-1	0	0:01:15.015542
3200	5	7	0.8	0	7	0	0:01:15.117290
3220	3	-1	0.0	0	3	1	0:01:15.171797
3240	4	-1	0.0	0	2	0	0:01:15.217037
3260	7	-1	0.0	0	7	1	0:01:15.207118
3280	3	5	0.332	0	5	0	0:01:15.419789
3300	4	-1	0.0	0	4	1	0:01:15.067942
3320	2	7	1.15	0	7	0	0:01:15.755846
3340	6	6	0.243	1	6	1	0:01:15.328470
3360	4	6	0.237	0	6	0	0:01:15.124549
3380	8	8	0.334	1	8	1	0:01:15.589868
3400	6	4	1.23	0	4	0	0:01:15.322569
3420	5	-1	0.0	0	3	0	0:01:15.156857
3440	2	-1	0.0	0	9	0	0:01:15.058085
3460	1	1	1.73	1	1	1	0:01:15.310131
3480	2	2	2.8	1	2	1	0:01:15.357700
3500	1	1	1.13	1	1	1	0:01:15.237569
3520	1	1	2.07	1	1	1	0:01:15.503600
3540	6	6	0.583	1	6	1	0:01:15.041567
3560	1	9	0.373	0	9	0	0:01:15.183103
3580	4	-1	0.0	0	1	0	0:01:15.190358
3600	4	2	0.816	0	2	0	0:01:15.390938
3620	0	-1	0.0	0	7	0	0:01:15.108587
3640	6	2	0.995	0	2	0	0:01:15.061553
3660	0	8	0.0948	0	8	0	0:01:15.362199
3680	0	-1	0.0	0	2	0	0:01:15.528655
3700	3	-1	0.0	0	3	1	0:01:15.387444
3720	2	2	1.46	1	2	1	0:01:15.202527
3740	0	0	1.27	1	0	1	0:01:15.667247
3760	7	7	3.06	1	7	1	0:01:16.333110
3780	4	-1	0.0	0	4	1	0:01:15.386024
3800	9	9	0.551	1	9	1	0:01:15.558052
3820	0	0	0.486	1	0	1	0:01:15.621793
3840	6	3	0.304	0	3	0	0:01:15.840442
3860	7	7	2.24	1	7	1	0:01:15.943894
3880	6	4	0.188	0	4	0	0:01:15.934990
3900	3	-1	0.0	0	3	1	0:01:15.998866
3920	7	-1	0.0	0	9	0	0:01:15.881996
3940	6	-1	0.0	0	6	1	0:01:15.876341
3960	2	2	0.651	1	2	1	0:01:15.931309
3980	9	7	0.672	0	7	0	0:01:15.824276
4000	8	-1	0.0	0	-1	0	0:01:15.908885
4020	8	-1	0.0	0	1	0	0:01:15.845243
4040	0	0	1.64	1	0	1	0:01:15.922698
4060	6	3	0.642	0	3	0	0:01:15.913752
4080	1	-1	0.0	0	1	1	0:01:15.833799
4100	7	7	3.04	1	7	1	0:01:16.743451
4120	4	0	1.16	0	0	0	0:01:19.381243
4140	5	3	1.29	0	3	0	0:01:15.929442
4160	5	2	0.08	0	2	0	0:01:15.942237
4180	0	0	0.394	1	0	1	0:01:16.057777
4200	4	-1	0.0	0	4	1	0:01:16.767214
4220	4	0	2.31	0	0	0	0:01:15.932330
4240	7	0	0.771	0	0	0	0:01:16.148966
4260	8	8	0.589	1	8	1	0:01:15.898224
4280	8	8	0.0412	1	8	1	0:01:16.890578
4300	8	8	1.29	1	8	1	0:01:17.421294
4320	1	8	0.881	0	8	0	0:01:17.586229
4340	0	0	0.713	1	0	1	0:01:18.678281
4360	6	-1	0.0	0	6	1	0:01:18.052203
4380	9	9	0.7	1	9	1	0:01:16.395697
4400	3	-1	0.0	0	4	0	0:01:16.567794
4420	5	-1	0.0	0	8	0	0:01:15.845832
4440	2	2	0.212	1	2	1	0:01:16.489149
4460	9	-1	0.0	0	1	0	0:01:15.852236
4480	9	9	0.348	1	9	1	0:01:15.952950
4500	3	3	0.129	1	3	1	0:01:15.882936
4520	3	6	0.471	0	6	0	0:01:15.816113
4540	9	9	1.98	1	9	1	0:01:15.832294
4560	1	1	1.05	1	1	1	0:01:15.867456
4580	6	-1	0.0	0	4	0	0:01:15.836449
4600	4	7	0.593	0	7	0	0:01:15.893021
4620	7	3	0.954	0	3	0	0:01:15.860353
4640	2	-1	0.0	0	4	0	0:01:15.894332
4660	7	-1	0.0	0	4	0	0:01:15.790177
4680	9	1	0.677	0	1	0	0:01:15.959382
4700	6	-1	0.0	0	1	0	0:01:16.741858
4720	8	0	0.0236	0	0	0	0:01:15.947953
4740	5	3	0.244	0	3	0	0:01:15.841491
4760	3	3	0.142	1	3	1	0:01:15.851224
4780	0	0	1.03	1	0	1	0:01:17.226793
4800	9	9	2.93	1	9	1	0:01:16.563572
4820	3	-1	0.0	0	5	0	0:01:15.775879
4840	0	0	2.07	1	0	1	0:01:15.920913
4860	5	5	0.277	1	5	1	0:01:16.506169
4880	0	2	1.07	0	2	0	0:01:16.453278
4900	3	6	0.735	0	6	0	0:01:17.739016
4920	7	7	1.16	1	7	1	0:01:17.573004
4940	6	6	0.00642	1	6	1	0:01:18.010023
4960	4	-1	0.0	0	-1	0	0:01:18.540978
4980	1	9	0.819	0	9	0	0:01:17.022518
5000	7	7	2.34	1	7	1	0:01:17.979256
5020	8	8	0.415	1	8	1	0:01:17.055546
5040	3	3	0.097	1	3	1	0:01:17.078736
5060	6	-1	0.0	0	6	1	0:01:17.105581
5080	7	7	2.41	1	7	1	0:01:17.046829
5100	3	3	0.999	1	3	1	0:01:17.059093
5120	9	9	0.807	1	9	1	0:01:20.439582
5140	8	8	1.22	1	8	1	0:01:15.788671
5160	0	0	0.347	1	0	1	0:01:15.715520
5180	9	-1	0.0	0	7	0	0:01:15.814221
5200	3	3	2.63	1	3	1	0:01:15.843799
5220	0	0	1.3	1	0	1	0:01:16.587820
5240	1	-1	0.0	0	9	0	0:01:15.685432
5260	0	0	2.8	1	0	1	0:01:15.774118
5280	0	8	0.963	0	8	0	0:01:15.702160
5300	9	9	0.782	1	9	1	0:01:15.817203
5320	7	7	0.8	1	7	1	0:01:15.729625
5340	3	4	0.814	0	4	0	0:01:15.764586
5360	9	9	1.46	1	9	1	0:01:15.708732
5380	1	9	0.98	0	9	0	0:01:15.924720
5400	9	9	0.258	1	9	1	0:01:15.862943
5420	6	6	0.775	1	6	1	0:01:15.735006
5440	9	9	2.31	1	9	1	0:01:15.808754
5460	0	7	0.43	0	7	0	0:01:15.777324
5480	1	1	0.452	1	1	1	0:01:15.737830
5500	8	-1	0.0	0	1	0	0:01:15.739209
5520	4	-1	0.0	0	3	0	0:01:15.763632
5540	5	-1	0.0	0	6	0	0:01:16.276460
5560	3	-1	0.0	0	6	0	0:01:15.928090
5580	5	6	0.488	0	6	0	0:01:15.862922
5600	6	-1	0.0	0	-1	0	0:01:15.819085
5620	3	2	0.537	0	2	0	0:01:15.753324
5640	2	-1	0.0	0	3	0	0:01:15.826893
5660	9	9	0.16	1	9	1	0:01:15.792536
5680	2	-1	0.0	0	3	0	0:01:15.595347
5700	3	-1	0.0	0	3	1	0:01:15.816469
5720	9	9	1.98	1	9	1	0:01:15.798486
5740	6	4	0.236	0	4	0	0:01:15.941384
5760	2	2	0.141	1	2	1	0:01:16.061065
5780	7	7	1.58	1	7	1	0:01:16.189344
5800	2	-1	0.0	0	-1	0	0:01:15.789150
5820	5	-1	0.0	0	-1	0	0:01:15.766305
5840	2	-1	0.0	0	2	1	0:01:15.712097
5860	0	-1	0.0	0	-1	0	0:01:15.815352
5880	0	0	0.255	1	0	1	0:01:15.833783
5900	4	-1	0.0	0	4	1	0:01:15.759293
5920	8	8	2.47	1	8	1	0:01:15.835018
5940	7	4	0.525	0	4	0	0:01:15.727617
5960	2	-1	0.0	0	4	0	0:01:15.750012
5980	9	9	1.71	1	9	1	0:01:16.093599
6000	8	-1	0.0	0	9	0	0:01:15.858000
6020	6	6	0.328	1	6	1	0:01:15.783535
6040	2	7	1.05	0	7	0	0:01:15.860651
6060	3	-1	0.0	0	-1	0	0:01:15.732766
6080	1	-1	0.0	0	9	0	0:01:15.720855
6100	1	1	0.824	1	1	1	0:01:15.881841
6120	5	5	1.06	1	5	1	0:01:15.759962
6140	9	9	1.53	1	9	1	0:01:15.746168
6160	2	5	1.05	0	5	0	0:01:15.813283
6180	0	-1	0.0	0	9	0	0:01:15.822598
6200	3	-1	0.0	0	3	1	0:01:15.859323
6220	2	6	0.21	0	6	0	0:01:16.349014
6240	2	-1	0.0	0	2	1	0:01:15.553415
6260	2	-1	0.0	0	9	0	0:01:16.398625
6280	8	-1	0.0	0	5	0	0:01:15.776054
6300	1	-1	0.0	0	7	0	0:01:15.945238
6320	0	0	2.27	1	0	1	0:01:16.165619
6340	3	3	0.665	1	3	1	0:01:15.654793
6360	2	2	0.159	1	2	1	0:01:15.754418
6380	3	-1	0.0	0	6	0	0:01:15.816042
6400	0	1	0.423	0	1	0	0:01:15.794094
6420	7	7	0.52	1	7	1	0:01:15.710877
6440	3	-1	0.0	0	9	0	0:01:15.721000
6460	3	-1	0.0	0	1	0	0:01:15.703344
6480	0	0	0.487	1	0	1	0:01:15.781797
6500	7	-1	0.0	0	0	0	0:01:15.762068
6520	6	4	0.301	0	4	0	0:01:15.927793
6540	8	8	1.15	1	8	1	0:01:15.781629
6560	6	6	0.595	1	6	1	0:01:15.814563
6580	1	-1	0.0	0	1	1	0:01:15.779468
6600	7	7	3.45	1	7	1	0:01:15.883368
6620	7	7	1.43	1	7	1	0:01:15.847130
6640	5	3	0.419	0	3	0	0:01:15.775887
6660	0	0	0.965	1	0	1	0:01:15.853401
6680	3	5	0.98	0	5	0	0:01:15.763182
6700	6	6	0.165	1	6	1	0:01:16.035530
6720	2	2	0.53	1	2	1	0:01:15.912999
6740	2	-1	0.0	0	4	0	0:01:15.839249
6760	5	5	0.0246	1	5	1	0:01:15.773924
6780	7	7	2.14	1	7	1	0:01:15.868330
6800	6	6	0.0492	1	6	1	0:01:15.772119
6820	1	1	2.0	1	1	1	0:01:15.838431
6840	9	9	0.905	1	9	1	0:01:15.773408
6860	0	0	0.975	1	0	1	0:01:15.811810
6880	2	7	0.0786	0	7	0	0:01:15.736875
6900	3	-1	0.0	0	7	0	0:01:15.808037
6920	5	2	0.978	0	2	0	0:01:15.658731
6940	1	1	2.79	1	1	1	0:01:15.816174
6960	9	8	1.28	0	8	0	0:01:15.801235
6980	0	9	0.000808	0	9	0	0:01:15.701243
7000	2	-1	0.0	0	8	0	0:01:15.795720
7020	7	7	0.969	1	7	1	0:01:16.297552
7040	7	8	0.282	0	8	0	0:01:15.887910
7060	8	8	0.457	1	8	1	0:01:15.972935
7080	5	4	0.289	0	4	0	0:01:15.817291
7100	9	3	0.228	0	3	0	0:01:15.641571
7120	7	7	0.0429	1	7	1	0:01:15.832278
7140	4	-1	0.0	0	4	1	0:01:15.703090
7160	5	-1	0.0	0	5	1	0:01:15.790456
7180	6	6	1.63	1	6	1	0:01:15.948697
7200	4	6	0.206	0	6	0	0:01:15.879293
7220	9	9	0.88	1	9	1	0:01:15.693469
7240	0	8	0.39	0	8	0	0:01:15.909741
7260	1	-1	0.0	0	8	0	0:01:15.739393
7280	1	1	0.0402	1	1	1	0:01:15.775079
7300	3	-1	0.0	0	7	0	0:01:15.800816
7320	8	-1	0.0	0	-1	0	0:01:16.151987
7340	2	4	0.351	0	4	0	0:01:16.235613
7360	2	4	0.571	0	4	0	0:01:16.578244
7380	7	7	0.798	1	7	1	0:01:15.745161
7400	3	3	0.644	1	3	1	0:01:15.863657
7420	3	0	0.404	0	0	0	0:01:15.747436
7440	3	3	0.19	1	3	1	0:01:15.759818
7460	5	5	2.79	1	5	1	0:01:15.710504
7480	1	8	0.586	0	8	0	0:01:15.760902
7500	6	6	3.04	1	6	1	0:01:15.814715
7520	4	-1	0.0	0	4	1	0:01:15.721612
7540	5	5	2.81	1	5	1	0:01:16.225735
7560	0	-1	0.0	0	9	0	0:01:15.744831
7580	8	8	0.888	1	8	1	0:01:15.785532
7600	8	9	0.755	0	9	0	0:01:15.852460
7620	5	3	0.127	0	3	0	0:01:15.691010
7640	9	9	0.485	1	9	1	0:01:15.761254
7660	7	-1	0.0	0	7	1	0:01:16.084409
7680	3	-1	0.0	0	-1	0	0:01:15.849590
7700	6	6	1.57	1	6	1	0:01:15.775880
7720	5	5	0.372	1	5	1	0:01:15.807760
7740	4	-1	0.0	0	4	1	0:01:15.819435
7760	2	-1	0.0	0	9	0	0:01:15.685502
7780	3	-1	0.0	0	1	0	0:01:15.897662
7800	0	0	1.43	1	0	1	0:01:15.871280
7820	5	8	0.138	0	8	0	0:01:16.140850
7840	1	1	2.05	1	1	1	0:01:16.093757
7860	8	-1	0.0	0	1	0	0:01:15.759705
7880	0	0	0.964	1	0	1	0:01:15.751740
7900	0	8	0.013	0	8	0	0:01:16.175897
7920	9	-1	0.0	0	8	0	0:01:15.962249
7940	2	6	0.0648	0	6	0	0:01:15.896417
7960	0	0	0.768	1	0	1	0:01:16.228972
7980	3	-1	0.0	0	3	1	0:01:15.934602
8000	9	9	1.18	1	9	1	0:01:16.128979
8020	6	3	0.327	0	3	0	0:01:16.388368
8040	2	2	0.548	1	2	1	0:01:15.962960
8060	6	6	0.635	1	6	1	0:01:15.934740
8080	4	-1	0.0	0	6	0	0:01:16.253718
8100	6	-1	0.0	0	2	0	0:01:16.045507
8120	8	9	0.864	0	9	0	0:01:15.823224
8140	5	4	0.256	0	4	0	0:01:15.938071
8160	6	6	0.179	1	6	1	0:01:15.863679
8180	4	4	0.59	1	4	1	0:01:15.645526
8200	3	-1	0.0	0	6	0	0:01:15.847895
8220	6	6	0.0363	1	6	1	0:01:15.782220
8240	7	7	2.47	1	7	1	0:01:15.770620
8260	1	1	0.669	1	1	1	0:01:15.709896
8280	4	-1	0.0	0	5	0	0:01:15.612901
8300	5	2	0.143	0	2	0	0:01:15.415653
8320	7	-1	0.0	0	4	0	0:01:15.629059
8340	5	3	1.02	0	3	0	0:01:15.643776
8360	7	7	0.772	1	7	1	0:01:15.861698
8380	9	9	0.748	1	9	1	0:01:15.935983
8400	0	0	0.0355	1	0	1	0:01:15.539360
8420	3	6	0.192	0	6	0	0:01:15.497207
8440	5	-1	0.0	0	-1	0	0:01:15.634920
8460	8	8	1.73	1	8	1	0:01:16.125067
8480	2	-1	0.0	0	2	1	0:01:15.647259
8500	4	4	0.116	1	4	1	0:01:15.687415
8520	8	1	0.0149	0	1	0	0:01:15.840951
8540	4	-1	0.0	0	4	1	0:01:15.787837
8560	7	7	0.85	1	7	1	0:01:15.775070
8580	3	-1	0.0	0	0	0	0:01:15.564214
8600	3	-1	0.0	0	3	1	0:01:15.630812
8620	3	-1	0.0	0	-1	0	0:01:15.769913
8640	1	1	2.52	1	1	1	0:01:15.774488
8660	7	7	0.882	1	7	1	0:01:15.645541
8680	3	9	0.208	0	9	0	0:01:16.259150
8700	3	3	1.34	1	3	1	0:01:15.592401
8720	2	0	2.38	0	0	0	0:01:15.684443
8740	2	-1	0.0	0	2	1	0:01:16.133162
8760	8	8	1.27	1	8	1	0:01:15.894338
8780	4	4	0.0825	1	4	1	0:01:15.586727
8800	0	0	3.23	1	0	1	0:01:15.685840
8820	2	2	0.815	1	2	1	0:01:15.704662
8840	2	1	0.292	0	1	0	0:01:15.609807
8860	2	2	0.12	1	2	1	0:01:15.827545
8880	1	1	0.347	1	1	1	0:01:15.588752
8900	2	-1	0.0	0	4	0	0:01:15.726978
8920	6	6	1.71	1	6	1	0:01:15.548726
8940	6	3	0.223	0	3	0	0:01:15.548232
8960	0	0	1.92	1	0	1	0:01:15.669394
8980	9	9	1.69	1	9	1	0:01:15.780093
9000	8	8	3.09	1	8	1	0:01:15.591491
9020	7	9	0.261	0	9	0	0:01:15.755872
9040	2	5	1.2	0	5	0	0:01:15.763603
9060	9	5	0.155	0	5	0	0:01:15.893394
9080	3	3	0.143	1	3	1	0:01:15.639206
9100	9	-1	0.0	0	6	0	0:01:15.707849
9120	3	-1	0.0	0	3	1	0:01:15.746350
9140	7	-1	0.0	0	7	1	0:01:15.718102
9160	5	5	0.187	1	5	1	0:01:15.963304
9180	5	5	3.14	1	5	1	0:01:15.980025
9200	8	8	2.55	1	8	1	0:01:15.696448
9220	8	8	2.41	1	8	1	0:01:15.570293
9240	8	8	0.789	1	8	1	0:01:15.625170
9260	5	5	0.644	1	5	1	0:01:15.587499
9280	9	-1	0.0	0	1	0	0:01:15.626882
9300	5	-1	0.0	0	3	0	0:01:15.564163
9320	9	9	1.12	1	9	1	0:01:15.652598
9340	1	1	2.11	1	1	1	0:01:15.629286
9360	5	-1	0.0	0	6	0	0:01:15.614696
9380	5	3	0.0644	0	3	0	0:01:15.689790
9400	6	6	0.077	1	6	1	0:01:15.517774
9420	5	5	0.531	1	5	1	0:01:15.552873
9440	8	8	2.5	1	8	1	0:01:15.617455
9460	3	7	0.0929	0	7	0	0:01:15.700960
9480	2	-1	0.0	0	4	0	0:01:15.594008
9500	9	-1	0.0	0	9	1	0:01:15.656268
9520	1	1	1.03	1	1	1	0:01:15.725958
9540	5	5	0.0189	1	5	1	0:01:15.670867
9560	9	7	1.5	0	7	0	0:01:15.746039
9580	1	-1	0.0	0	1	1	0:01:15.803034
9600	8	8	1.43	1	8	1	0:01:16.207498
9620	4	-1	0.0	0	7	0	0:01:15.790913
9640	5	-1	0.0	0	0	0	0:01:15.894595
9660	6	6	1.71	1	6	1	0:01:15.791365
9680	8	8	1.4	1	8	1	0:01:15.649369
9700	0	0	1.04	1	0	1	0:01:15.836566
9720	8	-1	0.0	0	1	0	0:01:15.522170
9740	3	6	0.349	0	6	0	0:01:15.485398
9760	9	9	0.341	1	9	1	0:01:15.679948
9780	4	6	0.811	0	6	0	0:01:15.695599
9800	1	1	3.1	1	1	1	0:01:15.625515
9820	0	8	0.0938	0	8	0	0:01:15.659194
9840	4	5	0.562	0	5	0	0:01:15.603135
9860	0	-1	0.0	0	5	0	0:01:15.659231
9880	7	7	0.0787	1	7	1	0:01:15.683875
9900	8	0	0.175	0	0	0	0:01:16.102259
9920	6	6	0.0942	1	6	1	0:01:15.520076
9940	4	-1	0.0	0	7	0	0:01:15.623732
9960	2	0	3.24	0	0	0	0:01:15.599723
9980	0	0	2.13	1	0	1	0:01:15.777313
