idx	predict	radius	unperturbed predict	time
0	0	1.57	0	0:01:17.688508
20	0	0.483	0	0:01:15.503602
40	1	0.109	1	0:01:15.769343
60	1	1.28	1	0:01:15.804279
80	1	1.47	1	0:01:17.200620
100	0	1.33	0	0:01:17.187625
120	1	1.07	1	0:01:17.461591
140	0	0.727	0	0:01:19.381783
160	1	1.56	1	0:01:16.885221
180	1	0.595	1	0:01:16.488783
200	1	1.08	1	0:01:15.462319
220	1	1.62	1	0:01:15.742487
240	1	1.78	1	0:01:16.558528
260	1	0.351	1	0:01:14.272498
280	1	2.2	1	0:01:14.346316
300	0	0.292	0	0:01:14.394498
320	0	0.592	0	0:01:14.372072
340	0	0.585	0	0:01:15.490860
360	0	0.966	0	0:01:16.137848
380	0	0.813	0	0:01:16.130587
400	1	1.59	1	0:01:14.879762
420	0	1.07	0	0:01:17.133788
440	1	0.78	1	0:01:16.255444
460	1	0.333	1	0:01:14.211864
480	1	1.51	1	0:01:14.298979
500	0	0.79	0	0:01:14.267258
520	1	0.924	1	0:01:14.408988
540	1	2.03	1	0:01:17.130687
560	1	2.03	1	0:01:17.035051
580	1	0.584	1	0:01:17.737980
600	-1	0.0	0	0:01:15.757163
620	0	0.47	0	0:01:14.335921
640	1	1.45	1	0:01:14.345122
660	1	1.51	1	0:01:14.322227
680	0	0.326	0	0:01:14.768831
700	0	0.148	0	0:01:14.423599
720	1	0.0237	-1	0:01:14.159829
740	1	0.417	1	0:01:15.503442
760	0	0.0879	0	0:01:15.514626
780	1	0.539	1	0:01:15.400342
800	1	1.78	1	0:01:17.359481
820	0	1.65	0	0:01:16.725180
840	1	2.93	1	0:01:15.419762
860	1	0.985	1	0:01:14.104197
880	1	3.79	1	0:01:14.539026
900	0	0.0412	0	0:01:14.382966
920	0	0.71	0	0:01:14.266387
940	1	1.63	1	0:01:14.399156
960	1	1.19	1	0:01:14.279311
980	1	0.653	1	0:01:14.188577
1000	1	1.28	1	0:01:14.329830
1020	1	1.11	1	0:01:14.214845
1040	1	3.39	1	0:01:14.279932
1060	1	0.754	1	0:01:14.334235
1080	1	0.309	1	0:01:14.253319
1100	1	0.465	1	0:01:15.224808
1120	0	1.34	0	0:01:15.795711
1140	1	0.0378	-1	0:01:17.264974
1160	1	1.16	1	0:01:17.414439
1180	0	1.2	0	0:01:17.326243
1200	1	2.42	1	0:01:17.065352
1220	0	1.11	0	0:01:16.951679
1240	1	0.373	1	0:01:14.260506
1260	1	1.97	1	0:01:15.614151
1280	1	0.711	1	0:01:17.389275
1300	0	1.11	0	0:01:17.762988
1320	1	1.06	1	0:01:18.207895
1340	1	0.798	1	0:01:14.765470
1360	1	0.295	1	0:01:14.648418
1380	0	0.41	0	0:01:16.292084
1400	0	0.66	0	0:01:16.759740
1420	1	0.378	1	0:01:14.234084
1440	1	0.419	1	0:01:14.238969
1460	0	0.607	0	0:01:14.331586
1480	0	0.019	-1	0:01:14.087873
1500	1	2.2	1	0:01:14.047445
1520	0	0.245	0	0:01:15.215017
1540	1	0.35	1	0:01:17.793783
1560	1	3.46	1	0:01:18.315221
1580	0	0.0154	0	0:01:15.146902
1600	0	0.0695	0	0:01:14.604228
1620	0	0.902	0	0:01:15.890630
1640	1	0.701	1	0:01:17.642415
1660	0	0.362	0	0:01:18.335304
1680	1	1.7	1	0:01:16.104941
1700	0	0.683	0	0:01:19.263839
1720	-1	0.0	-1	0:01:23.733148
1740	1	1.89	1	0:01:17.193381
1760	1	0.413	1	0:01:16.424101
1780	0	0.378	0	0:01:14.904575
1800	1	0.0621	1	0:01:14.409566
1820	1	0.684	1	0:01:16.793019
1840	0	1.04	0	0:01:16.880673
1860	1	2.06	1	0:01:14.593020
1880	1	1.39	1	0:01:17.326936
1900	1	3.48	1	0:01:16.532238
1920	0	0.0296	-1	0:01:14.189815
1940	1	0.997	1	0:01:14.513799
1960	1	0.817	1	0:01:15.423142
1980	1	1.26	1	0:01:15.662137
2000	0	0.0829	0	0:01:15.242049
2020	1	2.78	1	0:01:15.742925
2040	1	2.54	1	0:01:15.203795
2060	1	0.29	1	0:01:15.223592
2080	-1	0.0	1	0:01:15.455768
2100	1	0.187	1	0:01:15.320884
2120	1	0.638	1	0:01:15.239531
2140	1	2.47	1	0:01:17.704799
2160	1	1.94	1	0:01:18.490437
2180	1	0.151	1	0:01:18.308254
2200	1	1.63	1	0:01:18.144930
2220	1	1.15	1	0:01:15.274149
2240	1	1.21	1	0:01:15.369768
2260	0	0.544	0	0:01:15.389880
2280	0	0.936	0	0:01:15.517194
2300	0	0.792	0	0:01:15.293503
2320	0	1.09	0	0:01:16.346603
2340	1	1.43	1	0:01:15.329211
2360	1	0.258	1	0:01:15.325923
2380	1	1.55	1	0:01:15.545786
2400	1	2.57	1	0:01:15.292890
2420	0	0.835	0	0:01:15.468505
2440	1	0.931	1	0:01:15.454463
2460	0	1.11	0	0:01:15.274479
2480	1	1.07	1	0:01:15.342927
2500	1	0.28	1	0:01:15.411889
2520	1	1.18	1	0:01:15.425184
2540	0	0.383	0	0:01:15.261980
2560	0	0.939	0	0:01:15.212480
2580	0	0.621	0	0:01:15.343766
2600	1	2.64	1	0:01:15.234687
2620	0	0.476	0	0:01:15.159890
2640	1	0.346	1	0:01:15.196763
2660	0	0.648	0	0:01:15.154470
2680	1	3.01	1	0:01:15.329206
2700	1	0.139	1	0:01:15.371245
2720	0	1.7	0	0:01:15.283994
2740	0	0.0594	0	0:01:15.426640
2760	1	0.608	1	0:01:15.193114
2780	1	1.58	1	0:01:15.219030
2800	0	0.309	0	0:01:15.389917
2820	1	1.18	1	0:01:15.296051
2840	1	3.2	1	0:01:15.263904
2860	0	0.82	0	0:01:15.139129
2880	1	2.11	1	0:01:15.230942
2900	1	1.22	1	0:01:15.048284
2920	0	0.882	0	0:01:15.161851
2940	1	1.04	1	0:01:15.479816
2960	1	0.865	1	0:01:15.244805
2980	1	0.307	1	0:01:15.139103
3000	1	3.19	1	0:01:15.351009
3020	1	1.04	1	0:01:15.193852
3040	1	3.16	1	0:01:15.259509
3060	1	1.06	1	0:01:15.273515
3080	0	0.999	0	0:01:15.187467
3100	1	1.99	1	0:01:15.595993
3120	-1	0.0	1	0:01:15.097836
3140	1	2.0	1	0:01:15.288645
3160	0	0.822	0	0:01:15.324688
3180	0	1.55	0	0:01:15.015542
3200	1	0.431	1	0:01:15.117290
3220	0	0.719	0	0:01:15.171797
3240	0	1.36	0	0:01:15.217037
3260	1	0.84	1	0:01:15.207118
3280	0	0.161	0	0:01:15.419789
3300	0	0.925	0	0:01:15.067942
3320	1	0.133	1	0:01:15.755846
3340	0	0.376	0	0:01:15.328470
3360	0	0.211	0	0:01:15.124549
3380	1	0.378	1	0:01:15.589868
3400	1	0.46	1	0:01:15.322569
3420	0	1.69	0	0:01:15.156857
3440	0	1.67	0	0:01:15.058085
3460	1	1.28	1	0:01:15.310131
3480	1	2.56	1	0:01:15.357700
3500	1	0.363	1	0:01:15.237569
3520	1	2.59	1	0:01:15.503600
3540	0	0.478	0	0:01:15.041567
3560	1	0.659	1	0:01:15.183103
3580	0	1.37	0	0:01:15.190358
3600	0	0.17	0	0:01:15.390938
3620	0	0.678	0	0:01:15.108587
3640	-1	0.0	0	0:01:15.061553
3660	1	1.8	1	0:01:15.362199
3680	0	1.24	0	0:01:15.528655
3700	1	0.342	1	0:01:15.387444
3720	1	1.05	1	0:01:15.202527
3740	1	2.66	1	0:01:15.667247
3760	1	3.16	1	0:01:16.333110
3780	0	0.43	0	0:01:15.386024
3800	0	0.363	0	0:01:15.558052
3820	1	0.557	1	0:01:15.621793
3840	-1	0.0	-1	0:01:15.840442
3860	1	2.49	1	0:01:15.943894
3880	0	0.633	0	0:01:15.934990
3900	0	1.05	0	0:01:15.998866
3920	-1	0.0	-1	0:01:15.881996
3940	0	1.31	0	0:01:15.876341
3960	1	1.34	1	0:01:15.931309
3980	1	0.829	1	0:01:15.824276
4000	0	0.411	0	0:01:15.908885
4020	1	2.81	1	0:01:15.845243
4040	1	3.79	1	0:01:15.922698
4060	1	0.0689	1	0:01:15.913752
4080	1	0.822	1	0:01:15.833799
4100	1	2.67	1	0:01:16.743451
4120	1	0.914	1	0:01:19.381243
4140	1	2.85	1	0:01:15.929442
4160	0	0.0945	0	0:01:15.942237
4180	1	1.1	1	0:01:16.057777
4200	1	0.904	1	0:01:16.767214
4220	1	2.4	1	0:01:15.932330
4240	1	0.502	1	0:01:16.148966
4260	1	3.18	1	0:01:15.898224
4280	1	1.79	1	0:01:16.890578
4300	1	1.41	1	0:01:17.421294
4320	1	1.62	1	0:01:17.586229
4340	1	1.33	1	0:01:18.678281
4360	1	1.52	1	0:01:18.052203
4380	1	0.969	1	0:01:16.395697
4400	0	1.23	0	0:01:16.567794
4420	0	1.37	0	0:01:15.845832
4440	0	0.45	0	0:01:16.489149
4460	1	0.361	1	0:01:15.852236
4480	-1	0.0	-1	0:01:15.952950
4500	1	0.577	1	0:01:15.882936
4520	0	0.552	0	0:01:15.816113
4540	1	2.2	1	0:01:15.832294
4560	1	0.457	1	0:01:15.867456
4580	1	0.318	1	0:01:15.836449
4600	1	0.55	1	0:01:15.893021
4620	1	0.0193	-1	0:01:15.860353
4640	0	0.856	0	0:01:15.894332
4660	0	1.34	0	0:01:15.790177
4680	1	1.47	1	0:01:15.959382
4700	0	0.951	0	0:01:16.741858
4720	1	2.32	1	0:01:15.947953
4740	0	0.118	0	0:01:15.841491
4760	0	1.67	0	0:01:15.851224
4780	1	0.637	1	0:01:17.226793
4800	1	3.53	1	0:01:16.563572
4820	0	0.702	0	0:01:15.775879
4840	1	1.68	1	0:01:15.920913
4860	1	1.02	1	0:01:16.506169
4880	1	0.211	1	0:01:16.453278
4900	1	0.756	1	0:01:17.739016
4920	1	0.776	1	0:01:17.573004
4940	1	0.526	1	0:01:18.010023
4960	0	0.68	0	0:01:18.540978
4980	1	0.915	1	0:01:17.022518
5000	1	2.6	1	0:01:17.979256
5020	1	1.98	1	0:01:17.055546
5040	0	0.63	0	0:01:17.078736
5060	0	1.04	0	0:01:17.105581
5080	1	2.61	1	0:01:17.046829
5100	0	0.283	0	0:01:17.059093
5120	1	1.26	1	0:01:20.439582
5140	1	1.83	1	0:01:15.788671
5160	1	1.87	1	0:01:15.715520
5180	0	1.39	0	0:01:15.814221
5200	1	2.47	1	0:01:15.843799
5220	1	0.79	1	0:01:16.587820
5240	0	0.723	0	0:01:15.685432
5260	1	2.76	1	0:01:15.774118
5280	1	1.83	1	0:01:15.702160
5300	1	1.64	1	0:01:15.817203
5320	1	1.6	1	0:01:15.729625
5340	1	0.154	1	0:01:15.764586
5360	1	1.13	1	0:01:15.708732
5380	1	2.64	1	0:01:15.924720
5400	1	0.217	1	0:01:15.862943
5420	1	1.52	1	0:01:15.735006
5440	1	3.46	1	0:01:15.808754
5460	0	0.341	0	0:01:15.777324
5480	0	0.309	0	0:01:15.737830
5500	1	0.657	1	0:01:15.739209
5520	0	0.328	0	0:01:15.763632
5540	0	0.696	0	0:01:16.276460
5560	1	0.784	1	0:01:15.928090
5580	1	1.62	1	0:01:15.862922
5600	0	1.44	0	0:01:15.819085
5620	1	2.93	1	0:01:15.753324
5640	1	0.524	1	0:01:15.826893
5660	0	0.261	0	0:01:15.792536
5680	0	0.89	0	0:01:15.595347
5700	0	1.05	0	0:01:15.816469
5720	1	2.89	1	0:01:15.798486
5740	1	2.73	1	0:01:15.941384
5760	0	0.333	0	0:01:16.061065
5780	1	1.35	1	0:01:16.189344
5800	0	0.047	0	0:01:15.789150
5820	0	1.03	0	0:01:15.766305
5840	0	1.33	0	0:01:15.712097
5860	1	0.7	1	0:01:15.815352
5880	1	1.66	1	0:01:15.833783
5900	0	1.64	0	0:01:15.759293
5920	1	2.79	1	0:01:15.835018
5940	0	0.00873	-1	0:01:15.727617
5960	0	1.18	0	0:01:15.750012
5980	1	1.23	1	0:01:16.093599
6000	1	0.26	1	0:01:15.858000
6020	0	0.604	0	0:01:15.783535
6040	1	0.507	1	0:01:15.860651
6060	0	1.39	0	0:01:15.732766
6080	1	0.333	1	0:01:15.720855
6100	1	0.342	1	0:01:15.881841
6120	1	2.21	1	0:01:15.759962
6140	1	1.71	1	0:01:15.746168
6160	1	0.213	1	0:01:15.813283
6180	1	0.728	1	0:01:15.822598
6200	0	1.01	0	0:01:15.859323
6220	0	0.218	0	0:01:16.349014
6240	0	1.04	0	0:01:15.553415
6260	0	0.919	0	0:01:16.398625
6280	0	0.557	0	0:01:15.776054
6300	0	1.44	0	0:01:15.945238
6320	1	1.81	1	0:01:16.165619
6340	0	0.714	0	0:01:15.654793
6360	1	0.204	1	0:01:15.754418
6380	0	1.32	0	0:01:15.816042
6400	1	0.533	1	0:01:15.794094
6420	0	0.37	0	0:01:15.710877
6440	0	0.705	0	0:01:15.721000
6460	0	1.49	0	0:01:15.703344
6480	1	0.749	1	0:01:15.781797
6500	0	1.08	0	0:01:15.762068
6520	1	2.31	1	0:01:15.927793
6540	1	1.28	1	0:01:15.781629
6560	1	0.474	1	0:01:15.814563
6580	0	1.03	0	0:01:15.779468
6600	1	3.48	1	0:01:15.883368
6620	1	1.38	1	0:01:15.847130
6640	0	0.795	0	0:01:15.775887
6660	1	1.52	1	0:01:15.853401
6680	1	1.86	1	0:01:15.763182
6700	0	0.892	0	0:01:16.035530
6720	1	1.92	1	0:01:15.912999
6740	1	0.964	1	0:01:15.839249
6760	1	1.05	1	0:01:15.773924
6780	1	1.67	1	0:01:15.868330
6800	0	0.0933	0	0:01:15.772119
6820	1	1.84	1	0:01:15.838431
6840	1	1.75	1	0:01:15.773408
6860	1	2.51	1	0:01:15.811810
6880	0	0.8	0	0:01:15.736875
6900	0	0.724	0	0:01:15.808037
6920	1	2.13	1	0:01:15.658731
6940	1	3.04	1	0:01:15.816174
6960	1	1.32	1	0:01:15.801235
6980	1	0.557	1	0:01:15.701243
7000	0	0.891	0	0:01:15.795720
7020	1	1.47	1	0:01:16.297552
7040	1	0.113	1	0:01:15.887910
7060	1	2.02	1	0:01:15.972935
7080	0	1.05	0	0:01:15.817291
7100	0	0.665	0	0:01:15.641571
7120	1	0.786	1	0:01:15.832278
7140	0	1.1	0	0:01:15.703090
7160	0	0.199	0	0:01:15.790456
7180	1	1.47	1	0:01:15.948697
7200	0	0.32	0	0:01:15.879293
7220	1	0.395	1	0:01:15.693469
7240	1	0.267	1	0:01:15.909741
7260	1	1.53	1	0:01:15.739393
7280	0	0.0954	0	0:01:15.775079
7300	0	0.408	0	0:01:15.800816
7320	1	3.29	1	0:01:16.151987
7340	0	0.808	0	0:01:16.235613
7360	0	0.249	0	0:01:16.578244
7380	1	0.155	1	0:01:15.745161
7400	0	0.152	0	0:01:15.863657
7420	1	0.884	1	0:01:15.747436
7440	0	1.02	0	0:01:15.759818
7460	1	3.55	1	0:01:15.710504
7480	1	0.15	1	0:01:15.760902
7500	1	3.3	1	0:01:15.814715
7520	1	0.0489	1	0:01:15.721612
7540	1	3.6	1	0:01:16.225735
7560	0	1.35	0	0:01:15.744831
7580	1	2.8	1	0:01:15.785532
7600	0	0.311	0	0:01:15.852460
7620	0	0.278	0	0:01:15.691010
7640	0	0.25	0	0:01:15.761254
7660	0	1.02	0	0:01:16.084409
7680	0	0.455	0	0:01:15.849590
7700	1	0.718	1	0:01:15.775880
7720	0	0.723	0	0:01:15.807760
7740	-1	0.0	0	0:01:15.819435
7760	0	0.917	0	0:01:15.685502
7780	1	0.381	1	0:01:15.897662
7800	1	2.0	1	0:01:15.871280
7820	1	0.549	1	0:01:16.140850
7840	1	2.35	1	0:01:16.093757
7860	0	0.722	0	0:01:15.759705
7880	1	1.32	1	0:01:15.751740
7900	0	1.44	0	0:01:16.175897
7920	0	0.899	0	0:01:15.962249
7940	1	0.548	1	0:01:15.896417
7960	1	0.292	1	0:01:16.228972
7980	0	0.849	0	0:01:15.934602
8000	1	1.46	1	0:01:16.128979
8020	0	0.918	0	0:01:16.388368
8040	-1	0.0	-1	0:01:15.962960
8060	1	0.365	1	0:01:15.934740
8080	0	0.143	0	0:01:16.253718
8100	1	0.149	1	0:01:16.045507
8120	1	1.13	1	0:01:15.823224
8140	0	0.716	0	0:01:15.938071
8160	0	0.214	0	0:01:15.863679
8180	1	2.17	1	0:01:15.645526
8200	0	1.1	0	0:01:15.847895
8220	0	0.994	0	0:01:15.782220
8240	1	1.97	1	0:01:15.770620
8260	1	1.07	1	0:01:15.709896
8280	0	0.713	0	0:01:15.612901
8300	0	0.831	0	0:01:15.415653
8320	0	1.4	0	0:01:15.629059
8340	1	0.307	1	0:01:15.643776
8360	-1	0.0	1	0:01:15.861698
8380	1	1.08	1	0:01:15.935983
8400	1	1.46	1	0:01:15.539360
8420	0	0.204	0	0:01:15.497207
8440	0	0.0341	0	0:01:15.634920
8460	1	1.82	1	0:01:16.125067
8480	0	1.45	0	0:01:15.647259
8500	1	1.71	1	0:01:15.687415
8520	0	0.586	0	0:01:15.840951
8540	1	0.548	1	0:01:15.787837
8560	1	1.36	1	0:01:15.775070
8580	1	0.491	1	0:01:15.564214
8600	0	0.853	0	0:01:15.630812
8620	0	1.68	0	0:01:15.769913
8640	1	2.35	1	0:01:15.774488
8660	1	1.5	1	0:01:15.645541
8680	0	0.729	0	0:01:16.259150
8700	1	0.611	1	0:01:15.592401
8720	1	2.28	1	0:01:15.684443
8740	0	0.217	0	0:01:16.133162
8760	1	1.8	1	0:01:15.894338
8780	0	0.595	0	0:01:15.586727
8800	1	3.79	1	0:01:15.685840
8820	1	1.52	1	0:01:15.704662
8840	0	0.357	0	0:01:15.609807
8860	0	0.686	0	0:01:15.827545
8880	1	1.05	1	0:01:15.588752
8900	0	0.222	0	0:01:15.726978
8920	1	1.09	1	0:01:15.548726
8940	1	0.978	1	0:01:15.548232
8960	1	1.64	1	0:01:15.669394
8980	1	2.71	1	0:01:15.780093
9000	1	3.36	1	0:01:15.591491
9020	1	1.16	1	0:01:15.755872
9040	1	0.535	1	0:01:15.763603
9060	1	1.27	1	0:01:15.893394
9080	0	0.406	0	0:01:15.639206
9100	0	0.728	0	0:01:15.707849
9120	0	1.03	0	0:01:15.746350
9140	0	1.02	0	0:01:15.718102
9160	0	0.193	0	0:01:15.963304
9180	1	3.25	1	0:01:15.980025
9200	1	3.19	1	0:01:15.696448
9220	1	3.03	1	0:01:15.570293
9240	1	0.168	1	0:01:15.625170
9260	1	0.957	1	0:01:15.587499
9280	-1	0.0	1	0:01:15.626882
9300	0	1.29	0	0:01:15.564163
9320	1	1.58	1	0:01:15.652598
9340	1	3.32	1	0:01:15.629286
9360	0	1.33	0	0:01:15.614696
9380	1	0.548	1	0:01:15.689790
9400	1	0.582	1	0:01:15.517774
9420	0	0.176	0	0:01:15.552873
9440	1	2.45	1	0:01:15.617455
9460	0	0.577	0	0:01:15.700960
9480	-1	0.0	1	0:01:15.594008
9500	1	0.285	1	0:01:15.656268
9520	1	1.01	1	0:01:15.725958
9540	1	0.621	1	0:01:15.670867
9560	1	0.844	1	0:01:15.746039
9580	0	0.0558	0	0:01:15.803034
9600	1	2.66	1	0:01:16.207498
9620	1	0.115	1	0:01:15.790913
9640	0	0.561	0	0:01:15.894595
9660	1	2.51	1	0:01:15.791365
9680	1	1.9	1	0:01:15.649369
9700	1	0.68	1	0:01:15.836566
9720	0	0.915	0	0:01:15.522170
9740	-1	0.0	1	0:01:15.485398
9760	-1	0.0	0	0:01:15.679948
9780	1	0.992	1	0:01:15.695599
9800	1	3.79	1	0:01:15.625515
9820	0	0.358	0	0:01:15.659194
9840	1	1.92	1	0:01:15.603135
9860	0	1.56	0	0:01:15.659231
9880	0	0.157	0	0:01:15.683875
9900	0	0.0915	0	0:01:16.102259
9920	1	1.08	1	0:01:15.520076
9940	0	0.122	0	0:01:15.623732
9960	1	3.24	1	0:01:15.599723
9980	1	2.17	1	0:01:15.777313
