idx	mean	std	min	25 percentile	50 percentile	75 percentile	max
0	0.8188	0.07093	0.485	0.7785	0.8263	0.8707	0.9646
20	0.7505	0.1431	0.05117	0.6766	0.7848	0.8536	0.9704
40	0.6837	0.1053	0.244	0.6213	0.6899	0.7582	0.9223
60	0.4562	0.1985	0.03489	0.3004	0.4849	0.621	0.833
80	0.45	0.1605	0.06599	0.3251	0.4485	0.5552	0.9408
100	0.7997	0.07718	0.3732	0.7594	0.8076	0.8517	0.9721
120	0.5316	0.1529	0.05774	0.4305	0.5426	0.6298	0.9742
140	0.76	0.1017	0.2642	0.7043	0.7741	0.8278	0.9647
160	0.4988	0.1206	0.1287	0.4241	0.4925	0.5847	0.8113
180	0.605	0.1389	0.1602	0.5203	0.6189	0.7014	0.8988
200	0.6356	0.0612	0.3536	0.5988	0.6377	0.6747	0.8373
220	0.2837	0.2112	0.009406	0.1053	0.2265	0.4174	0.9649
240	0.2987	0.1757	0.02961	0.1582	0.2595	0.4046	0.9461
260	0.6654	0.09823	0.1837	0.6155	0.6747	0.7273	0.8897
280	0.2827	0.1489	0.02162	0.1691	0.2563	0.3694	0.9161
300	0.7137	0.09975	0.219	0.6661	0.7307	0.7819	0.8949
320	0.739	0.08142	0.4464	0.6949	0.7456	0.7904	0.9597
340	0.7317	0.06925	0.3213	0.6948	0.741	0.7784	0.9173
360	0.79	0.1294	0.2306	0.7457	0.8328	0.8767	0.9606
380	0.7847	0.09285	0.4811	0.7171	0.792	0.8566	0.9519
400	0.4508	0.1418	0.06539	0.3543	0.4453	0.5458	0.8095
420	0.7866	0.08437	0.3169	0.7396	0.794	0.8456	0.957
440	0.5219	0.1944	0.1126	0.3769	0.4936	0.6637	0.9633
460	0.6568	0.09223	0.2997	0.5942	0.6634	0.7271	0.966
480	0.4997	0.129	0.09146	0.4212	0.5089	0.5723	0.8886
500	0.7718	0.1017	0.3459	0.7179	0.7856	0.8467	0.9611
520	0.5753	0.1309	0.08726	0.4873	0.5796	0.6694	0.906
540	0.5052	0.09385	0.07471	0.4478	0.5113	0.5658	0.8115
560	0.3721	0.1413	0.03897	0.2771	0.3541	0.4557	0.8702
580	0.653	0.08491	0.4065	0.5905	0.648	0.7038	0.9413
600	0.6772	0.1693	0.1354	0.5697	0.7003	0.8187	0.9499
620	0.7127	0.1486	0.05114	0.6739	0.7522	0.8018	0.9636
640	0.5534	0.09859	0.2733	0.4814	0.5534	0.6269	0.8035
660	0.4238	0.1542	0.0987	0.3089	0.3962	0.524	0.9103
680	0.7259	0.1303	0.2661	0.6438	0.751	0.8287	0.943
700	0.6849	0.1725	0.03225	0.598	0.7154	0.8128	0.9721
720	0.6717	0.1536	0.118	0.5867	0.6986	0.7879	0.9383
740	0.6487	0.09904	0.2817	0.5786	0.6636	0.7222	0.9342
760	0.686	0.1471	0.1587	0.6003	0.7141	0.7991	0.9404
780	0.6087	0.1526	0.108	0.505	0.6144	0.7256	0.936
800	0.2075	0.2073	0.001584	0.04707	0.1298	0.3094	0.9002
820	0.8461	0.06922	0.4954	0.8193	0.8648	0.8929	0.9564
840	0.105	0.1141	0.002305	0.03223	0.06374	0.131	0.7206
860	0.6069	0.09436	0.2346	0.5451	0.6041	0.667	0.9132
880	0.1191	0.08763	0.008235	0.05543	0.0933	0.1528	0.5135
900	0.7043	0.1074	0.2885	0.633	0.706	0.7828	0.9355
920	0.7497	0.0858	0.1921	0.7021	0.7631	0.8037	0.9618
940	0.3563	0.159	0.05444	0.2549	0.3186	0.4207	0.9142
960	0.4324	0.2019	0.05061	0.2782	0.4033	0.5747	0.9559
980	0.6375	0.09255	0.2826	0.5836	0.6375	0.6967	0.913
1000	0.4645	0.1736	0.08694	0.3311	0.4461	0.5797	0.9421
1020	0.5046	0.1635	0.09149	0.3826	0.4964	0.6127	0.9323
1040	0.434	0.07825	0.1952	0.3836	0.4355	0.4905	0.6734
1060	0.5421	0.1709	0.0719	0.4236	0.5549	0.6753	0.9522
1080	0.6481	0.1171	0.2417	0.5819	0.6653	0.739	0.8889
1100	0.5966	0.1641	0.05945	0.4941	0.6266	0.7221	0.8998
1120	0.8188	0.08194	0.4631	0.7649	0.8185	0.8775	0.9916
1140	0.6983	0.09734	0.3036	0.6374	0.702	0.7615	0.9631
1160	0.5205	0.1367	0.1003	0.4254	0.5122	0.6159	0.9213
1180	0.8192	0.08939	0.4352	0.7721	0.8437	0.8837	0.9637
1200	0.3517	0.1268	0.03052	0.2729	0.3528	0.4277	0.7682
1220	0.7923	0.1082	0.1359	0.7473	0.814	0.8664	0.9611
1240	0.6275	0.1307	0.1259	0.5462	0.6554	0.723	0.9258
1260	0.3925	0.1196	0.1193	0.3189	0.3725	0.4526	0.8336
1280	0.5704	0.1685	0.01944	0.4747	0.6099	0.6915	0.9011
1300	0.7968	0.08545	0.4551	0.7535	0.8165	0.8617	0.9302
1320	0.6223	0.07973	0.1436	0.5783	0.6276	0.671	0.8435
1340	0.4442	0.2483	0.008243	0.2243	0.4469	0.6634	0.9288
1360	0.6332	0.154	0.1278	0.5385	0.6599	0.7509	0.9256
1380	0.7397	0.1321	0.2171	0.6692	0.77	0.8373	0.9691
1400	0.7362	0.06913	0.3125	0.6988	0.7413	0.7813	0.9331
1420	0.6315	0.1479	0.09414	0.5762	0.6676	0.7275	0.9168
1440	0.5947	0.1743	0.08799	0.4737	0.6026	0.739	0.9381
1460	0.7576	0.1034	0.3376	0.6962	0.7695	0.8274	0.9697
1480	0.6663	0.1576	0.07556	0.591	0.7005	0.7822	0.9489
1500	0.4071	0.1076	0.1216	0.3375	0.3921	0.4653	0.7943
1520	0.6953	0.1606	0.07881	0.6243	0.7384	0.8052	0.9534
1540	0.6258	0.1563	0.1782	0.52	0.6389	0.7428	0.9384
1560	0.04162	0.06941	0.0008176	0.009157	0.01868	0.04501	0.7051
1580	0.6605	0.1974	0.1337	0.5081	0.701	0.8333	0.9649
1600	0.6969	0.1521	0.1835	0.5879	0.7187	0.8198	0.9656
1620	0.7745	0.1141	0.203	0.7291	0.8021	0.8516	0.9602
1640	0.6223	0.1008	0.3143	0.5487	0.6238	0.7002	0.8516
1660	0.7319	0.1015	0.3755	0.6682	0.74	0.8008	0.9725
1680	0.4752	0.1408	0.09824	0.3708	0.4787	0.5812	0.8495
1700	0.7489	0.08158	0.3463	0.7052	0.7581	0.8013	0.954
1720	0.6873	0.09216	0.2251	0.6379	0.7017	0.7533	0.8944
1740	0.5083	0.09952	0.1197	0.4393	0.5099	0.5719	0.8231
1760	0.618	0.1579	0.1652	0.5001	0.6209	0.7417	0.9867
1780	0.7188	0.1162	0.1631	0.6607	0.742	0.8076	0.9376
1800	0.6755	0.1362	0.2267	0.5848	0.6892	0.7768	0.9714
1820	0.582	0.1489	0.1672	0.4853	0.5774	0.6846	0.9129
1840	0.8244	0.1173	0.2476	0.7823	0.8583	0.9046	0.9881
1860	0.3288	0.1771	0.01422	0.1795	0.3136	0.4715	0.8012
1880	0.502	0.1361	0.1126	0.4075	0.498	0.5912	0.9226
1900	0.1051	0.1046	0.006034	0.03511	0.0662	0.134	0.6874
1920	0.691	0.09873	0.2656	0.639	0.7048	0.7607	0.9254
1940	0.6287	0.06869	0.4006	0.5849	0.6244	0.6744	0.819
1960	0.5816	0.1268	0.1817	0.496	0.5794	0.6704	0.9493
1980	0.4028	0.1897	0.05592	0.2649	0.3586	0.4963	0.9744
2000	0.693	0.125	0.1596	0.6265	0.7177	0.7828	0.9244
2020	0.3011	0.1033	0.07931	0.228	0.2963	0.369	0.6874
2040	0.4125	0.09411	0.1206	0.3507	0.4015	0.4697	0.7455
2060	0.6586	0.1096	0.2133	0.5863	0.6613	0.738	0.9172
2080	0.6532	0.1748	0.06495	0.5335	0.6678	0.8005	0.9675
2100	0.6804	0.08475	0.3401	0.6223	0.6797	0.7369	0.8955
2120	0.5445	0.1937	0.06702	0.409	0.5762	0.7054	0.8834
2140	0.2867	0.1156	0.03047	0.2102	0.2874	0.343	0.8733
2160	0.4077	0.1324	0.09424	0.3158	0.4056	0.4915	0.8457
2180	0.6858	0.09077	0.415	0.6191	0.679	0.7498	0.9321
2200	0.5126	0.1235	0.1329	0.4344	0.5235	0.5963	0.8451
2220	0.4363	0.2068	0.04737	0.2683	0.4169	0.5948	0.9321
2240	0.5226	0.1317	0.1789	0.4275	0.519	0.6064	0.9097
2260	0.7451	0.1012	0.2054	0.6963	0.7602	0.8115	0.945
2280	0.807	0.1186	0.1795	0.7586	0.8453	0.8909	0.971
2300	0.766	0.08514	0.4509	0.7119	0.767	0.8251	0.9904
2320	0.7822	0.08118	0.3768	0.741	0.7984	0.8388	0.9406
2340	0.3393	0.2356	0.005777	0.1277	0.2994	0.5439	0.8969
2360	0.6157	0.1748	0.05176	0.5147	0.6354	0.7532	0.949
2380	0.4425	0.1695	0.04375	0.3166	0.4517	0.5704	0.8237
2400	0.3794	0.1524	0.04108	0.2512	0.3883	0.5078	0.7317
2420	0.7904	0.1184	0.2615	0.7447	0.8217	0.8748	0.98
2440	0.4786	0.2092	0.007832	0.3206	0.5087	0.6583	0.8654
2460	0.8087	0.09688	0.3236	0.762	0.8306	0.876	0.9707
2480	0.457	0.2008	0.01833	0.2916	0.4592	0.6149	0.9539
2500	0.6771	0.09565	0.3613	0.6069	0.6673	0.7396	0.9477
2520	0.5398	0.1406	0.05949	0.4539	0.55	0.6352	0.8777
2540	0.7201	0.09343	0.4092	0.6698	0.7338	0.7854	0.9067
2560	0.7936	0.1416	0.04123	0.7527	0.8309	0.8843	0.9886
2580	0.7314	0.06671	0.3488	0.6995	0.7439	0.7751	0.9043
2600	0.3347	0.1232	0.04983	0.2481	0.3143	0.4129	0.8345
2620	0.7408	0.1824	0.12	0.6476	0.8027	0.8785	0.9759
2640	0.5712	0.2123	0.05078	0.4116	0.6008	0.7509	0.9465
2660	0.7309	0.07133	0.2352	0.699	0.7448	0.7784	0.8998
2680	0.1994	0.1149	0.02387	0.1108	0.1749	0.2603	0.6568
2700	0.6547	0.1611	0.1664	0.5462	0.6707	0.7778	0.9748
2720	0.8535	0.07502	0.4496	0.814	0.863	0.9086	0.9833
2740	0.6949	0.1316	0.245	0.6046	0.709	0.7971	0.9695
2760	0.622	0.1193	0.1451	0.5664	0.6328	0.7045	0.9191
2780	0.2925	0.2098	0.01249	0.1232	0.2294	0.4234	0.8872
2800	0.728	0.09521	0.327	0.668	0.733	0.7881	0.9535
2820	0.5409	0.1319	0.1546	0.4541	0.5445	0.63	0.8863
2840	0.3914	0.08318	0.192	0.3315	0.3818	0.4401	0.6909
2860	0.7572	0.1019	0.2146	0.7108	0.7743	0.8249	0.9581
2880	0.4278	0.1093	0.1435	0.3512	0.4193	0.4983	0.7983
2900	0.6043	0.08349	0.1649	0.5557	0.6103	0.6541	0.9219
2920	0.7661	0.08199	0.3482	0.7243	0.7795	0.8223	0.9494
2940	0.5112	0.1642	0.06057	0.393	0.512	0.6512	0.8875
2960	0.576	0.1328	0.06785	0.4882	0.587	0.6645	0.8929
2980	0.6271	0.1744	0.1587	0.4929	0.6269	0.7729	0.9507
3000	0.3305	0.1104	0.08183	0.248	0.324	0.4099	0.6524
3020	0.4573	0.191	0.05542	0.3204	0.4252	0.5852	0.9462
3040	0.04293	0.06654	0.001179	0.009708	0.01958	0.04553	0.5666
3060	0.4219	0.2386	0.01427	0.2037	0.4223	0.6306	0.9411
3080	0.7857	0.1192	0.1299	0.7416	0.8133	0.8662	0.965
3100	0.4173	0.1297	0.09293	0.3249	0.4122	0.4999	0.8555
3120	0.6877	0.08779	0.3845	0.6329	0.6858	0.744	0.929
3140	0.4202	0.1539	0.04757	0.3126	0.4339	0.5293	0.8355
3160	0.7571	0.06867	0.4469	0.7138	0.7606	0.8078	0.9029
3180	0.8545	0.09054	0.2775	0.8247	0.8772	0.9133	0.984
3200	0.5473	0.2382	0.01744	0.3558	0.6054	0.752	0.9494
3220	0.748	0.08138	0.3213	0.7061	0.7621	0.8016	0.9235
3240	0.845	0.1013	0.2171	0.8064	0.8699	0.9156	0.995
3260	0.5325	0.1717	0.05898	0.4237	0.5376	0.6577	0.9256
3280	0.7011	0.1226	0.2307	0.6278	0.7282	0.794	0.935
3300	0.7728	0.08236	0.3891	0.7216	0.7766	0.8297	0.9424
3320	0.643	0.1754	0.05597	0.5269	0.6772	0.7789	0.9338
3340	0.7169	0.06987	0.3002	0.6787	0.7279	0.7648	0.9202
3360	0.7242	0.09283	0.3025	0.6654	0.7248	0.7898	0.9462
3380	0.627	0.1622	0.08675	0.5256	0.6276	0.7439	0.9526
3400	0.6312	0.1254	0.205	0.5439	0.6272	0.7242	0.9345
3420	0.8074	0.05806	0.5317	0.774	0.8097	0.8446	0.9564
3440	0.8509	0.08049	0.3354	0.8236	0.8659	0.9012	0.9764
3460	0.396	0.2004	0.03367	0.2317	0.3741	0.5435	0.9111
3480	0.3948	0.1133	0.1082	0.3108	0.383	0.4746	0.8249
3500	0.5888	0.2136	0.06538	0.4219	0.6069	0.7685	0.9678
3520	0.1226	0.1326	0.001892	0.02951	0.0681	0.169	0.7622
3540	0.7503	0.1226	0.2773	0.6789	0.7705	0.8427	0.9803
3560	0.6188	0.1128	0.2852	0.5495	0.6279	0.6993	0.9286
3580	0.8429	0.08926	0.2943	0.806	0.8665	0.9053	0.9702
3600	0.7062	0.1049	0.3174	0.6525	0.721	0.7813	0.948
3620	0.7544	0.1214	0.1061	0.7092	0.7868	0.835	0.9582
3640	0.6916	0.1113	0.279	0.6234	0.7086	0.7727	0.9383
3660	0.4543	0.1197	0.1347	0.3724	0.4404	0.5179	0.837
3680	0.7903	0.07364	0.4641	0.7453	0.7979	0.8387	0.9647
3700	0.6617	0.07711	0.2356	0.6172	0.6707	0.7188	0.9139
3720	0.5264	0.1481	0.1426	0.4192	0.5382	0.6379	0.8926
3740	0.3231	0.1186	0.06521	0.2415	0.324	0.3926	0.7464
3760	0.07701	0.07835	0.005541	0.0302	0.05302	0.09299	0.696
3780	0.7309	0.07394	0.4602	0.6821	0.7353	0.7838	0.9415
3800	0.7423	0.1464	0.2173	0.6407	0.7714	0.8566	0.9861
3820	0.6105	0.1446	0.1929	0.5148	0.6128	0.7188	0.9696
3840	0.689	0.07583	0.2797	0.6452	0.6974	0.7449	0.8569
3860	0.1504	0.1553	0.003395	0.03978	0.09237	0.2043	0.8426
3880	0.7342	0.08365	0.2121	0.6994	0.7512	0.7876	0.9308
3900	0.7826	0.08531	0.3345	0.7422	0.8006	0.8446	0.926
3920	0.6841	0.1229	0.2518	0.5972	0.6955	0.78	0.9554
3940	0.7974	0.06826	0.5103	0.7586	0.799	0.841	0.9633
3960	0.5349	0.1339	0.1008	0.4588	0.5483	0.6248	0.9156
3980	0.5269	0.1888	0.02791	0.402	0.5483	0.6742	0.9415
4000	0.7294	0.1473	0.1593	0.6562	0.7564	0.8385	0.9718
4020	0.4689	0.07548	0.154	0.425	0.4774	0.5165	0.721
4040	0.2191	0.09292	0.02619	0.1464	0.2129	0.2966	0.5279
4060	0.6925	0.06662	0.4049	0.6512	0.6954	0.7374	0.8741
4080	0.5702	0.1579	0.1335	0.457	0.5549	0.6792	0.9805
4100	0.08627	0.1232	0.001221	0.01664	0.03952	0.09526	0.7919
4120	0.5216	0.1761	0.0391	0.3891	0.5519	0.6572	0.8857
4140	0.5072	0.06107	0.348	0.4636	0.5049	0.546	0.7266
4160	0.7034	0.05849	0.428	0.6695	0.7067	0.7395	0.8887
4180	0.5062	0.1534	0.107	0.3903	0.4875	0.6172	0.9278
4200	0.6167	0.08192	0.3727	0.56	0.6157	0.6757	0.8341
4220	0.2727	0.1322	0.0359	0.1743	0.2485	0.3468	0.7864
4240	0.6169	0.1455	0.1625	0.5231	0.617	0.7213	0.9558
4260	0.3981	0.1141	0.03912	0.3358	0.4247	0.4863	0.664
4280	0.5367	0.09561	0.2256	0.4698	0.5516	0.6034	0.8374
4300	0.5064	0.1399	0.1243	0.4071	0.5189	0.609	0.9236
4320	0.467	0.1514	0.06956	0.3652	0.4756	0.5742	0.8708
4340	0.4777	0.1551	0.06289	0.3626	0.4689	0.5837	0.9322
4360	0.6021	0.08293	0.2083	0.5586	0.6205	0.6586	0.7771
4380	0.5726	0.1264	0.2095	0.4942	0.5818	0.665	0.9221
4400	0.8096	0.08547	0.5208	0.7551	0.8174	0.8755	0.9693
4420	0.8464	0.1049	0.241	0.8151	0.8752	0.9136	0.9787
4440	0.7333	0.09231	0.3526	0.6715	0.7411	0.7991	0.9589
4460	0.6301	0.1361	0.2143	0.5408	0.64	0.7369	0.9052
4480	0.6561	0.1605	0.1797	0.5408	0.7047	0.7822	0.9166
4500	0.6256	0.107	0.1502	0.5591	0.6246	0.7004	0.9175
4520	0.7332	0.105	0.2541	0.6912	0.7593	0.8054	0.8993
4540	0.343	0.1325	0.08215	0.2393	0.3251	0.4276	0.8216
4560	0.5312	0.2361	0.03064	0.338	0.5215	0.7353	0.9718
4580	0.6621	0.1132	0.2631	0.581	0.6524	0.7451	0.9654
4600	0.597	0.1537	0.1236	0.4948	0.6042	0.7058	0.9454
4620	0.6867	0.1099	0.1629	0.6092	0.6914	0.7688	0.9302
4640	0.7554	0.06885	0.4973	0.7129	0.7524	0.798	0.9409
4660	0.7951	0.07675	0.3585	0.748	0.8005	0.8453	0.9884
4680	0.4523	0.165	0.04821	0.3438	0.4464	0.5649	0.9275
4700	0.8018	0.132	0.1365	0.7704	0.8389	0.8831	0.9848
4720	0.3889	0.1159	0.07631	0.316	0.3779	0.4614	0.7721
4740	0.7001	0.08529	0.2496	0.6488	0.716	0.76	0.9024
4760	0.8428	0.08261	0.1278	0.8015	0.8577	0.9017	0.9792
4780	0.5883	0.165	0.1049	0.4725	0.589	0.7035	0.955
4800	0.1432	0.08918	0.01992	0.08023	0.1211	0.181	0.5842
4820	0.7626	0.09262	0.4166	0.6984	0.7705	0.8338	0.9426
4840	0.2923	0.2028	0.009662	0.1288	0.2415	0.4172	0.835
4860	0.5923	0.09809	0.3057	0.5205	0.5874	0.6619	0.8615
4880	0.6478	0.1443	0.1795	0.5462	0.6655	0.7631	0.9519
4900	0.5433	0.1749	0.08174	0.4171	0.5802	0.6839	0.9182
4920	0.4866	0.2247	0.04068	0.295	0.5017	0.6784	0.9265
4940	0.6601	0.07611	0.3085	0.6154	0.6617	0.7111	0.9286
4960	0.737	0.06462	0.4531	0.7015	0.7452	0.7806	0.9233
4980	0.5505	0.148	0.1328	0.4466	0.5428	0.6502	0.9332
5000	0.1486	0.1517	0.005079	0.04408	0.08922	0.1946	0.7961
5020	0.463	0.1037	0.1827	0.403	0.4647	0.5186	0.9058
5040	0.7539	0.1006	0.3824	0.7004	0.7714	0.8294	0.9498
5060	0.7975	0.08442	0.4362	0.7444	0.8051	0.8577	0.9787
5080	0.1511	0.1364	0.00368	0.05548	0.1031	0.2035	0.7703
5100	0.7234	0.08976	0.4249	0.6621	0.7299	0.7887	0.9277
5120	0.4671	0.1751	0.03378	0.3477	0.4788	0.5867	0.9086
5140	0.3525	0.1633	0.04016	0.2282	0.3396	0.4501	0.9172
5160	0.5386	0.0956	0.2206	0.4782	0.5496	0.6048	0.8194
5180	0.8489	0.09267	0.4153	0.8084	0.8728	0.9157	0.9913
5200	0.4833	0.07665	0.2559	0.4274	0.4773	0.5332	0.7793
5220	0.5492	0.1575	0.1045	0.4359	0.5468	0.6713	0.9133
5240	0.7871	0.123	0.2822	0.7241	0.8211	0.8765	0.9716
5260	0.1869	0.1209	0.01926	0.09925	0.1576	0.2449	0.6873
5280	0.443	0.1376	0.08062	0.3518	0.4486	0.5367	0.8516
5300	0.3889	0.153	0.02659	0.2949	0.3642	0.4587	0.9037
5320	0.5053	0.1413	0.09846	0.4069	0.525	0.6193	0.7855
5340	0.6769	0.1211	0.3392	0.5925	0.6779	0.7688	0.9552
5360	0.4954	0.1582	0.109	0.3716	0.4953	0.6202	0.8469
5380	0.3071	0.1198	0.03191	0.2293	0.3049	0.3716	0.7719
5400	0.661	0.1449	0.1447	0.5711	0.6631	0.7706	0.9354
5420	0.5135	0.1446	0.1086	0.412	0.5443	0.6273	0.8053
5440	0.1657	0.1129	0.01287	0.07927	0.1368	0.2288	0.5618
5460	0.7173	0.132	0.1437	0.6393	0.7527	0.8165	0.9113
5480	0.7284	0.1732	0.1549	0.6114	0.7593	0.8789	0.9801
5500	0.6042	0.134	0.1662	0.5163	0.6086	0.6902	0.9541
5520	0.7153	0.0696	0.4058	0.6752	0.7218	0.7587	0.9081
5540	0.7527	0.09636	0.1827	0.7011	0.7639	0.8176	0.9422
5560	0.6373	0.08356	0.2648	0.5933	0.6423	0.6906	0.8954
5580	0.5687	0.09811	0.1049	0.5269	0.5826	0.6291	0.841
5600	0.8585	0.09367	0.3007	0.8092	0.8815	0.9303	0.992
5620	0.5027	0.06324	0.2529	0.4612	0.5082	0.5457	0.7065
5640	0.6636	0.0833	0.2926	0.6119	0.6596	0.7172	0.8995
5660	0.7272	0.143	0.2289	0.6359	0.7478	0.8398	0.9702
5680	0.7721	0.101	0.3	0.7316	0.7923	0.8383	0.9579
5700	0.7755	0.07242	0.4471	0.7304	0.7758	0.8259	0.9507
5720	0.2757	0.1203	0.05153	0.1856	0.2597	0.3434	0.7582
5740	0.5158	0.04727	0.3765	0.4865	0.5118	0.5423	0.7377
5760	0.7285	0.09035	0.3601	0.6728	0.7329	0.7913	0.9454
5780	0.4127	0.1979	0.03618	0.2509	0.4018	0.5746	0.9166
5800	0.7057	0.08988	0.1132	0.6473	0.7037	0.7677	0.9218
5820	0.778	0.0764	0.4395	0.737	0.7833	0.8297	0.9489
5840	0.8119	0.08793	0.3566	0.7676	0.827	0.8713	0.9704
5860	0.6102	0.131	0.2189	0.5306	0.603	0.691	0.9817
5880	0.4298	0.1379	0.06262	0.3341	0.4112	0.511	0.8832
5900	0.8226	0.07054	0.5509	0.7834	0.8278	0.8745	0.9702
5920	0.1257	0.1363	0.001839	0.03515	0.07379	0.1599	0.7364
5940	0.6883	0.1084	0.2335	0.6167	0.7043	0.7659	0.9248
5960	0.779	0.08688	0.203	0.7368	0.7892	0.8318	0.9509
5980	0.417	0.2059	0.02838	0.2452	0.3977	0.5799	0.8839
6000	0.6624	0.1332	0.2073	0.574	0.6639	0.7561	0.9675
6020	0.7439	0.108	0.1115	0.6935	0.7623	0.8146	0.9522
6040	0.5738	0.1773	0.1009	0.4458	0.6005	0.7208	0.9066
6060	0.8128	0.0764	0.3743	0.7683	0.8209	0.8663	0.964
6080	0.6101	0.1812	0.08719	0.4599	0.6148	0.7652	0.9645
6100	0.5972	0.2158	0.05209	0.4353	0.6167	0.7792	0.9763
6120	0.4439	0.1069	0.1307	0.3757	0.4369	0.5112	0.7794
6140	0.4101	0.1604	0.06488	0.2858	0.394	0.5287	0.8751
6160	0.6492	0.1419	0.2273	0.5528	0.6568	0.7588	0.9598
6180	0.616	0.1188	0.1603	0.5458	0.6196	0.697	0.8957
6200	0.7777	0.1026	0.1052	0.7307	0.798	0.8485	0.9619
6220	0.7001	0.08609	0.2299	0.6612	0.7185	0.7556	0.8914
6240	0.7998	0.09082	0.372	0.7417	0.8118	0.8699	0.9787
6260	0.8072	0.1254	0.2607	0.7443	0.8402	0.8998	0.9761
6280	0.751	0.09734	0.3816	0.6939	0.7564	0.8187	0.9659
6300	0.8581	0.08768	0.378	0.8168	0.8776	0.92	0.9911
6320	0.3136	0.1786	0.02178	0.1691	0.2766	0.4431	0.8901
6340	0.7453	0.07773	0.2633	0.7013	0.7438	0.7908	0.9528
6360	0.6765	0.08211	0.3282	0.6288	0.6795	0.7352	0.9367
6380	0.8205	0.08986	0.2739	0.7787	0.8393	0.8836	0.9722
6400	0.5565	0.1906	0.0734	0.4144	0.5642	0.7119	0.9385
6420	0.7283	0.1381	0.221	0.6536	0.76	0.8309	0.9596
6440	0.7796	0.1269	0.2248	0.715	0.8017	0.8741	0.9867
6460	0.8606	0.08655	0.3057	0.8287	0.8861	0.9167	0.9803
6480	0.54	0.1804	0.0362	0.4105	0.5719	0.6868	0.9216
6500	0.8065	0.1048	0.19	0.766	0.8325	0.8785	0.9784
6520	0.5301	0.06525	0.3178	0.4852	0.5305	0.5735	0.81
6540	0.5112	0.1464	0.1064	0.4162	0.5187	0.608	0.8898
6560	0.6451	0.1007	0.2385	0.5853	0.6568	0.7146	0.9122
6580	0.8069	0.1192	0.1944	0.7739	0.8408	0.8845	0.9625
6600	0.04618	0.05316	0.001174	0.01655	0.03138	0.05519	0.5795
6620	0.4602	0.1779	0.05483	0.3237	0.4659	0.6084	0.8409
6640	0.7568	0.07968	0.4372	0.7167	0.771	0.8128	0.9149
6660	0.5129	0.1204	0.1398	0.4362	0.5168	0.5945	0.7845
6680	0.528	0.0863	0.2582	0.4641	0.5286	0.5865	0.7997
6700	0.7894	0.09792	0.2748	0.7293	0.8031	0.8659	0.9806
6720	0.5481	0.07273	0.2727	0.4985	0.547	0.5956	0.8059
6740	0.6194	0.07904	0.3419	0.5624	0.6089	0.6692	0.8873
6760	0.6039	0.09372	0.3278	0.542	0.6101	0.6707	0.8368
6780	0.2549	0.2032	0.005058	0.09341	0.1951	0.3672	0.8988
6800	0.7061	0.09837	0.3029	0.6479	0.7069	0.7713	0.9623
6820	0.1558	0.1892	0.003322	0.02963	0.07803	0.1982	0.9431
6840	0.345	0.1366	0.08972	0.2643	0.3149	0.3871	0.879
6860	0.3632	0.1224	0.02949	0.2854	0.3654	0.4363	0.7947
6880	0.767	0.09653	0.2839	0.7167	0.7834	0.8382	0.9505
6900	0.7695	0.1529	0.08376	0.7141	0.8115	0.8752	0.9737
6920	0.5051	0.0848	0.267	0.4474	0.5009	0.5624	0.7815
6940	0.1194	0.09775	0.01043	0.05586	0.08956	0.1472	0.6857
6960	0.4225	0.1984	0.02239	0.2592	0.4235	0.5588	0.9642
6980	0.6456	0.1002	0.2809	0.586	0.6447	0.7102	0.9212
7000	0.7949	0.1226	0.1801	0.7358	0.8247	0.8868	0.9775
7020	0.3627	0.2312	0.001372	0.1423	0.3739	0.5578	0.9018
7040	0.6758	0.1433	0.2472	0.582	0.6831	0.784	0.971
7060	0.3774	0.1396	0.05656	0.2848	0.3648	0.4632	0.8964
7080	0.7986	0.09221	0.3715	0.7483	0.8159	0.8669	0.9731
7100	0.7586	0.08164	0.4095	0.7063	0.7622	0.8221	0.9298
7120	0.5792	0.1545	0.03629	0.5082	0.6266	0.6901	0.8172
7140	0.7905	0.09426	0.1612	0.7429	0.8097	0.8565	0.954
7160	0.6987	0.09251	0.1035	0.6641	0.7162	0.7569	0.9073
7180	0.4956	0.1404	0.0835	0.395	0.5069	0.6031	0.8846
7200	0.7156	0.08053	0.3793	0.6664	0.7226	0.7686	0.9558
7220	0.5939	0.1892	0.0804	0.4629	0.6299	0.7464	0.9233
7240	0.6459	0.1382	0.2386	0.555	0.6617	0.7531	0.942
7260	0.5542	0.1047	0.1406	0.4992	0.5692	0.6224	0.8727
7280	0.6781	0.1808	0.1304	0.5451	0.7175	0.8299	0.9576
7300	0.7075	0.1603	0.06665	0.6302	0.7476	0.8213	0.9547
7320	0.3298	0.07422	0.06085	0.2928	0.3301	0.3703	0.6073
7340	0.7728	0.0929	0.1621	0.7182	0.7865	0.8376	0.9455
7360	0.7151	0.1078	0.3373	0.6428	0.7297	0.7928	0.9349
7380	0.6237	0.1849	0.06888	0.5038	0.662	0.7703	0.9584
7400	0.705	0.05739	0.3949	0.6679	0.7087	0.7449	0.8491
7420	0.5852	0.1266	0.1528	0.5132	0.5963	0.6723	0.9142
7440	0.7794	0.07911	0.4217	0.7397	0.7836	0.8319	0.98
7460	0.2036	0.09388	0.03815	0.1321	0.1883	0.2639	0.5449
7480	0.6408	0.1588	0.1154	0.546	0.6797	0.7578	0.9157
7500	0.1096	0.09132	0.01264	0.0505	0.08021	0.136	0.6109
7520	0.706	0.09696	0.4775	0.6324	0.6967	0.7714	0.9497
7540	0.2796	0.09255	0.08213	0.2125	0.2725	0.3473	0.6206
7560	0.845	0.103	0.2408	0.8095	0.875	0.9132	0.9748
7580	0.3953	0.1029	0.1017	0.3256	0.3883	0.4687	0.6942
7600	0.7265	0.1533	0.1647	0.6181	0.7642	0.8459	0.97
7620	0.7151	0.1093	0.1765	0.6603	0.7335	0.7918	0.9193
7640	0.7129	0.1644	0.1545	0.6183	0.7504	0.8384	0.9649
7660	0.7952	0.1147	0.1748	0.7471	0.8193	0.8724	0.9601
7680	0.7234	0.1055	0.152	0.6795	0.7473	0.7937	0.9423
7700	0.6059	0.1204	0.2008	0.5358	0.6065	0.6901	0.9346
7720	0.7525	0.08166	0.3701	0.7077	0.7592	0.8109	0.9255
7740	0.6977	0.06969	0.4796	0.6522	0.7021	0.745	0.9421
7760	0.7993	0.1232	0.18	0.7562	0.8344	0.8846	0.9679
7780	0.636	0.1409	0.242	0.5348	0.6531	0.7451	0.9307
7800	0.4254	0.1318	0.09005	0.3367	0.4193	0.5094	0.8615
7820	0.5991	0.1557	0.04655	0.5031	0.6322	0.7105	0.9009
7840	0.2775	0.1551	0.02136	0.1559	0.244	0.3703	0.8047
7860	0.7823	0.1391	0.1487	0.7195	0.8179	0.8862	0.968
7880	0.5339	0.1297	0.1243	0.4424	0.5393	0.6291	0.8541
7900	0.8498	0.09163	0.3195	0.8157	0.8735	0.9097	0.9858
7920	0.8158	0.1309	0.2381	0.7473	0.8578	0.9141	0.9809
7940	0.6501	0.09661	0.2874	0.5858	0.6399	0.7079	0.9292
7960	0.6182	0.1751	0.08465	0.5038	0.6477	0.7629	0.9266
7980	0.759	0.08761	0.3287	0.7162	0.7688	0.8103	0.9674
8000	0.4837	0.1475	0.0793	0.3789	0.4891	0.5929	0.8865
8020	0.7516	0.05652	0.5083	0.7176	0.7572	0.7892	0.8978
8040	0.695	0.1014	0.2971	0.6254	0.6966	0.7693	0.9379
8060	0.6432	0.1155	0.2105	0.573	0.6629	0.7235	0.8882
8080	0.7107	0.07971	0.22	0.6617	0.7151	0.764	0.9408
8100	0.6844	0.09641	0.3626	0.6154	0.6803	0.7561	0.9265
8120	0.5284	0.156	0.04571	0.4369	0.5447	0.6305	0.9075
8140	0.7596	0.09109	0.3422	0.7076	0.7705	0.8226	0.9413
8160	0.7134	0.1173	0.2765	0.6506	0.7268	0.7995	0.9437
8180	0.5543	0.0516	0.4107	0.5213	0.5482	0.5848	0.8104
8200	0.7908	0.0946	0.2932	0.7448	0.8067	0.8565	0.9542
8220	0.7948	0.1013	0.3073	0.7411	0.8125	0.8679	0.967
8240	0.1861	0.1859	0.003906	0.04727	0.1171	0.2657	0.8729
8260	0.4841	0.1968	0.02803	0.3217	0.5172	0.6501	0.8723
8280	0.7655	0.0851	0.5004	0.7059	0.7695	0.8298	0.9537
8300	0.7699	0.08812	0.3788	0.7197	0.7762	0.828	0.9821
8320	0.8072	0.06992	0.2063	0.7754	0.8186	0.8545	0.9478
8340	0.6564	0.1098	0.3767	0.5768	0.6627	0.7391	0.9233
8360	0.6111	0.2227	0.04316	0.4469	0.6597	0.7918	0.9698
8380	0.5767	0.1166	0.1204	0.5102	0.5924	0.6528	0.8935
8400	0.5314	0.1374	0.05352	0.457	0.5529	0.6303	0.8478
8420	0.7176	0.08636	0.3539	0.6621	0.7163	0.7744	0.9738
8440	0.687	0.1076	0.1934	0.6163	0.7017	0.7681	0.8995
8460	0.3384	0.1754	0.01698	0.1989	0.3141	0.4449	0.9582
8480	0.8535	0.09141	0.3973	0.8205	0.8772	0.916	0.9897
8500	0.5398	0.08997	0.2673	0.4776	0.5352	0.5978	0.8831
8520	0.764	0.1447	0.244	0.6937	0.8058	0.875	0.9679
8540	0.6608	0.07648	0.2464	0.6083	0.6568	0.7096	0.9037
8560	0.4892	0.1763	0.03236	0.3657	0.5061	0.6347	0.8748
8580	0.6608	0.07923	0.2641	0.6138	0.6599	0.7124	0.866
8600	0.7653	0.07947	0.3305	0.7188	0.775	0.8218	0.9518
8620	0.8596	0.08283	0.2389	0.824	0.8741	0.9165	0.9862
8640	0.2869	0.1386	0.04126	0.1825	0.2593	0.3734	0.8885
8660	0.4686	0.1701	0.04684	0.3444	0.4794	0.5953	0.917
8680	0.7807	0.1232	0.2625	0.6988	0.8098	0.8794	0.9695
8700	0.6469	0.09136	0.428	0.5762	0.6432	0.7141	0.9016
8720	0.2745	0.1426	0.02858	0.1685	0.2494	0.3545	0.8254
8740	0.7142	0.08284	0.4181	0.661	0.7223	0.7689	0.9664
8760	0.3714	0.1926	0.01437	0.2061	0.3637	0.5317	0.8057
8780	0.743	0.1038	0.1103	0.6873	0.7557	0.8117	0.9638
8800	0.09769	0.05893	0.01551	0.05527	0.08226	0.1243	0.417
8820	0.5135	0.1439	0.1147	0.4193	0.5492	0.6256	0.8039
8840	0.7128	0.1513	0.1109	0.6283	0.755	0.8283	0.9398
8860	0.7637	0.1084	0.2868	0.707	0.783	0.8422	0.9685
8880	0.4549	0.1998	0.04545	0.3142	0.4145	0.6002	0.9242
8900	0.7258	0.08771	0.187	0.664	0.7245	0.7894	0.9406
8920	0.5754	0.1164	0.1614	0.5022	0.5851	0.6569	0.8839
8940	0.5912	0.1156	0.1014	0.5397	0.6068	0.6689	0.8645
8960	0.4798	0.135	0.124	0.3769	0.4868	0.5815	0.7996
8980	0.2966	0.1589	0.0175	0.1655	0.2701	0.4177	0.7336
9000	0.05851	0.07357	0.002375	0.0173	0.03413	0.0689	0.5922
9020	0.5122	0.1575	0.07014	0.4028	0.5159	0.6218	0.9412
9040	0.6515	0.09614	0.2785	0.5903	0.6531	0.7159	0.909
9060	0.5335	0.1375	0.08516	0.448	0.5503	0.6313	0.8577
9080	0.7191	0.08223	0.1771	0.675	0.7303	0.7737	0.9018
9100	0.7586	0.09201	0.3207	0.7049	0.7697	0.8247	0.9424
9120	0.7852	0.08253	0.306	0.7454	0.8026	0.8417	0.9435
9140	0.8245	0.1213	0.06405	0.7642	0.8566	0.9104	0.9854
9160	0.7136	0.1224	0.2295	0.6333	0.7334	0.8042	0.9424
9180	0.2528	0.1019	0.06825	0.1789	0.241	0.3075	0.7602
9200	0.2994	0.1121	0.05217	0.218	0.2845	0.3606	0.7822
9220	0.2363	0.1207	0.03477	0.1418	0.2151	0.3084	0.6567
9240	0.6489	0.1873	0.06827	0.5267	0.6599	0.7988	0.9803
9260	0.6121	0.09449	0.304	0.5543	0.6079	0.6707	0.9042
9280	0.6849	0.1442	0.1959	0.5935	0.692	0.7952	0.9763
9300	0.784	0.06408	0.5342	0.7456	0.7858	0.827	0.965
9320	0.4363	0.1738	0.04957	0.3097	0.4401	0.5697	0.9262
9340	0.125	0.09514	0.004208	0.0508	0.09665	0.1765	0.5496
9360	0.8268	0.1095	0.2473	0.786	0.8531	0.9035	0.9841
9380	0.6527	0.0801	0.1797	0.6083	0.6644	0.7074	0.8737
9400	0.6586	0.08057	0.3259	0.6069	0.655	0.7094	0.9313
9420	0.7158	0.0955	0.3479	0.6587	0.7201	0.7876	0.9686
9440	0.1945	0.1486	0.01351	0.08524	0.1512	0.2662	0.7906
9460	0.7411	0.1246	0.1288	0.6851	0.7675	0.8271	0.9611
9480	0.6901	0.09454	0.3542	0.6301	0.6927	0.7524	0.933
9500	0.6273	0.1751	0.2242	0.4805	0.6326	0.7804	0.9735
9520	0.5014	0.1747	0.07913	0.3643	0.5104	0.6453	0.8517
9540	0.6158	0.1269	0.2428	0.524	0.6209	0.7149	0.9457
9560	0.4594	0.233	0.009387	0.2632	0.4581	0.6638	0.9096
9580	0.6755	0.1466	0.2047	0.5984	0.7057	0.7807	0.9323
9600	0.2779	0.1334	0.02406	0.1758	0.2658	0.3673	0.7708
9620	0.6441	0.1562	0.06049	0.5707	0.6856	0.7594	0.9007
9640	0.7497	0.1241	0.1534	0.6927	0.7758	0.8343	0.9644
9660	0.2619	0.1589	0.02008	0.1286	0.2367	0.3749	0.7252
9680	0.4185	0.1488	0.07376	0.3115	0.4177	0.5253	0.9442
9700	0.559	0.1682	0.09374	0.4458	0.5744	0.6928	0.9217
9720	0.8115	0.1521	0.1054	0.7609	0.8606	0.9174	0.9855
9740	0.6822	0.09235	0.4126	0.6185	0.68	0.7417	0.9482
9760	0.6756	0.1607	0.1613	0.5711	0.6968	0.8009	0.9497
9780	0.6063	0.0905	0.2828	0.5531	0.5996	0.658	0.8886
9800	0.02082	0.03041	0.001194	0.006071	0.01164	0.0224	0.3269
9820	0.739	0.1495	0.2233	0.6481	0.7695	0.8596	0.9718
9840	0.5172	0.08148	0.3431	0.4559	0.5084	0.5685	0.8556
9860	0.8325	0.07896	0.2601	0.803	0.8525	0.8829	0.964
9880	0.6972	0.1326	0.1432	0.623	0.7213	0.7919	0.9577
9900	0.6945	0.148	0.1555	0.609	0.7259	0.8111	0.9575
9920	0.619	0.07817	0.2776	0.5705	0.6138	0.6676	0.8827
9940	0.6931	0.1012	0.2232	0.646	0.7138	0.7614	0.9175
9960	0.1018	0.08681	0.006588	0.04245	0.07642	0.1308	0.5733
9980	0.2284	0.1811	0.008987	0.08494	0.1718	0.3371	0.7333
