idx	mean	std	min	25 percentile	50 percentile	75 percentile	max
0	0.06532	0.09093	0.0005924	0.01265	0.02751	0.0756	0.6307
20	0.2069	0.151	0.005604	0.08171	0.1633	0.3178	0.7777
40	0.01474	0.02578	9.857e-05	0.003055	0.006807	0.01568	0.2652
60	0.006831	0.006497	0.0007836	0.003325	0.005052	0.008244	0.089
80	0.005182	0.018	9.907e-06	0.0006141	0.001398	0.003542	0.2255
100	0.2932	0.1379	0.01088	0.1751	0.3016	0.4015	0.5815
120	0.1614	0.1231	0.001374	0.05759	0.1281	0.2468	0.5106
140	0.1416	0.126	0.005052	0.0513	0.09614	0.1889	0.7326
160	0.1258	0.07563	0.01722	0.07396	0.1082	0.158	0.5542
180	0.09714	0.04831	0.02511	0.06315	0.08629	0.1204	0.4181
200	0.06568	0.06483	0.002942	0.02453	0.04532	0.0853	0.4847
220	0.2357	0.1148	0.02051	0.1377	0.2247	0.3282	0.5607
240	5.585e-06	1.091e-05	2.262e-07	1.508e-06	2.776e-06	5.896e-06	0.0001398
260	0.1472	0.1655	0.0008348	0.02635	0.07834	0.216	0.7529
280	0.1156	0.1196	0.0003059	0.0247	0.06528	0.1674	0.5268
300	0.01323	0.01252	0.0005038	0.005287	0.009397	0.01743	0.1535
320	0.179	0.08732	0.02945	0.1089	0.1607	0.2381	0.4244
340	0.2946	0.1861	0.001873	0.127	0.2922	0.4461	0.7468
360	0.00502	0.02117	8.661e-06	0.0001747	0.0005572	0.002056	0.3479
380	0.03391	0.0507	0.001144	0.009778	0.01648	0.03409	0.5515
400	0.0001911	0.001065	1.358e-06	1.714e-05	4.157e-05	0.0001064	0.0267
420	0.01466	0.01599	0.000246	0.005503	0.0103	0.01786	0.2343
440	8.669e-05	0.0004898	4.239e-07	7.86e-06	1.785e-05	4.781e-05	0.01244
460	0.008185	0.009158	0.0006603	0.003669	0.005723	0.009628	0.142
480	0.1866	0.1116	0.0004641	0.08532	0.1891	0.2833	0.4909
500	0.291	0.1544	0.004722	0.1568	0.2992	0.4116	0.73
520	0.04417	0.04061	0.001084	0.01709	0.03271	0.05443	0.2734
540	0.0004309	0.004995	4.293e-08	7.506e-06	2.884e-05	0.0001297	0.1537
560	0.003994	0.003577	0.0001256	0.001647	0.002858	0.005173	0.02771
580	0.02603	0.03445	0.0008077	0.008484	0.01596	0.03064	0.4087
600	0.3194	0.1405	0.01714	0.2156	0.3311	0.4197	0.6804
620	0.003822	0.008191	2.379e-05	0.0006215	0.001441	0.003686	0.09514
640	0.2487	0.07551	0.07082	0.1952	0.2396	0.2901	0.6309
660	0.002889	0.006276	8.335e-06	0.0003475	0.001052	0.002727	0.1043
680	0.5737	0.1736	0.03501	0.4545	0.5905	0.7039	0.9118
700	0.0006626	0.001014	1.079e-05	0.0001607	0.0003428	0.0007558	0.01626
720	0.1414	0.1724	6.451e-05	0.01212	0.05746	0.2349	0.757
740	0.2465	0.1352	0.01892	0.1369	0.2237	0.3494	0.6823
760	0.1281	0.1162	0.003912	0.04304	0.08708	0.1781	0.5834
780	0.001038	0.004054	2.65e-06	6.995e-05	0.0002305	0.0006145	0.05977
800	0.000145	0.0001768	1.158e-06	5.057e-05	9.241e-05	0.000176	0.002159
820	0.3551	0.187	0.005727	0.1928	0.3668	0.5087	0.7826
840	0.0005286	0.0005042	2.139e-05	0.0002299	0.0003788	0.0006533	0.005742
860	0.1463	0.07608	0.01001	0.09187	0.131	0.1845	0.5506
880	0.0008484	0.001294	2.578e-05	0.0002576	0.0004988	0.0009142	0.0201
900	0.2187	0.1585	0.01326	0.0928	0.1696	0.3134	0.7362
920	0.252	0.1433	0.001782	0.1248	0.2595	0.3619	0.5942
940	0.002462	0.006597	1.385e-05	0.0003754	0.0008984	0.002173	0.1128
960	0.0599	0.0821	0.0004493	0.01222	0.02869	0.07144	0.6164
980	0.2622	0.1438	0.002034	0.1383	0.2741	0.3747	0.558
1000	0.01837	0.01989	0.001173	0.008115	0.01301	0.02209	0.2809
1020	9.003e-05	0.0009026	5.901e-08	2.419e-06	7.643e-06	2.758e-05	0.02612
1040	0.4615	0.08587	0.1461	0.4182	0.4777	0.5189	0.6358
1060	6.129e-05	9.774e-05	1.448e-06	1.399e-05	2.866e-05	6.4e-05	0.0009526
1080	0.2881	0.1142	0.02588	0.2008	0.2949	0.3751	0.5687
1100	0.1586	0.1288	0.003001	0.05586	0.1163	0.2413	0.7425
1120	0.1747	0.1242	0.0008953	0.06168	0.1536	0.286	0.5162
1140	0.07754	0.1088	0.002104	0.01834	0.03664	0.08354	0.6528
1160	0.0332	0.06863	1.861e-05	0.00128	0.005852	0.02547	0.4828
1180	0.1172	0.09987	0.001151	0.03725	0.08613	0.1744	0.4737
1200	0.246	0.1685	0.003182	0.1004	0.2133	0.372	0.7229
1220	0.5162	0.1518	0.04358	0.43	0.5391	0.6284	0.883
1240	0.1651	0.1161	0.0002825	0.05395	0.1557	0.2774	0.4635
1260	0.04672	0.0871	7.632e-07	4.946e-05	0.0007281	0.04146	0.3012
1280	0.1258	0.1041	0.007565	0.04542	0.08884	0.1833	0.4813
1300	0.3629	0.1579	0.07178	0.2343	0.3454	0.4703	0.8001
1320	0.005419	0.02719	1.168e-05	0.0003554	0.0008666	0.002276	0.4736
1340	0.003404	0.002535	0.0004869	0.001834	0.002658	0.004159	0.02647
1360	0.01699	0.02828	5.04e-05	0.002657	0.007117	0.01918	0.288
1380	0.2564	0.1774	0.008209	0.09814	0.2131	0.4035	0.7257
1400	0.4194	0.08139	0.08719	0.378	0.4282	0.4705	0.6357
1420	0.1564	0.1363	0.0005154	0.03636	0.1058	0.2755	0.5387
1440	0.2295	0.1418	0.01006	0.106	0.2099	0.3347	0.6766
1460	0.01052	0.01138	0.0005139	0.003956	0.007469	0.01344	0.1564
1480	0.1484	0.1259	0.001901	0.05165	0.1113	0.2131	0.6703
1500	0.0001019	0.0006406	3.219e-07	6.254e-06	1.678e-05	5.425e-05	0.01776
1520	0.00105	0.001726	7.202e-06	0.0002435	0.0005032	0.001135	0.01851
1540	0.000118	0.0002086	1.555e-06	2.408e-05	5.399e-05	0.0001224	0.003483
1560	3.361e-05	2.481e-05	3.206e-06	1.727e-05	2.642e-05	4.228e-05	0.0002308
1580	0.46	0.2464	0.002014	0.2377	0.4997	0.6729	0.883
1600	0.4325	0.1806	0.01419	0.3032	0.4499	0.5725	0.8765
1620	0.4002	0.1655	0.02744	0.2743	0.3973	0.524	0.8439
1640	0.3805	0.1548	0.03244	0.2623	0.3927	0.4937	0.7509
1660	0.02441	0.02628	0.001917	0.01114	0.0174	0.02887	0.355
1680	0.1873	0.09423	0.0127	0.1128	0.1769	0.2422	0.485
1700	0.1582	0.1509	0.0003495	0.02808	0.09996	0.2719	0.7068
1720	0.2228	0.1252	0.01395	0.113	0.21	0.3378	0.5848
1740	0.08885	0.1009	0.0001037	0.01267	0.04287	0.1347	0.3908
1760	0.01049	0.0391	6.843e-06	0.000316	0.001013	0.004163	0.4433
1780	0.08	0.07996	0.002286	0.0245	0.05225	0.1083	0.5529
1800	0.2065	0.1714	0.0002895	0.054	0.1698	0.335	0.7402
1820	0.2044	0.1464	0.00462	0.08319	0.1677	0.2953	0.7056
1840	0.3731	0.1775	0.01049	0.2331	0.3882	0.5098	0.8439
1860	0.0005943	0.001013	1.671e-05	0.000174	0.0003471	0.0006425	0.02098
1880	0.0003052	0.0004551	1.38e-05	0.0001057	0.000176	0.0003191	0.007666
1900	6.898e-06	8.042e-06	3.949e-07	2.8e-06	4.731e-06	8.322e-06	0.000108
1920	0.0007045	0.009622	2.101e-07	1.365e-05	5.585e-05	0.0001938	0.2993
1940	0.04976	0.03643	0.00382	0.02434	0.03991	0.06296	0.3071
1960	0.2048	0.1152	0.005172	0.1039	0.2032	0.3066	0.4859
1980	6.718e-07	8.898e-07	1.821e-08	2.118e-07	3.923e-07	7.859e-07	1.451e-05
2000	0.04738	0.08064	4.833e-06	0.002632	0.01107	0.0482	0.4896
2020	0.0008726	0.002083	1.133e-05	0.0001798	0.0003761	0.0008267	0.03901
2040	9.16e-05	0.0001212	3.291e-06	2.985e-05	5.609e-05	0.0001047	0.001524
2060	0.2617	0.1031	0.06291	0.1797	0.2482	0.3386	0.5533
2080	0.01936	0.05394	4.26e-06	0.0001017	0.0005411	0.004276	0.3663
2100	0.02119	0.05399	6.358e-06	0.0004091	0.001716	0.01126	0.3316
2120	0.3684	0.2191	0.002324	0.1677	0.3626	0.5499	0.8672
2140	1.202e-06	2.027e-06	2.147e-08	2.54e-07	5.897e-07	1.316e-06	3.567e-05
2160	0.009882	0.03992	2.709e-07	1.379e-05	7.276e-05	0.000751	0.3023
2180	0.2271	0.0694	0.05076	0.1791	0.2213	0.272	0.4754
2200	0.3911	0.05157	0.1649	0.3578	0.3875	0.4239	0.5684
2220	3.387e-06	9.034e-06	5.626e-08	6.644e-07	1.368e-06	3.2e-06	0.0001642
2240	0.002211	0.009073	2.207e-06	9.831e-05	0.0003231	0.001097	0.1439
2260	0.04413	0.05627	0.001129	0.012	0.02484	0.05028	0.402
2280	0.583	0.1476	0.1033	0.5029	0.6117	0.6936	0.8236
2300	0.6366	0.1801	0.02826	0.523	0.6782	0.7768	0.9582
2320	0.4374	0.1446	0.03545	0.3459	0.4635	0.5487	0.7096
2340	8.35e-05	8.687e-05	3.387e-06	3.352e-05	5.75e-05	0.0001029	0.0009444
2360	0.04619	0.0672	8.48e-05	0.006859	0.02015	0.04861	0.4372
2380	0.000996	0.001691	2.376e-05	0.0002624	0.000518	0.001002	0.02041
2400	0.04173	0.01516	0.01204	0.0311	0.03872	0.04919	0.1211
2420	0.5946	0.1781	0.03205	0.4776	0.6291	0.7345	0.9111
2440	0.01057	0.01783	0.0001757	0.002523	0.005037	0.01076	0.2301
2460	0.1693	0.1732	0.002407	0.04062	0.101	0.246	0.8067
2480	0.001218	0.003736	4.043e-06	9.33e-05	0.0002552	0.0007997	0.04995
2500	0.2798	0.1398	0.005668	0.165	0.3008	0.3941	0.5588
2520	0.1686	0.135	0.004227	0.06553	0.1257	0.2407	0.6754
2540	0.4001	0.1674	0.008298	0.2808	0.4212	0.5395	0.7102
2560	0.01526	0.0553	1.133e-05	0.0005126	0.001497	0.006201	0.5485
2580	0.02584	0.0428	0.0009729	0.006613	0.01259	0.02662	0.384
2600	0.0017	0.01514	1.443e-06	4.816e-05	0.0001465	0.0005043	0.3491
2620	0.01128	0.05809	6.045e-06	9.757e-05	0.0002527	0.001131	0.6786
2640	0.003921	0.005468	7.486e-05	0.001116	0.002173	0.004401	0.05385
2660	0.4431	0.08471	0.1214	0.3999	0.4556	0.5003	0.6467
2680	0.01422	0.007659	0.001781	0.008396	0.01286	0.01824	0.05325
2700	0.1644	0.1068	0.001518	0.06571	0.1622	0.2638	0.5705
2720	0.2014	0.1542	0.005673	0.07816	0.1562	0.2932	0.7873
2740	0.3586	0.1956	0.01973	0.1977	0.3301	0.4876	0.8771
2760	0.04576	0.08701	5.278e-05	0.003047	0.00981	0.04107	0.5456
2780	0.0111	0.009665	0.0001858	0.00445	0.008036	0.01457	0.07819
2800	0.07363	0.1165	0.0001507	0.006535	0.02177	0.07741	0.6621
2820	0.009057	0.007647	0.0005529	0.003964	0.006786	0.01188	0.06076
2840	0.1259	0.03027	0.05399	0.1043	0.123	0.1442	0.2754
2860	0.3473	0.1651	0.01029	0.2194	0.3494	0.4629	0.777
2880	0.1397	0.06732	0.01865	0.08939	0.1278	0.1775	0.4476
2900	0.4057	0.1397	0.03521	0.3012	0.42	0.5252	0.6772
2920	0.1694	0.1464	0.002757	0.05734	0.1202	0.2468	0.732
2940	0.513	0.1144	0.1338	0.4273	0.525	0.5997	0.8215
2960	0.2752	0.1554	0.001577	0.1436	0.2862	0.3843	0.7967
2980	0.000975	0.009768	1.743e-06	3.145e-05	7.687e-05	0.0002109	0.2154
3000	0.2629	0.0906	0.06562	0.1959	0.2546	0.3206	0.5962
3020	0.0005649	0.00385	2.135e-07	1.693e-05	5.164e-05	0.0001853	0.08445
3040	2.573e-05	5.509e-05	3.507e-07	5.082e-06	1.078e-05	2.446e-05	0.001058
3060	0.01049	0.01396	0.0001177	0.002947	0.006171	0.01252	0.1764
3080	0.01266	0.03856	1.046e-05	0.0006016	0.001945	0.007276	0.555
3100	0.08611	0.03632	0.01862	0.06198	0.08019	0.1035	0.2974
3120	0.3875	0.156	0.01195	0.2661	0.4042	0.5131	0.7131
3140	0.005094	0.01822	6.306e-05	0.0007065	0.001478	0.003576	0.2724
3160	0.1132	0.1295	4.214e-05	0.01474	0.05399	0.1759	0.6229
3180	0.3823	0.2174	0.0174	0.1979	0.3719	0.5632	0.917
3200	0.03206	0.03367	0.0009099	0.01198	0.02173	0.04038	0.493
3220	0.3503	0.196	0.01236	0.1791	0.3482	0.515	0.8533
3240	0.5125	0.1804	0.02424	0.3982	0.5361	0.6506	0.8856
3260	0.0006989	0.001027	3.184e-06	0.0001409	0.0003243	0.0007925	0.008393
3280	0.2349	0.1076	0.02037	0.1419	0.2457	0.333	0.4696
3300	0.1263	0.1383	0.0002331	0.01189	0.05881	0.2257	0.6536
3320	0.4473	0.1497	0.004595	0.3621	0.4818	0.5558	0.7224
3340	0.008574	0.01492	0.0005919	0.003526	0.005406	0.00875	0.2955
3360	0.1042	0.1315	0.0003205	0.01386	0.0463	0.1423	0.6552
3380	1.787e-05	2.542e-05	3.97e-07	4.991e-06	1.007e-05	2.06e-05	0.0003504
3400	0.5572	0.1413	0.117	0.4723	0.5827	0.6633	0.8278
3420	0.2965	0.1376	0.05349	0.192	0.2721	0.376	0.7511
3440	0.2598	0.1239	0.03849	0.1652	0.2378	0.3349	0.7414
3460	0.0001459	0.000833	1.151e-06	1.743e-05	3.298e-05	7.222e-05	0.02101
3480	0.007449	0.00686	0.0003149	0.003114	0.005345	0.009546	0.06475
3500	0.08892	0.09736	0.0004772	0.0139	0.0454	0.1421	0.4163
3520	5.358e-05	6.337e-05	1.773e-06	1.856e-05	3.407e-05	6.335e-05	0.0007305
3540	0.03196	0.03519	0.001919	0.01248	0.02155	0.03697	0.4403
3560	0.2557	0.1579	0.0002808	0.1205	0.2588	0.3664	0.6577
3580	0.161	0.1284	0.001975	0.05093	0.1295	0.2539	0.6732
3600	0.4121	0.1532	0.01516	0.3094	0.4399	0.5321	0.7326
3620	0.2355	0.2039	0.002836	0.06275	0.163	0.375	0.78
3640	0.4431	0.135	0.04039	0.3727	0.4759	0.5468	0.6524
3660	0.0002255	0.001132	2.879e-06	3.521e-05	7.57e-05	0.0001587	0.02275
3680	0.5528	0.1548	0.03599	0.4638	0.5869	0.6699	0.8249
3700	0.003585	0.002346	0.0005379	0.001923	0.002893	0.004563	0.01686
3720	0.001424	0.001944	2.215e-05	0.00038	0.0007924	0.001628	0.01839
3740	0.0218	0.0173	0.001674	0.01064	0.01722	0.02722	0.1697
3760	0.0009332	0.0008571	1.872e-05	0.0003705	0.0006761	0.001202	0.007637
3780	0.2659	0.1346	0.0215	0.1538	0.2434	0.3594	0.6971
3800	0.006186	0.02107	7.843e-06	0.0004163	0.001139	0.004373	0.3053
3820	0.2392	0.1493	0.01699	0.1191	0.2056	0.3441	0.7714
3840	0.5489	0.1169	0.1398	0.4826	0.571	0.6378	0.7565
3860	0.0003611	0.0003589	1.405e-05	0.0001318	0.0002545	0.0004629	0.003514
3880	0.2209	0.1827	0.004874	0.07703	0.1534	0.3303	0.7349
3900	0.2486	0.08943	0.02285	0.181	0.2707	0.3242	0.4303
3920	0.2274	0.1837	0.005617	0.0809	0.1664	0.3371	0.8398
3940	0.3729	0.1565	0.02121	0.2518	0.3896	0.4978	0.7386
3960	0.08109	0.09462	8.929e-05	0.01445	0.04183	0.1167	0.5097
3980	0.4069	0.2101	0.01331	0.2316	0.4089	0.5777	0.8745
4000	0.4341	0.1993	0.002943	0.2908	0.4509	0.593	0.8393
4020	0.02693	0.02677	0.001089	0.01032	0.01921	0.03304	0.2626
4040	0.0005382	0.0004148	5.726e-05	0.0002695	0.000429	0.0006839	0.005002
4060	0.03295	0.05265	0.0006324	0.006929	0.01524	0.03416	0.4929
4080	9.869e-06	2.987e-05	5.643e-08	9.23e-07	2.422e-06	6.408e-06	0.0004991
4100	0.003855	0.002439	0.0005052	0.002305	0.003324	0.004672	0.02246
4120	0.0003173	0.0003728	3.002e-05	0.0001344	0.0002186	0.0003762	0.007414
4140	0.2685	0.1416	0.007696	0.1481	0.2725	0.3916	0.5454
4160	0.02045	0.04372	5.29e-05	0.002597	0.006898	0.01816	0.5641
4180	0.02791	0.06631	6.762e-06	0.0002767	0.001528	0.0132	0.3278
4200	0.1049	0.102	0.004216	0.0357	0.06689	0.1317	0.5439
4220	0.2067	0.1397	0.01327	0.09186	0.1677	0.2976	0.6058
4240	0.3142	0.1736	0.00103	0.1602	0.3415	0.4525	0.6792
4260	0.0009749	0.003785	1.19e-05	0.0001493	0.0003408	0.0007683	0.08532
4280	0.3108	0.1501	0.00656	0.1824	0.3275	0.4354	0.6649
4300	0.04714	0.05715	0.001077	0.01235	0.02703	0.05612	0.4546
4320	0.119	0.1498	1.838e-05	0.0053	0.04422	0.1868	0.6198
4340	0.0003201	0.0006539	1.176e-05	9.667e-05	0.0001846	0.000345	0.01557
4360	0.198	0.1245	0.01071	0.09889	0.1733	0.2741	0.6273
4380	0.03452	0.04792	0.0003537	0.008266	0.01851	0.03818	0.3521
4400	0.5687	0.1516	0.06714	0.4885	0.6001	0.6747	0.9176
4420	0.2379	0.1152	0.006235	0.1466	0.2527	0.3211	0.5961
4440	0.101	0.129	3.549e-05	0.01209	0.04216	0.1326	0.5847
4460	0.001058	0.005269	1.788e-06	6.551e-05	0.0001784	0.0005174	0.09596
4480	0.0002176	0.0005221	7.627e-07	4.535e-05	9.739e-05	0.0002291	0.01212
4500	0.1706	0.09911	0.005263	0.07873	0.1604	0.2674	0.3565
4520	0.3671	0.1314	0.04155	0.2701	0.3791	0.4609	0.7168
4540	0.01428	0.02407	0.0001799	0.003039	0.006201	0.01429	0.2334
4560	9.628e-05	0.0006109	3.485e-07	7.611e-06	2.076e-05	5.787e-05	0.01742
4580	0.09629	0.1128	0.0003402	0.01195	0.04058	0.1491	0.6038
4600	0.01159	0.01192	0.001102	0.004709	0.008134	0.01395	0.1351
4620	0.09423	0.09525	0.0002011	0.01728	0.05822	0.1474	0.4422
4640	0.008317	0.02138	1.895e-05	0.0008853	0.002268	0.007008	0.3328
4660	0.2148	0.1664	0.0009551	0.06898	0.184	0.3402	0.6945
4680	0.0005444	0.001312	1.653e-05	0.0001167	0.0002498	0.0005278	0.02757
4700	0.3831	0.1664	0.01977	0.2587	0.3975	0.5061	0.8185
4720	0.2101	0.08254	0.006306	0.1488	0.2323	0.2845	0.3105
4740	0.4775	0.1244	0.03416	0.3914	0.4974	0.5779	0.7251
4760	0.1129	0.1101	0.001408	0.03146	0.06924	0.1668	0.5581
4780	0.01989	0.04834	0.0002134	0.00227	0.004909	0.01365	0.4116
4800	2.678e-05	4.39e-05	3.474e-07	6.445e-06	1.441e-05	2.897e-05	0.0006447
4820	0.1689	0.1484	0.00412	0.04793	0.1137	0.2615	0.6021
4840	0.009311	0.01175	0.0003431	0.002729	0.005069	0.01093	0.09906
4860	0.04727	0.04017	0.004033	0.02065	0.03592	0.05847	0.3165
4880	0.04594	0.07634	2.486e-05	0.00275	0.01145	0.04856	0.4994
4900	0.159	0.1123	0.01085	0.07391	0.1287	0.2077	0.722
4920	0.0009219	0.003561	3.073e-05	0.0003075	0.000544	0.0009853	0.1104
4940	0.0224	0.03373	0.0006457	0.006042	0.0123	0.02431	0.3103
4960	0.1177	0.1242	0.0002035	0.01735	0.06395	0.1968	0.5366
4980	0.2174	0.1261	0.005547	0.1089	0.2114	0.3085	0.5924
5000	0.00863	0.007157	0.0005214	0.003968	0.006472	0.01122	0.06892
5020	0.0002722	0.0004509	2.475e-06	5.596e-05	0.0001316	0.0002691	0.005569
5040	0.2194	0.1542	0.01546	0.09676	0.1736	0.3126	0.7762
5060	0.2775	0.1766	0.01291	0.1261	0.2471	0.4008	0.7701
5080	0.1974	0.1205	0.004326	0.08588	0.1904	0.3015	0.4831
5100	0.005633	0.003758	0.0007365	0.003298	0.004676	0.006859	0.03355
5120	0.02428	0.05806	1.106e-05	0.0008721	0.003404	0.0171	0.4616
5140	0.006048	0.01809	8.011e-05	0.000993	0.002157	0.00457	0.3142
5160	1.703e-05	8.417e-05	5.616e-08	1.095e-06	2.934e-06	8.85e-06	0.0018
5180	0.2898	0.1986	0.003873	0.1129	0.2634	0.4416	0.8547
5200	0.06712	0.06582	0.004564	0.02524	0.04401	0.08208	0.3653
5220	0.1064	0.1007	0.001829	0.03969	0.07478	0.1375	0.7168
5240	0.0563	0.07991	2.565e-05	0.004177	0.01773	0.07145	0.3067
5260	0.03907	0.02455	0.003196	0.02134	0.03293	0.05089	0.2015
5280	0.6322	0.1408	0.09536	0.5606	0.6592	0.7398	0.8831
5300	0.003002	0.01053	1.357e-05	0.0003326	0.0008436	0.002179	0.1849
5320	0.1004	0.1012	0.0007171	0.01867	0.06007	0.1522	0.4245
5340	0.382	0.09877	0.04744	0.3257	0.4003	0.4494	0.6067
5360	0.001268	0.003123	1.677e-05	0.0002528	0.0005254	0.001284	0.06171
5380	0.1331	0.0971	0.001203	0.04445	0.11	0.2194	0.3082
5400	0.0004812	0.001164	7.86e-06	0.0001211	0.0002396	0.0004723	0.02214
5420	0.01348	0.03745	0.0001074	0.001372	0.002889	0.007468	0.3068
5440	2.343e-05	3.924e-05	4.609e-07	6.454e-06	1.255e-05	2.586e-05	0.0006349
5460	0.0967	0.04661	0.02346	0.06308	0.08541	0.1207	0.3338
5480	0.00263	0.01227	7.24e-06	0.0001892	0.0005384	0.001557	0.2076
5500	0.03707	0.06568	0.0001103	0.003982	0.01253	0.03776	0.5134
5520	0.04857	0.0925	0.0001243	0.002927	0.01044	0.04314	0.5534
5540	0.5082	0.1555	0.04363	0.4131	0.5361	0.6237	0.8639
5560	0.3373	0.1161	0.01209	0.2629	0.3584	0.4199	0.5776
5580	0.2778	0.1506	0.009737	0.1474	0.2682	0.3933	0.6596
5600	0.673	0.1781	0.06631	0.5818	0.7213	0.8077	0.959
5620	0.4376	0.1335	0.01237	0.3591	0.468	0.5424	0.7029
5640	0.2868	0.1385	0.009085	0.1762	0.2808	0.3985	0.6001
5660	0.2494	0.1822	0.0003447	0.06876	0.231	0.4113	0.7166
5680	0.4429	0.145	0.05809	0.3485	0.4666	0.5512	0.7429
5700	0.3871	0.0837	0.09367	0.3376	0.382	0.433	0.7194
5720	8.207e-05	0.0001904	1.67e-07	9.177e-06	2.615e-05	6.737e-05	0.002504
5740	0.3066	0.2014	0.006234	0.1139	0.2953	0.4934	0.711
5760	0.161	0.1681	0.0006361	0.02712	0.08549	0.2656	0.7223
5780	1.939e-05	6.826e-05	3.517e-07	4.405e-06	8.701e-06	1.771e-05	0.001624
5800	0.00306	0.01325	2.925e-07	4.496e-05	0.0001993	0.001143	0.2286
5820	0.1735	0.146	0.002069	0.05834	0.1253	0.2537	0.6917
5840	0.452	0.1446	0.00983	0.3689	0.477	0.5616	0.7458
5860	0.02389	0.05615	1.944e-05	0.0008992	0.003598	0.0154	0.3745
5880	0.001625	0.001411	7.004e-05	0.0007279	0.001241	0.002045	0.01332
5900	0.4427	0.1993	0.001573	0.2907	0.4911	0.6065	0.8128
5920	6.842e-06	7.983e-06	3.984e-07	2.44e-06	4.433e-06	7.993e-06	7.794e-05
5940	0.198	0.1777	0.0005906	0.043	0.1354	0.3333	0.7331
5960	0.1329	0.1445	0.0008753	0.02947	0.07152	0.1792	0.6645
5980	0.001121	0.00181	1.076e-05	0.0002429	0.0005879	0.001231	0.02419
6000	0.1019	0.1358	0.000175	0.009894	0.04078	0.1385	0.7461
6020	0.002319	0.003929	6.962e-05	0.0006603	0.001256	0.002479	0.05975
6040	0.06208	0.08921	0.0002566	0.01114	0.02825	0.07091	0.76
6060	0.2741	0.1698	0.001527	0.1249	0.2712	0.407	0.7375
6080	0.005054	0.02658	1.585e-06	7.682e-05	0.0002316	0.0008969	0.2923
6100	0.002921	0.005488	2.359e-05	0.0005492	0.001225	0.002885	0.0761
6120	0.03678	0.02034	0.005157	0.02206	0.03222	0.04613	0.2038
6140	5.933e-06	7.556e-06	2.22e-07	1.784e-06	3.68e-06	7.269e-06	9.087e-05
6160	0.05369	0.0891	0.0003116	0.005923	0.01918	0.05569	0.6238
6180	0.2326	0.1736	0.005209	0.08421	0.1875	0.3547	0.6807
6200	0.1194	0.1138	0.005344	0.03688	0.07452	0.1669	0.5532
6220	0.2983	0.1761	0.002504	0.1483	0.2984	0.4404	0.6838
6240	0.1687	0.1304	0.002352	0.056	0.1329	0.2603	0.5568
6260	0.3523	0.2307	0.001953	0.1391	0.3532	0.5566	0.8089
6280	0.3891	0.1972	0.007065	0.2332	0.3919	0.5469	0.801
6300	0.005486	0.009512	8.613e-05	0.001255	0.002654	0.00615	0.1097
6320	0.01021	0.011	0.0003271	0.003961	0.006837	0.01247	0.134
6340	0.1888	0.151	0.01348	0.0693	0.1361	0.2693	0.6447
6360	0.1663	0.1768	2.779e-05	0.01934	0.08629	0.2945	0.7119
6380	0.4962	0.1374	0.03382	0.4297	0.5246	0.5954	0.7631
6400	0.1077	0.1227	0.000321	0.01363	0.04768	0.1801	0.5354
6420	0.0003594	0.001627	3.06e-07	2.011e-05	5.859e-05	0.0002004	0.03523
6440	0.6268	0.2035	0.04629	0.5016	0.6733	0.7849	0.9482
6460	0.217	0.1453	0.006753	0.09598	0.1867	0.3225	0.6543
6480	0.08348	0.08403	0.002039	0.02717	0.05401	0.112	0.5957
6500	0.4813	0.217	0.005439	0.3185	0.5118	0.662	0.874
6520	0.1564	0.1124	0.004402	0.06246	0.1277	0.2378	0.5136
6540	0.003735	0.006171	5.408e-05	0.0009024	0.001972	0.00432	0.1261
6560	0.05981	0.09392	0.0007636	0.01102	0.02461	0.06165	0.628
6580	0.3929	0.1714	0.006437	0.2633	0.4175	0.5234	0.77
6600	0.0006452	0.0006479	2.918e-05	0.0002863	0.0004751	0.0007817	0.008467
6620	5.881e-05	0.0002321	5.824e-07	7.872e-06	1.717e-05	4.051e-05	0.004111
6640	0.0346	0.03199	0.003415	0.01591	0.02538	0.04159	0.2669
6660	0.0007732	0.002058	7.638e-06	0.0001871	0.0003639	0.0007912	0.0478
6680	0.4267	0.1371	0.03667	0.3332	0.45	0.5322	0.7467
6700	0.005767	0.006636	0.0001937	0.002211	0.003848	0.006596	0.07108
6720	0.2142	0.1674	0.002884	0.07069	0.1719	0.3387	0.7185
6740	0.08881	0.08819	0.003975	0.03252	0.05839	0.1091	0.5491
6760	0.02797	0.03389	0.002012	0.01036	0.01785	0.03232	0.3288
6780	0.003232	0.003579	9.76e-05	0.001207	0.002269	0.003966	0.03658
6800	0.2037	0.114	0.002176	0.09946	0.212	0.3004	0.5224
6820	3.509e-05	5.22e-05	1.252e-06	1.109e-05	2.153e-05	4.254e-05	0.0009404
6840	0.0006651	0.002363	5.699e-06	0.0001061	0.0002328	0.0005092	0.0479
6860	0.081	0.03889	0.02279	0.05505	0.07255	0.09652	0.3932
6880	0.001284	0.009447	5.375e-06	0.0001102	0.0002474	0.0005933	0.2688
6900	0.03706	0.03298	0.003922	0.01711	0.02688	0.04423	0.2693
6920	0.4818	0.1539	0.0345	0.3844	0.5113	0.6011	0.7279
6940	3.074e-06	3.118e-06	1.401e-07	1.272e-06	2.116e-06	3.713e-06	3.294e-05
6960	0.004516	0.01954	6.798e-06	0.0001098	0.0004484	0.002115	0.3665
6980	0.2694	0.1318	0.006018	0.164	0.2762	0.3691	0.5708
7000	0.3915	0.09497	0.03759	0.3381	0.4075	0.4649	0.5558
7020	3.157e-06	8.354e-06	1.988e-08	4.45e-07	1.17e-06	2.92e-06	0.0001866
7040	0.3988	0.1582	0.01952	0.2866	0.4151	0.5147	0.8009
7060	0.0005419	0.002093	5.843e-06	4.448e-05	0.000101	0.0002848	0.03673
7080	0.3752	0.2195	0.01216	0.1736	0.3626	0.5659	0.8189
7100	0.5988	0.1237	0.08051	0.5337	0.6195	0.682	0.8764
7120	0.1942	0.1256	0.007794	0.08747	0.1716	0.2862	0.4921
7140	0.2958	0.176	0.002824	0.1474	0.2947	0.4273	0.7346
7160	0.04756	0.07661	0.0007082	0.007516	0.01751	0.04644	0.4043
7180	0.1114	0.08479	0.00508	0.05165	0.08885	0.1488	0.5326
7200	0.0709	0.1175	0.0001345	0.003068	0.01301	0.07276	0.5312
7220	0.03048	0.05467	9.199e-05	0.003694	0.01024	0.02816	0.3297
7240	0.005569	0.02309	7.815e-05	0.0005686	0.001143	0.002705	0.3847
7260	1.23e-05	1.628e-05	7.764e-07	4.837e-06	8.174e-06	1.383e-05	0.0002615
7280	0.3355	0.09764	0.05074	0.2839	0.34	0.3838	0.8567
7300	0.1165	0.1143	0.0002128	0.02519	0.07639	0.1804	0.5108
7320	0.08071	0.09509	0.0004779	0.007955	0.0308	0.1381	0.3288
7340	0.3373	0.1664	0.02391	0.1987	0.3441	0.4729	0.7226
7360	0.0254	0.05115	0.0001446	0.002922	0.00823	0.02389	0.5543
7380	0.02347	0.02623	0.001243	0.009749	0.01642	0.02878	0.4465
7400	0.5505	0.1181	0.05746	0.4922	0.5751	0.635	0.8054
7420	0.3483	0.1385	0.042	0.2399	0.3521	0.4471	0.7526
7440	0.1859	0.1048	0.02515	0.1004	0.1658	0.2596	0.536
7460	0.03084	0.02104	0.004995	0.0172	0.02517	0.03811	0.1915
7480	0.1476	0.1218	0.0002355	0.03905	0.1168	0.2515	0.5963
7500	0.002062	0.001385	0.0002567	0.001176	0.001725	0.002568	0.01845
7520	0.09004	0.05337	0.006807	0.0542	0.07977	0.1128	0.3713
7540	0.006908	0.004707	0.0006988	0.004002	0.005744	0.008559	0.04908
7560	0.07137	0.08492	0.0002757	0.01781	0.04015	0.08914	0.5472
7580	0.02659	0.03058	0.001045	0.009256	0.01673	0.03175	0.2823
7600	0.2032	0.1791	0.0001726	0.05104	0.1484	0.3263	0.7357
7620	0.4271	0.1362	0.008436	0.3475	0.4379	0.5191	0.7755
7640	0.1941	0.08933	0.005317	0.1172	0.2102	0.2749	0.3219
7660	0.07557	0.1036	0.0001121	0.01032	0.03127	0.09531	0.6991
7680	0.3589	0.166	0.004381	0.2327	0.3779	0.4946	0.716
7700	0.006752	0.007792	0.0003544	0.002513	0.004509	0.008234	0.1073
7720	0.2698	0.1511	0.01311	0.1475	0.2486	0.3695	0.7096
7740	0.1416	0.1452	0.0004762	0.02397	0.07751	0.2363	0.5908
7760	0.5234	0.182	0.05684	0.3995	0.5463	0.6623	0.9085
7780	0.2249	0.1716	0.0006698	0.06261	0.1992	0.3685	0.7509
7800	0.02577	0.01436	0.002336	0.01596	0.02235	0.03244	0.1178
7820	0.5072	0.109	0.1641	0.4376	0.5111	0.5889	0.8046
7840	5.138e-06	6.426e-06	3.338e-07	1.994e-06	3.364e-06	5.84e-06	9.196e-05
7860	0.00635	0.01344	4.637e-05	0.0009114	0.002256	0.005783	0.1924
7880	0.005824	0.01021	0.0002133	0.001646	0.003081	0.006005	0.1243
7900	0.4112	0.1637	0.003868	0.3126	0.4455	0.5395	0.6993
7920	0.1579	0.1543	0.001412	0.03532	0.1015	0.2414	0.7175
7940	0.1428	0.1164	0.0002084	0.03391	0.1213	0.2451	0.5123
7960	0.1668	0.1289	0.006129	0.05808	0.124	0.2634	0.614
7980	0.04954	0.05448	0.0022	0.02002	0.03219	0.05658	0.4979
8000	7.574e-05	0.001031	4.303e-08	1.466e-06	4.163e-06	1.505e-05	0.03133
8020	0.1436	0.07926	0.02611	0.08883	0.1234	0.1767	0.5791
8040	0.0001484	0.0004479	6.002e-08	8.555e-06	2.784e-05	0.0001014	0.005941
8060	0.01598	0.01688	0.0002199	0.005085	0.01006	0.02075	0.1562
8080	0.01956	0.0472	0.0001596	0.002829	0.006962	0.01615	0.5633
8100	0.3595	0.1102	0.05203	0.293	0.3686	0.4393	0.6338
8120	0.1818	0.09932	0.002494	0.09466	0.1941	0.2759	0.3667
8140	0.4227	0.1826	0.001369	0.2959	0.4395	0.5679	0.831
8160	0.00422	0.003433	0.0003652	0.002141	0.00323	0.005149	0.0343
8180	0.2859	0.1344	0.02714	0.1783	0.2697	0.3851	0.6721
8200	0.3555	0.1549	0.009662	0.2472	0.3632	0.4724	0.7523
8220	0.4796	0.1766	0.03381	0.3536	0.5021	0.6158	0.8548
8240	0.001783	0.002498	9.908e-05	0.0006177	0.001098	0.001896	0.03839
8260	2.52e-06	2.662e-06	1.69e-07	1.001e-06	1.707e-06	3.116e-06	2.832e-05
8280	0.4688	0.1167	0.05259	0.4112	0.4863	0.5508	0.7482
8300	0.4919	0.1463	0.05583	0.4108	0.5215	0.5998	0.7887
8320	0.06692	0.1041	0.0002043	0.007373	0.02277	0.0777	0.6486
8340	0.06056	0.07655	0.0004782	0.009611	0.02637	0.07596	0.3825
8360	0.0001179	0.000167	2.857e-06	3.744e-05	7.312e-05	0.0001397	0.003501
8380	0.005233	0.008916	9.247e-05	0.001333	0.002668	0.005692	0.1227
8400	0.1831	0.1259	0.0005027	0.06535	0.1776	0.2926	0.5325
8420	0.07305	0.08217	0.00301	0.02312	0.04352	0.08895	0.5773
8440	0.1501	0.09861	0.01734	0.06434	0.1236	0.2306	0.4531
8460	0.004779	0.005917	9.147e-05	0.001566	0.002988	0.005881	0.08954
8480	0.2829	0.1721	0.004517	0.1431	0.2546	0.4021	0.8234
8500	0.08202	0.03732	0.01617	0.05526	0.07527	0.1007	0.3302
8520	0.1091	0.1073	0.0002161	0.02083	0.06483	0.1846	0.4365
8540	0.2854	0.1433	0.005698	0.1613	0.2953	0.4023	0.6137
8560	0.0541	0.05171	0.001131	0.01873	0.0384	0.07031	0.4
8580	0.2925	0.1429	0.006015	0.1661	0.3009	0.4089	0.6202
8600	0.3008	0.1386	0.03065	0.191	0.2903	0.3939	0.7063
8620	0.3582	0.1479	0.04492	0.2391	0.3494	0.4665	0.8076
8640	0.06066	0.08774	6.818e-05	0.007116	0.02229	0.0747	0.4788
8660	0.0006187	0.001074	2.233e-06	0.0001011	0.0002644	0.0006854	0.0111
8680	0.5373	0.1784	0.03611	0.4351	0.5745	0.6665	0.877
8700	0.2536	0.0912	0.03088	0.1804	0.2725	0.3306	0.4687
8720	0.1114	0.06136	0.01256	0.06786	0.09996	0.1407	0.4157
8740	0.07757	0.1009	0.0001292	0.01162	0.035	0.1007	0.6569
8760	0.002196	0.004186	1.893e-05	0.0004994	0.001148	0.002458	0.08509
8780	0.1513	0.1047	0.003177	0.06716	0.1175	0.2278	0.4767
8800	0.1881	0.05872	0.03652	0.1446	0.1855	0.2304	0.3392
8820	2.814e-05	4.033e-05	7.361e-07	9.17e-06	1.7e-05	3.474e-05	0.0008584
8840	0.5898	0.1068	0.1005	0.5511	0.6193	0.6633	0.7904
8860	0.006493	0.009166	0.0001616	0.001915	0.003756	0.007535	0.1408
8880	0.001286	0.008171	7.466e-06	0.0001061	0.0002154	0.0005579	0.1474
8900	0.259	0.1928	8.578e-05	0.07466	0.2358	0.4231	0.7768
8920	0.03692	0.04181	0.00135	0.01458	0.02452	0.04395	0.5946
8940	0.05615	0.07006	0.001071	0.01529	0.03205	0.06823	0.5013
8960	0.5523	0.1144	0.1625	0.4756	0.5549	0.6319	0.8017
8980	1.498e-06	2.446e-06	4.255e-08	3.236e-07	7.533e-07	1.593e-06	2.205e-05
9000	0.0007291	0.0008918	2.763e-05	0.0002205	0.0004522	0.0008748	0.008525
9020	0.0002117	0.0005915	2.409e-06	3.795e-05	8.278e-05	0.0001901	0.01539
9040	0.01274	0.01231	0.0009036	0.005195	0.009133	0.01572	0.1249
9060	0.02216	0.03375	0.0001508	0.004384	0.01066	0.02537	0.383
9080	0.05996	0.08063	0.001441	0.01545	0.03122	0.07079	0.58
9100	0.1249	0.1095	9.898e-05	0.0252	0.09021	0.2202	0.4825
9120	0.2296	0.193	0.002634	0.06464	0.1661	0.3689	0.7643
9140	0.07871	0.1169	0.0005763	0.01406	0.03365	0.08936	0.8266
9160	0.2681	0.09819	0.01974	0.1959	0.2909	0.3438	0.4977
9180	0.02737	0.02187	0.0009233	0.0129	0.02089	0.03469	0.1799
9200	0.05819	0.07881	0.001744	0.01127	0.02459	0.06536	0.4032
9220	2.306e-05	9.836e-05	1.271e-08	8.803e-07	3.115e-06	1.153e-05	0.001633
9240	0.0651	0.07066	0.0005287	0.01609	0.03724	0.08804	0.4077
9260	0.05227	0.05774	0.0008694	0.01611	0.03155	0.06608	0.4306
9280	0.07698	0.09673	0.0001837	0.008391	0.03234	0.1051	0.3922
9300	0.3829	0.1441	0.01774	0.2835	0.3849	0.4874	0.7181
9320	0.0001451	0.0004478	7.81e-08	9.042e-06	2.756e-05	0.0001043	0.006849
9340	4.236e-06	5.206e-06	2.15e-07	1.624e-06	2.855e-06	4.981e-06	7.09e-05
9360	0.08675	0.08964	0.001364	0.02596	0.05478	0.1145	0.4964
9380	0.3536	0.1364	0.02526	0.2523	0.3703	0.4501	0.7116
9400	0.001677	0.003956	5.87e-05	0.0005479	0.0009796	0.001802	0.1089
9420	0.00711	0.0149	6.776e-05	0.001241	0.003081	0.007569	0.264
9440	0.0003983	0.001028	4.718e-07	2.504e-05	7.797e-05	0.0002897	0.01414
9460	0.2001	0.1503	0.008505	0.06695	0.1662	0.3166	0.6974
9480	0.3453	0.1532	0.01898	0.2247	0.3591	0.4633	0.7448
9500	0.00113	0.002452	5.145e-06	0.0001445	0.0003591	0.001089	0.02848
9520	0.01667	0.03125	6.208e-05	0.002097	0.005836	0.01631	0.3099
9540	0.07988	0.08693	0.001314	0.01826	0.04036	0.1107	0.3343
9560	0.3954	0.2327	0.00258	0.1813	0.4251	0.5944	0.8495
9580	3.444e-05	6.211e-05	6.589e-07	9.02e-06	1.891e-05	3.688e-05	0.000949
9600	0.04387	0.0763	0.0001365	0.002996	0.008173	0.0355	0.303
9620	0.01106	0.02641	9.627e-05	0.001358	0.003543	0.009117	0.374
9640	0.01849	0.02611	0.0003206	0.005018	0.009932	0.02091	0.2563
9660	0.01153	0.009173	0.000989	0.005568	0.008735	0.01431	0.08028
9680	0.03064	0.05229	3.891e-05	0.003936	0.01153	0.03099	0.3234
9700	0.002216	0.005232	1.99e-05	0.0004387	0.001	0.00203	0.102
9720	0.1827	0.1512	0.003907	0.05969	0.128	0.2724	0.7248
9740	0.2046	0.1207	0.01595	0.1122	0.1783	0.2761	0.6236
9760	0.2903	0.2138	0.0005787	0.09498	0.2527	0.4623	0.7609
9780	0.2074	0.1528	0.002273	0.06523	0.1825	0.3435	0.6145
9800	8.716e-05	0.000139	1.975e-06	2.757e-05	5.042e-05	0.0001024	0.003139
9820	0.1952	0.13	0.0008995	0.07261	0.1926	0.2996	0.8301
9840	0.01465	0.03299	0.0001035	0.001699	0.004379	0.01326	0.4445
9860	0.2364	0.1904	0.009982	0.08228	0.1755	0.3606	0.7796
9880	0.312	0.167	0.00323	0.1748	0.3206	0.4403	0.6914
9900	3.358e-05	3.496e-05	2.884e-06	1.437e-05	2.392e-05	3.866e-05	0.0003104
9920	0.004406	0.003949	0.0001418	0.001928	0.003301	0.005706	0.03352
9940	0.2054	0.1445	0.003818	0.08369	0.1741	0.3095	0.6883
9960	0.2296	0.08559	0.04642	0.1645	0.2194	0.2866	0.4791
9980	0.06387	0.01607	0.03002	0.05194	0.06199	0.0744	0.1438
