idx	predict	radius	unperturbed predict	time
0	0	0.947	0	0:01:16.653843
20	0	0.947	0	0:01:15.955056
40	0	0.947	0	0:01:15.919047
60	0	0.947	0	0:01:15.962911
80	0	0.947	0	0:01:15.944739
100	0	0.947	0	0:01:15.760552
120	0	0.947	0	0:01:16.063774
140	0	0.947	0	0:01:16.049417
160	0	0.947	0	0:01:16.207338
180	0	0.947	0	0:01:15.730632
200	0	0.947	0	0:01:16.129068
220	0	0.947	0	0:01:16.055822
240	0	0.947	0	0:01:15.846416
260	0	0.947	0	0:01:15.962633
280	0	0.947	0	0:01:16.114830
300	0	0.947	0	0:01:16.059447
320	0	0.947	0	0:01:16.219283
340	0	0.947	0	0:01:17.723066
360	0	0.947	0	0:01:16.240839
380	0	0.947	0	0:01:16.462893
400	0	0.947	0	0:01:17.087949
420	0	0.947	0	0:01:16.680231
440	0	0.947	0	0:01:18.331746
460	0	0.947	0	0:01:17.025073
480	0	0.947	0	0:01:16.184133
500	0	0.947	0	0:01:15.946456
520	0	0.947	0	0:01:18.371141
540	0	0.947	0	0:01:17.809740
560	0	0.947	0	0:01:16.023338
580	0	0.947	0	0:01:16.130465
600	0	0.947	0	0:01:16.023226
620	0	0.947	0	0:01:17.385623
640	0	0.947	0	0:01:17.706050
660	0	0.947	0	0:01:15.793053
680	0	0.947	0	0:01:19.470072
700	0	0.947	0	0:01:16.191461
720	0	0.947	0	0:01:17.488300
740	0	0.947	0	0:01:16.514276
760	0	0.947	0	0:01:16.007842
780	0	0.947	0	0:01:17.909439
800	0	0.947	0	0:01:15.965469
820	0	0.947	0	0:01:16.117407
840	0	0.947	0	0:01:16.100544
860	0	0.947	0	0:01:16.013307
880	0	0.947	0	0:01:17.883142
900	0	0.947	0	0:01:15.814986
920	0	0.947	0	0:01:16.238513
940	0	0.947	0	0:01:16.168445
960	0	0.947	0	0:01:15.938648
980	0	0.947	0	0:01:18.700130
1000	0	0.947	0	0:01:15.982419
1020	0	0.947	0	0:01:16.274721
1040	0	0.947	0	0:01:18.264200
1060	0	0.947	0	0:01:16.268086
1080	0	0.947	0	0:01:16.137580
1100	0	0.947	0	0:01:16.073060
1120	0	0.947	0	0:01:15.851170
1140	0	0.947	0	0:01:16.319583
1160	0	0.947	0	0:01:16.874382
1180	0	0.947	0	0:01:16.754646
1200	0	0.947	0	0:01:16.512651
1220	0	0.947	0	0:01:15.846751
1240	0	0.947	0	0:01:16.130096
1260	0	0.947	0	0:01:16.156539
1280	0	0.947	0	0:01:16.135298
1300	0	0.947	0	0:01:18.241645
1320	0	0.947	0	0:01:15.997723
1340	0	0.947	0	0:01:16.044935
1360	0	0.947	0	0:01:18.196150
1380	0	0.947	0	0:01:16.544671
1400	0	0.947	0	0:01:16.627131
1420	0	0.947	0	0:01:16.356664
1440	0	0.947	0	0:01:16.301117
1460	0	0.947	0	0:01:16.639214
1480	0	0.947	0	0:01:15.900915
1500	0	0.947	0	0:01:15.860841
1520	0	0.947	0	0:01:16.272902
1540	0	0.947	0	0:01:15.933602
1560	0	0.947	0	0:01:16.033917
1580	0	0.947	0	0:01:17.997321
1600	0	0.947	0	0:01:15.850364
1620	0	0.947	0	0:01:16.463155
1640	0	0.947	0	0:01:18.010005
1660	0	0.947	0	0:01:16.144785
1680	0	0.947	0	0:01:17.720217
1700	0	0.947	0	0:01:16.487608
1720	0	0.947	0	0:01:16.192277
1740	0	0.947	0	0:01:15.978996
1760	0	0.947	0	0:01:15.997061
1780	0	0.947	0	0:01:15.925335
1800	0	0.947	0	0:01:16.065728
1820	0	0.947	0	0:01:16.100144
1840	0	0.947	0	0:01:16.169105
1860	0	0.947	0	0:01:15.813311
1880	0	0.947	0	0:01:15.863517
1900	0	0.947	0	0:01:17.333570
1920	0	0.947	0	0:01:18.924660
1940	0	0.947	0	0:01:15.993623
1960	0	0.947	0	0:01:20.020253
1980	0	0.947	0	0:01:16.480509
2000	0	0.947	0	0:01:16.526915
2020	0	0.947	0	0:01:20.322987
2040	0	0.947	0	0:01:15.759148
2060	0	0.947	0	0:01:16.114274
2080	0	0.947	0	0:01:19.653039
2100	0	0.947	0	0:01:16.476448
2120	0	0.947	0	0:01:16.183870
2140	0	0.947	0	0:01:16.036187
2160	0	0.947	0	0:01:15.939742
2180	0	0.947	0	0:01:16.174932
2200	0	0.947	0	0:01:15.713760
2220	0	0.947	0	0:01:15.918811
2240	0	0.947	0	0:01:16.079526
2260	0	0.947	0	0:01:15.802642
2280	0	0.947	0	0:01:16.317860
2300	0	0.947	0	0:01:15.816616
2320	0	0.947	0	0:01:15.753067
2340	0	0.947	0	0:01:16.368498
2360	0	0.947	0	0:01:15.966227
2380	0	0.947	0	0:01:16.097936
2400	0	0.947	0	0:01:20.317166
2420	0	0.947	0	0:01:15.830304
2440	0	0.947	0	0:01:16.234054
2460	0	0.947	0	0:01:15.925965
2480	0	0.947	0	0:01:15.864172
2500	0	0.947	0	0:01:18.056225
2520	0	0.947	0	0:01:17.988894
2540	0	0.947	0	0:01:16.112532
2560	0	0.947	0	0:01:16.187585
2580	0	0.947	0	0:01:19.317220
2600	0	0.947	0	0:01:16.590086
2620	0	0.947	0	0:01:16.055808
2640	0	0.947	0	0:01:15.984528
2660	0	0.947	0	0:01:19.196300
2680	0	0.947	0	0:01:17.454416
2700	0	0.947	0	0:01:15.967499
2720	0	0.947	0	0:01:16.230368
2740	0	0.947	0	0:01:15.890023
2760	0	0.947	0	0:01:17.766231
2780	0	0.947	0	0:01:18.446703
2800	0	0.947	0	0:01:15.963103
2820	0	0.947	0	0:01:19.766714
2840	0	0.947	0	0:01:16.366599
2860	0	0.947	0	0:01:15.913783
2880	0	0.947	0	0:01:16.163343
2900	0	0.947	0	0:01:15.967709
2920	0	0.947	0	0:01:16.161434
2940	0	0.947	0	0:01:16.329787
2960	0	0.947	0	0:01:16.336845
2980	0	0.947	0	0:01:16.173027
3000	0	0.947	0	0:01:16.075458
3020	0	0.947	0	0:01:16.251198
3040	0	0.947	0	0:01:16.269156
3060	0	0.947	0	0:01:16.510936
3080	0	0.947	0	0:01:15.993307
3100	0	0.947	0	0:01:16.447671
3120	0	0.947	0	0:01:19.942868
3140	0	0.947	0	0:01:15.947788
3160	0	0.947	0	0:01:15.817142
3180	0	0.947	0	0:01:16.130483
3200	0	0.947	0	0:01:16.362288
3220	0	0.947	0	0:01:20.315670
3240	0	0.947	0	0:01:16.016708
3260	0	0.947	0	0:01:16.222657
3280	0	0.947	0	0:01:19.313181
3300	0	0.947	0	0:01:17.384598
3320	0	0.947	0	0:01:16.031871
3340	0	0.947	0	0:01:15.706879
3360	0	0.947	0	0:01:16.034624
3380	0	0.947	0	0:01:17.045463
3400	0	0.947	0	0:01:19.450042
3420	0	0.947	0	0:01:16.308027
3440	0	0.947	0	0:01:16.347975
3460	0	0.947	0	0:01:15.925762
3480	0	0.947	0	0:01:18.647457
3500	0	0.947	0	0:01:18.051999
3520	0	0.947	0	0:01:18.545574
3540	0	0.947	0	0:01:18.982760
3560	0	0.947	0	0:01:20.180549
3580	0	0.947	0	0:01:19.613311
3600	0	0.947	0	0:01:21.636872
3620	0	0.947	0	0:01:20.828602
3640	0	0.947	0	0:01:22.141818
3660	0	0.947	0	0:01:20.884009
3680	0	0.947	0	0:01:22.224687
3700	0	0.947	0	0:01:20.456454
3720	0	0.947	0	0:01:20.743040
3740	0	0.947	0	0:01:21.452674
3760	0	0.947	0	0:01:21.065860
3780	0	0.947	0	0:01:21.766038
3800	0	0.947	0	0:01:21.615931
3820	0	0.947	0	0:01:20.546378
3840	0	0.947	0	0:01:21.456213
3860	0	0.947	0	0:01:19.432101
3880	0	0.947	0	0:01:21.269244
3900	0	0.947	0	0:01:21.883320
3920	0	0.947	0	0:01:19.651030
3940	0	0.947	0	0:01:21.544767
3960	0	0.947	0	0:01:20.559990
3980	0	0.947	0	0:01:21.232991
4000	0	0.947	0	0:01:22.020922
4020	0	0.947	0	0:01:20.646805
4040	0	0.947	0	0:01:21.596878
4060	0	0.947	0	0:01:22.649411
4080	0	0.947	0	0:01:22.456647
4100	0	0.947	0	0:01:22.610223
4120	0	0.947	0	0:01:21.702439
4140	0	0.947	0	0:01:21.253578
4160	0	0.947	0	0:01:22.290451
4180	0	0.947	0	0:01:20.987360
4200	0	0.947	0	0:01:20.912069
4220	0	0.947	0	0:01:21.677491
4240	0	0.947	0	0:01:21.452505
4260	0	0.947	0	0:01:21.093580
4280	0	0.947	0	0:01:20.737686
4300	0	0.947	0	0:01:19.410128
4320	0	0.947	0	0:01:18.928270
4340	0	0.947	0	0:01:19.861598
4360	0	0.947	0	0:01:19.789428
4380	0	0.947	0	0:01:21.324274
4400	0	0.947	0	0:01:21.472114
4420	0	0.947	0	0:01:20.870726
4440	0	0.947	0	0:01:19.762792
4460	0	0.947	0	0:01:20.236257
4480	0	0.947	0	0:01:19.522759
4500	0	0.947	0	0:01:18.709418
4520	0	0.947	0	0:01:19.551089
4540	0	0.947	0	0:01:20.095737
4560	0	0.947	0	0:01:18.567324
4580	0	0.947	0	0:01:19.808489
4600	0	0.947	0	0:01:18.985523
4620	0	0.947	0	0:01:20.656009
4640	0	0.947	0	0:01:21.272035
4660	0	0.947	0	0:01:19.846458
4680	0	0.947	0	0:01:19.631949
4700	0	0.947	0	0:01:19.069550
4720	0	0.947	0	0:01:20.251745
4740	0	0.947	0	0:01:18.630219
4760	0	0.947	0	0:01:20.411347
4780	0	0.947	0	0:01:19.730803
4800	0	0.947	0	0:01:20.365026
4820	0	0.947	0	0:01:18.635758
4840	0	0.947	0	0:01:19.665352
4860	0	0.947	0	0:01:19.386152
4880	0	0.947	0	0:01:19.798214
4900	0	0.947	0	0:01:19.571323
4920	0	0.947	0	0:01:19.820557
4940	0	0.947	0	0:01:19.434330
4960	0	0.947	0	0:01:19.330334
4980	0	0.947	0	0:01:18.532633
5000	0	0.947	0	0:01:18.640991
5020	0	0.947	0	0:01:19.801819
5040	0	0.947	0	0:01:19.783228
5060	0	0.947	0	0:01:19.896371
5080	0	0.947	0	0:01:19.909364
5100	0	0.947	0	0:01:20.700490
5120	0	0.947	0	0:01:20.944808
5140	0	0.947	0	0:01:20.237329
5160	0	0.947	0	0:01:19.841755
5180	0	0.947	0	0:01:20.499139
5200	0	0.947	0	0:01:21.100618
5220	0	0.947	0	0:01:20.615435
5240	0	0.947	0	0:01:22.328464
5260	0	0.947	0	0:01:21.264712
5280	0	0.947	0	0:01:20.214213
5300	0	0.947	0	0:01:21.293753
5320	0	0.947	0	0:01:18.919393
5340	0	0.947	0	0:01:20.857864
5360	0	0.947	0	0:01:19.360794
5380	0	0.947	0	0:01:19.894285
5400	0	0.947	0	0:01:20.826840
5420	0	0.947	0	0:01:19.722762
5440	0	0.947	0	0:01:20.211853
5460	0	0.947	0	0:01:20.047446
5480	0	0.947	0	0:01:20.753859
5500	0	0.947	0	0:01:21.989100
5520	0	0.947	0	0:01:20.059176
5540	0	0.947	0	0:01:18.736913
5560	0	0.947	0	0:01:21.593733
5580	0	0.947	0	0:01:21.091589
5600	0	0.947	0	0:01:19.587536
5620	0	0.947	0	0:01:21.018619
5640	0	0.947	0	0:01:19.691597
5660	0	0.947	0	0:01:21.906185
5680	0	0.947	0	0:01:19.616893
5700	0	0.947	0	0:01:21.923446
5720	0	0.947	0	0:01:20.139290
5740	0	0.947	0	0:01:20.562123
5760	0	0.947	0	0:01:20.011413
5780	0	0.947	0	0:01:20.535573
5800	0	0.947	0	0:01:19.122231
5820	0	0.947	0	0:01:20.074606
5840	0	0.947	0	0:01:19.896516
5860	0	0.947	0	0:01:21.013951
5880	0	0.947	0	0:01:21.009661
5900	0	0.947	0	0:01:19.593885
5920	0	0.947	0	0:01:20.459991
5940	0	0.947	0	0:01:20.298569
5960	0	0.947	0	0:01:20.914267
5980	0	0.947	0	0:01:19.978581
6000	0	0.947	0	0:01:19.446991
6020	0	0.947	0	0:01:20.290390
6040	0	0.947	0	0:01:20.688102
6060	0	0.947	0	0:01:19.908094
6080	0	0.947	0	0:01:19.969288
6100	0	0.947	0	0:01:19.554855
6120	0	0.947	0	0:01:20.141546
6140	0	0.947	0	0:01:20.884771
6160	0	0.947	0	0:01:21.304040
6180	0	0.947	0	0:01:20.812825
6200	0	0.947	0	0:01:20.028299
6220	0	0.947	0	0:01:20.262525
6240	0	0.947	0	0:01:19.737217
6260	0	0.947	0	0:01:19.281296
6280	0	0.947	0	0:01:20.839339
6300	0	0.947	0	0:01:20.668584
6320	0	0.947	0	0:01:20.082578
6340	0	0.947	0	0:01:19.595373
6360	0	0.947	0	0:01:19.483983
6380	0	0.947	0	0:01:20.347396
6400	0	0.947	0	0:01:20.146288
6420	0	0.947	0	0:01:21.775386
6440	0	0.947	0	0:01:19.210272
6460	0	0.947	0	0:01:22.183516
6480	0	0.947	0	0:01:21.294588
6500	0	0.947	0	0:01:20.904923
6520	0	0.947	0	0:01:20.624025
6540	0	0.947	0	0:01:21.197082
6560	0	0.947	0	0:01:21.159325
6580	0	0.947	0	0:01:20.638801
6600	0	0.947	0	0:01:21.532589
6620	0	0.947	0	0:01:20.674910
6640	0	0.947	0	0:01:20.680833
6660	0	0.947	0	0:01:20.464805
6680	0	0.947	0	0:01:21.567510
6700	0	0.947	0	0:01:21.353974
6720	0	0.947	0	0:01:21.799885
6740	0	0.947	0	0:01:22.082081
6760	0	0.947	0	0:01:21.700482
6780	0	0.947	0	0:01:22.097185
6800	0	0.947	0	0:01:22.113671
6820	0	0.947	0	0:01:21.287900
6840	0	0.947	0	0:01:21.082828
6860	0	0.947	0	0:01:20.697178
6880	0	0.947	0	0:01:19.917229
6900	0	0.947	0	0:01:20.821912
6920	0	0.947	0	0:01:21.216136
6940	0	0.947	0	0:01:21.514957
6960	0	0.947	0	0:01:19.752903
6980	0	0.947	0	0:01:20.914494
7000	0	0.947	0	0:01:21.592562
7020	0	0.947	0	0:01:23.091265
7040	0	0.947	0	0:01:20.473602
7060	0	0.947	0	0:01:22.156986
7080	0	0.947	0	0:01:19.398135
7100	0	0.947	0	0:01:21.350644
7120	0	0.947	0	0:01:21.310845
7140	0	0.947	0	0:01:22.309413
7160	0	0.947	0	0:01:20.241128
7180	0	0.947	0	0:01:19.559763
7200	0	0.947	0	0:01:22.075736
7220	0	0.947	0	0:01:23.221001
7240	0	0.947	0	0:01:20.324075
7260	0	0.947	0	0:01:21.277623
7280	0	0.947	0	0:01:18.928838
7300	0	0.947	0	0:01:18.193296
7320	0	0.947	0	0:01:18.655258
7340	0	0.947	0	0:01:20.334242
7360	0	0.947	0	0:01:20.851392
7380	0	0.947	0	0:01:20.076935
7400	0	0.947	0	0:01:19.137827
7420	0	0.947	0	0:01:17.540456
7440	0	0.947	0	0:01:19.712428
7460	0	0.947	0	0:01:18.445677
7480	0	0.947	0	0:01:19.941192
7500	0	0.947	0	0:01:19.309587
7520	0	0.947	0	0:01:19.867918
7540	0	0.947	0	0:01:19.126662
7560	0	0.947	0	0:01:20.016356
7580	0	0.947	0	0:01:19.477938
7600	0	0.947	0	0:01:19.871809
7620	0	0.947	0	0:01:20.290939
7640	0	0.947	0	0:01:23.335919
7660	0	0.947	0	0:01:19.616170
7680	0	0.947	0	0:01:16.493807
7700	0	0.947	0	0:01:16.063670
7720	0	0.947	0	0:01:15.870673
7740	0	0.947	0	0:01:15.690799
7760	0	0.947	0	0:01:15.832824
7780	0	0.947	0	0:01:16.043470
7800	0	0.947	0	0:01:16.312828
7820	0	0.947	0	0:01:16.031389
7840	0	0.947	0	0:01:15.617670
7860	0	0.947	0	0:01:15.711636
7880	0	0.947	0	0:01:15.830727
7900	0	0.947	0	0:01:15.419171
7920	0	0.947	0	0:01:15.888783
7940	0	0.947	0	0:01:15.713597
7960	0	0.947	0	0:01:15.460024
7980	0	0.947	0	0:01:16.070342
8000	0	0.947	0	0:01:15.480469
8020	0	0.947	0	0:01:15.795573
8040	0	0.947	0	0:01:15.646433
8060	0	0.947	0	0:01:15.400918
8080	0	0.947	0	0:01:15.666514
8100	0	0.947	0	0:01:15.570076
8120	0	0.947	0	0:01:15.598411
8140	0	0.947	0	0:01:16.060070
8160	0	0.947	0	0:01:15.375409
8180	0	0.947	0	0:01:15.626127
8200	0	0.947	0	0:01:15.902915
8220	0	0.947	0	0:01:15.449794
8240	0	0.947	0	0:01:16.163124
8260	0	0.947	0	0:01:15.890136
8280	0	0.947	0	0:01:15.616154
8300	0	0.947	0	0:01:16.113771
8320	0	0.947	0	0:01:15.736116
8340	0	0.947	0	0:01:15.799227
8360	0	0.947	0	0:01:16.115715
8380	0	0.947	0	0:01:15.896950
8400	0	0.947	0	0:01:16.231459
8420	0	0.947	0	0:01:16.105487
8440	0	0.947	0	0:01:15.789515
8460	0	0.947	0	0:01:16.182347
8480	0	0.947	0	0:01:15.800123
8500	0	0.947	0	0:01:16.152901
8520	0	0.947	0	0:01:16.043416
8540	0	0.947	0	0:01:15.782350
8560	0	0.947	0	0:01:15.894591
8580	0	0.947	0	0:01:16.192637
8600	0	0.947	0	0:01:15.792283
8620	0	0.947	0	0:01:16.353943
8640	0	0.947	0	0:01:15.794821
8660	0	0.947	0	0:01:15.937427
8680	0	0.947	0	0:01:15.927661
8700	0	0.947	0	0:01:15.822971
8720	0	0.947	0	0:01:16.045424
8740	0	0.947	0	0:01:16.104046
8760	0	0.947	0	0:01:15.738473
8780	0	0.947	0	0:01:16.003451
8800	0	0.947	0	0:01:16.025745
8820	0	0.947	0	0:01:15.985889
8840	0	0.947	0	0:01:16.059067
8860	0	0.947	0	0:01:15.763103
8880	0	0.947	0	0:01:15.961957
8900	0	0.947	0	0:01:16.024121
8920	0	0.947	0	0:01:15.947871
8940	0	0.947	0	0:01:15.952940
8960	0	0.947	0	0:01:16.184625
8980	0	0.947	0	0:01:16.040627
9000	0	0.947	0	0:01:15.846522
9020	0	0.947	0	0:01:16.187065
9040	0	0.947	0	0:01:16.087067
9060	0	0.947	0	0:01:16.010455
9080	0	0.947	0	0:01:16.096376
9100	0	0.947	0	0:01:15.901984
9120	0	0.947	0	0:01:16.304676
9140	0	0.947	0	0:01:16.082476
9160	0	0.947	0	0:01:15.958716
9180	0	0.947	0	0:01:15.957378
9200	0	0.947	0	0:01:16.009075
9220	0	0.947	0	0:01:15.712785
9240	0	0.947	0	0:01:16.339828
9260	0	0.947	0	0:01:15.909101
9280	0	0.947	0	0:01:16.086789
9300	0	0.947	0	0:01:16.000256
9320	0	0.947	0	0:01:15.967239
9340	0	0.947	0	0:01:16.190881
9360	0	0.947	0	0:01:15.843937
9380	0	0.947	0	0:01:15.868797
9400	0	0.947	0	0:01:16.170189
9420	0	0.947	0	0:01:15.763230
9440	0	0.947	0	0:01:16.018841
9460	0	0.947	0	0:01:16.108404
9480	0	0.947	0	0:01:15.875863
9500	0	0.947	0	0:01:16.372869
9520	0	0.947	0	0:01:15.855400
9540	0	0.947	0	0:01:15.839522
9560	0	0.947	0	0:01:16.221471
9580	0	0.947	0	0:01:15.939699
9600	0	0.947	0	0:01:15.784066
9620	0	0.947	0	0:01:16.164088
9640	0	0.947	0	0:01:15.763784
9660	0	0.947	0	0:01:16.206577
9680	0	0.947	0	0:01:15.784986
9700	0	0.947	0	0:01:15.801695
9720	0	0.947	0	0:01:16.041124
9740	0	0.947	0	0:01:15.865473
9760	0	0.947	0	0:01:15.867045
9780	0	0.947	0	0:01:16.180361
9800	0	0.947	0	0:01:15.876288
9820	0	0.947	0	0:01:16.095591
9840	0	0.947	0	0:01:16.078363
9860	0	0.947	0	0:01:15.901735
9880	0	0.947	0	0:01:16.488915
9900	0	0.947	0	0:01:15.829753
9920	0	0.947	0	0:01:15.987732
9940	0	0.947	0	0:01:15.977988
9960	0	0.947	0	0:01:15.772015
9980	0	0.947	0	0:01:16.040996
