idx	label	predict	radius	correct	unperturbed predict	unperturbed correct	time
0	3	3	0.497	1	3	1	0:01:16.653843
20	7	7	0.328	1	7	1	0:01:15.955056
40	4	4	0.894	1	4	1	0:01:15.919047
60	7	7	0.947	1	7	1	0:01:15.962911
80	8	8	0.771	1	8	1	0:01:15.944739
100	4	4	0.119	1	4	1	0:01:15.760552
120	8	8	0.362	1	8	1	0:01:16.063774
140	6	6	0.531	1	6	1	0:01:16.049417
160	2	2	0.874	1	2	1	0:01:16.207338
180	0	0	0.947	1	0	1	0:01:15.730632
200	5	5	0.747	1	5	1	0:01:16.129068
220	7	7	0.391	1	7	1	0:01:16.055822
240	1	1	0.947	1	1	1	0:01:15.846416
260	8	8	0.531	1	8	1	0:01:15.962633
280	9	9	0.428	1	9	1	0:01:16.114830
300	6	6	0.947	1	6	1	0:01:16.059447
320	3	3	0.367	1	3	1	0:01:16.219283
340	2	4	0.122	0	4	0	0:01:17.723066
360	9	9	0.862	1	9	1	0:01:16.240839
380	6	6	0.73	1	6	1	0:01:16.462893
400	9	9	0.93	1	9	1	0:01:17.087949
420	4	4	0.947	1	4	1	0:01:16.680231
440	1	1	0.947	1	1	1	0:01:18.331746
460	5	5	0.947	1	5	1	0:01:17.025073
480	8	9	0.0217	0	9	0	0:01:16.184133
500	4	4	0.0391	1	4	1	0:01:15.946456
520	5	5	0.918	1	5	1	0:01:18.371141
540	1	1	0.909	1	1	1	0:01:17.809740
560	0	0	0.947	1	0	1	0:01:16.023338
580	4	4	0.736	1	4	1	0:01:16.130465
600	8	8	0.253	1	8	1	0:01:16.023226
620	7	7	0.947	1	7	1	0:01:17.385623
640	5	3	0.612	0	3	0	0:01:17.706050
660	9	9	0.947	1	9	1	0:01:15.793053
680	9	9	0.00423	1	9	1	0:01:19.470072
700	7	7	0.947	1	7	1	0:01:16.191461
720	4	4	0.328	1	4	1	0:01:17.488300
740	2	5	0.419	0	5	0	0:01:16.514276
760	3	3	0.522	1	3	1	0:01:16.007842
780	9	9	0.918	1	9	1	0:01:17.909439
800	7	7	0.947	1	7	1	0:01:15.965469
820	6	5	0.239	0	5	0	0:01:16.117407
840	7	7	0.947	1	7	1	0:01:16.100544
860	4	4	0.56	1	4	1	0:01:16.013307
880	8	8	0.93	1	8	1	0:01:17.883142
900	2	6	0.458	0	6	0	0:01:15.814986
920	6	4	0.104	0	4	0	0:01:16.238513
940	9	9	0.947	1	9	1	0:01:16.168445
960	9	9	0.709	1	9	1	0:01:15.938648
980	2	-1	0.0	0	6	0	0:01:18.700130
1000	5	5	0.947	1	5	1	0:01:15.982419
1020	1	1	0.947	1	1	1	0:01:16.274721
1040	7	-1	0.0	0	5	0	0:01:18.264200
1060	9	9	0.947	1	9	1	0:01:16.268086
1080	6	6	0.332	1	6	1	0:01:16.137580
1100	7	8	0.422	0	8	0	0:01:16.073060
1120	5	2	0.213	0	2	0	0:01:15.851170
1140	6	6	0.518	1	6	1	0:01:16.319583
1160	8	8	0.552	1	8	1	0:01:16.874382
1180	3	2	0.502	0	2	0	0:01:16.754646
1200	8	8	0.424	1	8	1	0:01:16.512651
1220	9	6	0.0308	0	6	0	0:01:15.846751
1240	2	2	0.105	1	2	1	0:01:16.130096
1260	1	9	0.266	0	9	0	0:01:16.156539
1280	3	3	0.408	1	3	1	0:01:16.135298
1300	4	3	0.595	0	3	0	0:01:18.241645
1320	7	7	0.789	1	7	1	0:01:15.997723
1340	1	1	0.947	1	1	1	0:01:16.044935
1360	7	7	0.878	1	7	1	0:01:18.196150
1380	4	4	0.326	1	4	1	0:01:16.544671
1400	5	3	0.0907	0	3	0	0:01:16.627131
1420	4	4	0.322	1	4	1	0:01:16.356664
1440	0	0	0.371	1	0	1	0:01:16.301117
1460	6	6	0.947	1	6	1	0:01:16.639214
1480	1	1	0.526	1	1	1	0:01:15.900915
1500	1	1	0.947	1	1	1	0:01:15.860841
1520	7	7	0.947	1	7	1	0:01:16.272902
1540	8	8	0.947	1	8	1	0:01:15.933602
1560	7	7	0.947	1	7	1	0:01:16.033917
1580	6	1	0.0961	0	1	0	0:01:17.997321
1600	8	-1	0.0	0	-1	0	0:01:15.850364
1620	5	3	0.44	0	3	0	0:01:16.463155
1640	7	4	0.183	0	4	0	0:01:18.010005
1660	3	3	0.866	1	3	1	0:01:16.144785
1680	6	6	0.779	1	6	1	0:01:17.720217
1700	5	5	0.311	1	5	1	0:01:16.487608
1720	4	4	0.371	1	4	1	0:01:16.192277
1740	1	1	0.38	1	1	1	0:01:15.978996
1760	0	0	0.701	1	0	1	0:01:15.997061
1780	7	7	0.673	1	7	1	0:01:15.925335
1800	4	4	0.315	1	4	1	0:01:16.065728
1820	8	8	0.492	1	8	1	0:01:16.100144
1840	8	9	0.0861	0	9	0	0:01:16.169105
1860	8	8	0.947	1	8	1	0:01:15.813311
1880	1	1	0.947	1	1	1	0:01:15.863517
1900	8	8	0.947	1	8	1	0:01:17.333570
1920	2	2	0.947	1	2	1	0:01:18.924660
1940	5	5	0.947	1	5	1	0:01:15.993623
1960	2	5	0.209	0	5	0	0:01:20.020253
1980	9	9	0.947	1	9	1	0:01:16.480509
2000	1	1	0.526	1	1	1	0:01:16.526915
2020	9	9	0.93	1	9	1	0:01:20.322987
2040	0	0	0.947	1	0	1	0:01:15.759148
2060	5	3	0.484	0	3	0	0:01:16.114274
2080	1	1	0.401	1	1	1	0:01:19.653039
2100	2	2	0.542	1	2	1	0:01:16.476448
2120	4	8	0.278	0	8	0	0:01:16.183870
2140	9	9	0.947	1	9	1	0:01:16.036187
2160	0	0	0.511	1	0	1	0:01:15.939742
2180	4	4	0.93	1	4	1	0:01:16.174932
2200	0	0	0.0704	1	0	1	0:01:15.713760
2220	1	1	0.947	1	1	1	0:01:15.918811
2240	9	9	0.806	1	9	1	0:01:16.079526
2260	4	4	0.626	1	4	1	0:01:15.802642
2280	4	-1	0.0	0	8	0	0:01:16.317860
2300	3	-1	0.0	0	3	1	0:01:15.816616
2320	5	-1	0.0	0	3	0	0:01:15.753067
2340	7	7	0.947	1	7	1	0:01:16.368498
2360	7	7	0.68	1	7	1	0:01:15.966227
2380	8	8	0.947	1	8	1	0:01:16.097936
2400	0	0	0.947	1	0	1	0:01:20.317166
2420	8	-1	0.0	0	1	0	0:01:15.830304
2440	7	7	0.93	1	7	1	0:01:16.234054
2460	9	9	0.494	1	9	1	0:01:15.925965
2480	8	8	0.947	1	8	1	0:01:15.864172
2500	4	4	0.0325	1	4	1	0:01:18.056225
2520	1	1	0.623	1	1	1	0:01:17.988894
2540	2	6	0.136	0	6	0	0:01:16.112532
2560	7	7	0.678	1	7	1	0:01:16.187585
2580	6	6	0.726	1	6	1	0:01:19.317220
2600	8	8	0.883	1	8	1	0:01:16.590086
2620	1	1	0.623	1	1	1	0:01:16.055808
2640	7	7	0.947	1	7	1	0:01:15.984528
2660	3	-1	0.0	0	-1	0	0:01:19.196300
2680	0	0	0.947	1	0	1	0:01:17.454416
2700	9	1	0.076	0	1	0	0:01:15.967499
2720	3	3	0.398	1	3	1	0:01:16.230368
2740	1	1	0.538	1	1	1	0:01:15.890023
2760	2	2	0.572	1	2	1	0:01:17.766231
2780	7	7	0.947	1	7	1	0:01:18.446703
2800	4	4	0.477	1	4	1	0:01:15.963103
2820	6	6	0.947	1	6	1	0:01:19.766714
2840	3	3	0.947	1	3	1	0:01:16.366599
2860	5	5	0.271	1	5	1	0:01:15.913783
2880	4	4	0.93	1	4	1	0:01:16.163343
2900	3	5	0.303	0	5	0	0:01:15.967709
2920	2	2	0.492	1	2	1	0:01:16.161434
2940	3	0	0.477	0	0	0	0:01:16.329787
2960	9	9	0.182	1	9	1	0:01:16.336845
2980	8	8	0.894	1	8	1	0:01:16.173027
3000	5	5	0.947	1	5	1	0:01:16.075458
3020	1	1	0.947	1	1	1	0:01:16.251198
3040	7	7	0.947	1	7	1	0:01:16.269156
3060	7	7	0.909	1	7	1	0:01:16.510936
3080	1	1	0.721	1	1	1	0:01:15.993307
3100	0	0	0.837	1	0	1	0:01:16.447671
3120	4	-1	0.0	0	6	0	0:01:19.942868
3140	8	8	0.811	1	8	1	0:01:15.947788
3160	6	2	0.418	0	2	0	0:01:15.817142
3180	3	3	0.299	1	3	1	0:01:16.130483
3200	5	5	0.947	1	5	1	0:01:16.362288
3220	3	3	0.239	1	3	1	0:01:20.315670
3240	4	-1	0.0	0	0	0	0:01:16.016708
3260	7	7	0.947	1	7	1	0:01:16.222657
3280	3	5	0.177	0	5	0	0:01:19.313181
3300	4	4	0.113	1	4	1	0:01:17.384598
3320	2	7	0.0225	0	7	0	0:01:16.031871
3340	6	6	0.789	1	6	1	0:01:15.706879
3360	4	4	0.444	1	4	1	0:01:16.034624
3380	8	8	0.947	1	8	1	0:01:17.045463
3400	6	6	0.134	1	6	1	0:01:19.450042
3420	5	3	0.438	0	3	0	0:01:16.308027
3440	2	3	0.509	0	3	0	0:01:16.347975
3460	1	1	0.901	1	1	1	0:01:15.925762
3480	2	2	0.947	1	2	1	0:01:18.647457
3500	1	1	0.326	1	1	1	0:01:18.051999
3520	1	1	0.947	1	1	1	0:01:18.545574
3540	6	6	0.839	1	6	1	0:01:18.982760
3560	1	1	0.00772	1	1	1	0:01:20.180549
3580	4	4	0.293	1	4	1	0:01:19.613311
3600	4	2	0.0524	0	2	0	0:01:21.636872
3620	0	0	0.353	1	0	1	0:01:20.828602
3640	6	2	0.0537	0	2	0	0:01:22.141818
3660	0	0	0.947	1	0	1	0:01:20.884009
3680	0	0	0.0533	1	0	1	0:01:22.224687
3700	3	3	0.947	1	3	1	0:01:20.456454
3720	2	2	0.947	1	2	1	0:01:20.743040
3740	0	0	0.947	1	0	1	0:01:21.452674
3760	7	7	0.947	1	7	1	0:01:21.065860
3780	4	4	0.417	1	4	1	0:01:21.766038
3800	9	9	0.832	1	9	1	0:01:21.615931
3820	0	0	0.405	1	0	1	0:01:20.546378
3840	6	3	0.213	0	3	0	0:01:21.456213
3860	7	7	0.947	1	7	1	0:01:19.432101
3880	6	6	0.403	1	6	1	0:01:21.269244
3900	3	6	0.137	0	6	0	0:01:21.883320
3920	7	7	0.374	1	7	1	0:01:19.651030
3940	6	6	0.196	1	6	1	0:01:21.544767
3960	2	2	0.529	1	2	1	0:01:20.559990
3980	9	9	0.252	1	9	1	0:01:21.232991
4000	8	-1	0.0	0	-1	0	0:01:22.020922
4020	8	8	0.947	1	8	1	0:01:20.646805
4040	0	0	0.947	1	0	1	0:01:21.596878
4060	6	6	0.726	1	6	1	0:01:22.649411
4080	1	1	0.947	1	1	1	0:01:22.456647
4100	7	7	0.947	1	7	1	0:01:22.610223
4120	4	4	0.947	1	4	1	0:01:21.702439
4140	5	5	0.252	1	5	1	0:01:21.253578
4160	5	5	0.832	1	5	1	0:01:22.290451
4180	0	0	0.447	1	0	1	0:01:20.987360
4200	4	4	0.537	1	4	1	0:01:20.912069
4220	4	0	0.492	0	0	0	0:01:21.677491
4240	7	7	0.0361	1	7	1	0:01:21.452505
4260	8	8	0.947	1	8	1	0:01:21.093580
4280	8	9	0.018	0	9	0	0:01:20.737686
4300	8	8	0.732	1	8	1	0:01:19.410128
4320	1	1	0.261	1	1	1	0:01:18.928270
4340	0	0	0.947	1	0	1	0:01:19.861598
4360	6	6	0.554	1	6	1	0:01:19.789428
4380	9	9	0.744	1	9	1	0:01:21.324274
4400	3	-1	0.0	0	6	0	0:01:21.472114
4420	5	-1	0.0	0	5	1	0:01:20.870726
4440	2	2	0.458	1	2	1	0:01:19.762792
4460	9	9	0.888	1	9	1	0:01:20.236257
4480	9	9	0.947	1	9	1	0:01:19.522759
4500	3	3	0.211	1	3	1	0:01:18.709418
4520	3	3	0.297	1	3	1	0:01:19.551089
4540	9	9	0.901	1	9	1	0:01:20.095737
4560	1	1	0.947	1	1	1	0:01:18.567324
4580	6	6	0.3	1	6	1	0:01:19.808489
4600	4	4	0.947	1	4	1	0:01:18.985523
4620	7	7	0.425	1	7	1	0:01:20.656009
4640	2	2	0.859	1	2	1	0:01:21.272035
4660	7	7	0.228	1	7	1	0:01:19.846458
4680	9	9	0.947	1	9	1	0:01:19.631949
4700	6	5	0.168	0	5	0	0:01:19.069550
4720	8	8	0.124	1	8	1	0:01:20.251745
4740	5	3	0.2	0	3	0	0:01:18.630219
4760	3	2	0.53	0	2	0	0:01:20.411347
4780	0	0	0.606	1	0	1	0:01:19.730803
4800	9	9	0.947	1	9	1	0:01:20.365026
4820	3	3	0.414	1	3	1	0:01:18.635758
4840	0	0	0.947	1	0	1	0:01:19.665352
4860	5	5	0.947	1	5	1	0:01:19.386152
4880	0	0	0.513	1	0	1	0:01:19.798214
4900	3	3	0.615	1	3	1	0:01:19.571323
4920	7	7	0.947	1	7	1	0:01:19.820557
4940	6	6	0.751	1	6	1	0:01:19.434330
4960	4	4	0.337	1	4	1	0:01:19.330334
4980	1	9	0.236	0	9	0	0:01:18.532633
5000	7	7	0.947	1	7	1	0:01:18.640991
5020	8	8	0.947	1	8	1	0:01:19.801819
5040	3	3	0.523	1	3	1	0:01:19.783228
5060	6	6	0.327	1	6	1	0:01:19.896371
5080	7	7	0.274	1	7	1	0:01:19.909364
5100	3	3	0.947	1	3	1	0:01:20.700490
5120	9	9	0.618	1	9	1	0:01:20.944808
5140	8	8	0.791	1	8	1	0:01:20.237329
5160	0	0	0.947	1	0	1	0:01:19.841755
5180	9	7	0.221	0	7	0	0:01:20.499139
5200	3	3	0.678	1	3	1	0:01:21.100618
5220	0	0	0.783	1	0	1	0:01:20.615435
5240	1	1	0.412	1	1	1	0:01:22.328464
5260	0	0	0.947	1	0	1	0:01:21.264712
5280	0	8	0.0687	0	8	0	0:01:20.214213
5300	9	9	0.901	1	9	1	0:01:21.293753
5320	7	7	0.397	1	7	1	0:01:18.919393
5340	3	3	0.044	1	3	1	0:01:20.857864
5360	9	9	0.947	1	9	1	0:01:19.360794
5380	1	9	0.223	0	9	0	0:01:19.894285
5400	9	9	0.93	1	9	1	0:01:20.826840
5420	6	6	0.674	1	6	1	0:01:19.722762
5440	9	9	0.947	1	9	1	0:01:20.211853
5460	0	0	0.947	1	0	1	0:01:20.047446
5480	1	1	0.87	1	1	1	0:01:20.753859
5500	8	8	0.617	1	8	1	0:01:21.989100
5520	4	4	0.562	1	4	1	0:01:20.059176
5540	5	5	0.034	1	5	1	0:01:18.736913
5560	3	5	0.0298	0	5	0	0:01:21.593733
5580	5	5	0.169	1	5	1	0:01:21.091589
5600	6	-1	0.0	0	5	0	0:01:19.587536
5620	3	2	0.133	0	2	0	0:01:21.018619
5640	2	2	0.435	1	2	1	0:01:19.691597
5660	9	9	0.161	1	9	1	0:01:21.906185
5680	2	3	0.0555	0	3	0	0:01:19.616893
5700	3	5	0.0512	0	5	0	0:01:21.923446
5720	9	9	0.947	1	9	1	0:01:20.139290
5740	6	6	0.203	1	6	1	0:01:20.562123
5760	2	2	0.314	1	2	1	0:01:20.011413
5780	7	7	0.947	1	7	1	0:01:20.535573
5800	2	2	0.802	1	2	1	0:01:19.122231
5820	5	5	0.5	1	5	1	0:01:20.074606
5840	2	-1	0.0	0	-1	0	0:01:19.896516
5860	0	0	0.564	1	0	1	0:01:21.013951
5880	0	0	0.947	1	0	1	0:01:21.009661
5900	4	0	0.0209	0	0	0	0:01:19.593885
5920	8	8	0.947	1	8	1	0:01:20.459991
5940	7	7	0.339	1	7	1	0:01:20.298569
5960	2	6	0.431	0	6	0	0:01:20.914267
5980	9	9	0.947	1	9	1	0:01:19.978581
6000	8	8	0.438	1	8	1	0:01:19.446991
6020	6	6	0.947	1	6	1	0:01:20.290390
6040	2	7	0.693	0	7	0	0:01:20.688102
6060	3	4	0.156	0	4	0	0:01:19.908094
6080	1	1	0.703	1	1	1	0:01:19.969288
6100	1	1	0.947	1	1	1	0:01:19.554855
6120	5	5	0.947	1	5	1	0:01:20.141546
6140	9	9	0.947	1	9	1	0:01:20.884771
6160	2	2	0.612	1	2	1	0:01:21.304040
6180	0	0	0.315	1	0	1	0:01:20.812825
6200	3	3	0.536	1	3	1	0:01:20.028299
6220	2	2	0.145	1	2	1	0:01:20.262525
6240	2	2	0.437	1	2	1	0:01:19.737217
6260	2	2	0.204	1	2	1	0:01:19.281296
6280	8	8	0.2	1	8	1	0:01:20.839339
6300	1	1	0.947	1	1	1	0:01:20.668584
6320	0	0	0.947	1	0	1	0:01:20.082578
6340	3	3	0.434	1	3	1	0:01:19.595373
6360	2	2	0.313	1	2	1	0:01:19.483983
6380	3	-1	0.0	0	3	1	0:01:20.347396
6400	0	0	0.293	1	0	1	0:01:20.146288
6420	7	7	0.947	1	7	1	0:01:21.775386
6440	3	8	0.0871	0	8	0	0:01:19.210272
6460	3	3	0.422	1	3	1	0:01:22.183516
6480	0	0	0.707	1	0	1	0:01:21.294588
6500	7	-1	0.0	0	7	1	0:01:20.904923
6520	6	6	0.372	1	6	1	0:01:20.624025
6540	8	8	0.947	1	8	1	0:01:21.197082
6560	6	6	0.642	1	6	1	0:01:21.159325
6580	1	1	0.0959	1	1	1	0:01:20.638801
6600	7	7	0.947	1	7	1	0:01:21.532589
6620	7	7	0.947	1	7	1	0:01:20.674910
6640	5	3	0.839	0	3	0	0:01:20.680833
6660	0	0	0.947	1	0	1	0:01:20.464805
6680	3	5	0.165	0	5	0	0:01:21.567510
6700	6	6	0.93	1	6	1	0:01:21.353974
6720	2	2	0.42	1	2	1	0:01:21.799885
6740	2	2	0.659	1	2	1	0:01:22.082081
6760	5	5	0.837	1	5	1	0:01:21.700482
6780	7	7	0.947	1	7	1	0:01:22.097185
6800	6	6	0.145	1	6	1	0:01:22.113671
6820	1	1	0.947	1	1	1	0:01:21.287900
6840	9	9	0.918	1	9	1	0:01:21.082828
6860	0	0	0.883	1	0	1	0:01:20.697178
6880	2	2	0.894	1	2	1	0:01:19.917229
6900	3	3	0.847	1	3	1	0:01:20.821912
6920	5	4	0.0621	0	4	0	0:01:21.216136
6940	1	1	0.947	1	1	1	0:01:21.514957
6960	9	9	0.716	1	9	1	0:01:19.752903
6980	0	-1	0.0	0	8	0	0:01:20.914494
7000	2	8	0.0757	0	8	0	0:01:21.592562
7020	7	7	0.947	1	7	1	0:01:23.091265
7040	7	0	0.0186	0	0	0	0:01:20.473602
7060	8	8	0.918	1	8	1	0:01:22.156986
7080	5	4	0.269	0	4	0	0:01:19.398135
7100	9	9	0.00166	1	9	1	0:01:21.350644
7120	7	7	0.421	1	7	1	0:01:21.310845
7140	4	4	0.0602	1	4	1	0:01:22.309413
7160	5	5	0.56	1	5	1	0:01:20.241128
7180	6	6	0.766	1	6	1	0:01:19.559763
7200	4	4	0.396	1	4	1	0:01:22.075736
7220	9	9	0.62	1	9	1	0:01:23.221001
7240	0	0	0.764	1	0	1	0:01:20.324075
7260	1	1	0.947	1	1	1	0:01:21.277623
7280	1	9	0.12	0	9	0	0:01:18.928838
7300	3	5	0.402	0	5	0	0:01:18.193296
7320	8	8	0.312	1	8	1	0:01:18.655258
7340	2	4	0.00853	0	4	0	0:01:20.334242
7360	2	2	0.72	1	2	1	0:01:20.851392
7380	7	7	0.947	1	7	1	0:01:20.076935
7400	3	-1	0.0	0	9	0	0:01:19.137827
7420	3	3	0.214	1	3	1	0:01:17.540456
7440	3	3	0.459	1	3	1	0:01:19.712428
7460	5	5	0.947	1	5	1	0:01:18.445677
7480	1	1	0.0428	1	1	1	0:01:19.941192
7500	6	6	0.947	1	6	1	0:01:19.309587
7520	4	4	0.699	1	4	1	0:01:19.867918
7540	5	5	0.947	1	5	1	0:01:19.126662
7560	0	0	0.729	1	0	1	0:01:20.016356
7580	8	8	0.856	1	8	1	0:01:19.477938
7600	8	9	0.355	0	9	0	0:01:19.871809
7620	5	3	0.0585	0	3	0	0:01:20.290939
7640	9	9	0.0564	1	9	1	0:01:23.335919
7660	7	7	0.464	1	7	1	0:01:19.616170
7680	3	5	0.0153	0	5	0	0:01:16.493807
7700	6	6	0.947	1	6	1	0:01:16.063670
7720	5	5	0.505	1	5	1	0:01:15.870673
7740	4	4	0.333	1	4	1	0:01:15.690799
7760	2	9	0.196	0	9	0	0:01:15.832824
7780	3	8	0.205	0	8	0	0:01:16.043470
7800	0	0	0.947	1	0	1	0:01:16.312828
7820	5	3	0.257	0	3	0	0:01:16.031389
7840	1	1	0.947	1	1	1	0:01:15.617670
7860	8	8	0.93	1	8	1	0:01:15.711636
7880	0	0	0.947	1	0	1	0:01:15.830727
7900	0	4	0.0442	0	4	0	0:01:15.419171
7920	9	9	0.373	1	9	1	0:01:15.888783
7940	2	6	0.0502	0	6	0	0:01:15.713597
7960	0	0	0.368	1	0	1	0:01:15.460024
7980	3	3	0.743	1	3	1	0:01:16.070342
8000	9	9	0.947	1	9	1	0:01:15.480469
8020	6	3	0.797	0	3	0	0:01:15.795573
8040	2	2	0.947	1	2	1	0:01:15.646433
8060	6	6	0.947	1	6	1	0:01:15.400918
8080	4	4	0.649	1	4	1	0:01:15.666514
8100	6	6	0.151	1	6	1	0:01:15.570076
8120	8	-1	0.0	0	8	1	0:01:15.598411
8140	5	7	0.0286	0	7	0	0:01:16.060070
8160	6	6	0.947	1	6	1	0:01:15.375409
8180	4	4	0.364	1	4	1	0:01:15.626127
8200	3	4	0.0222	0	4	0	0:01:15.902915
8220	6	-1	0.0	0	5	0	0:01:15.449794
8240	7	7	0.947	1	7	1	0:01:16.163124
8260	1	1	0.947	1	1	1	0:01:15.890136
8280	4	4	0.0702	1	4	1	0:01:15.616154
8300	5	-1	0.0	0	5	1	0:01:16.113771
8320	7	7	0.532	1	7	1	0:01:15.736116
8340	5	5	0.569	1	5	1	0:01:15.799227
8360	7	7	0.947	1	7	1	0:01:16.115715
8380	9	9	0.947	1	9	1	0:01:15.896950
8400	0	0	0.176	1	0	1	0:01:16.231459
8420	3	6	0.663	0	6	0	0:01:16.105487
8440	5	3	0.367	0	3	0	0:01:15.789515
8460	8	8	0.947	1	8	1	0:01:16.182347
8480	2	2	0.383	1	2	1	0:01:15.800123
8500	4	4	0.947	1	4	1	0:01:16.152901
8520	8	8	0.376	1	8	1	0:01:16.043416
8540	4	4	0.117	1	4	1	0:01:15.782350
8560	7	7	0.888	1	7	1	0:01:15.894591
8580	3	5	0.285	0	5	0	0:01:16.192637
8600	3	3	0.304	1	3	1	0:01:15.792283
8620	3	3	0.375	1	3	1	0:01:16.353943
8640	1	1	0.585	1	1	1	0:01:15.794821
8660	7	7	0.947	1	7	1	0:01:15.937427
8680	3	-1	0.0	0	-1	0	0:01:15.927661
8700	3	3	0.104	1	3	1	0:01:15.822971
8720	2	0	0.832	0	0	0	0:01:16.045424
8740	2	2	0.583	1	2	1	0:01:16.104046
8760	8	8	0.947	1	8	1	0:01:15.738473
8780	4	4	0.216	1	4	1	0:01:16.003451
8800	0	0	0.719	1	0	1	0:01:16.025745
8820	2	2	0.947	1	2	1	0:01:15.985889
8840	2	-1	0.0	0	7	0	0:01:16.059067
8860	2	2	0.947	1	2	1	0:01:15.763103
8880	1	1	0.773	1	1	1	0:01:15.961957
8900	2	2	0.232	1	2	1	0:01:16.024121
8920	6	6	0.79	1	6	1	0:01:15.947871
8940	6	3	0.62	0	3	0	0:01:15.952940
8960	0	0	0.344	1	0	1	0:01:16.184625
8980	9	9	0.947	1	9	1	0:01:16.040627
9000	8	8	0.947	1	8	1	0:01:15.846522
9020	7	7	0.947	1	7	1	0:01:16.187065
9040	2	5	0.947	0	5	0	0:01:16.087067
9060	9	9	0.894	1	9	1	0:01:16.010455
9080	3	3	0.712	1	3	1	0:01:16.096376
9100	9	1	0.205	0	1	0	0:01:15.901984
9120	3	5	0.334	0	5	0	0:01:16.304676
9140	7	7	0.613	1	7	1	0:01:16.082476
9160	5	5	0.0638	1	5	1	0:01:15.958716
9180	5	5	0.947	1	5	1	0:01:15.957378
9200	8	8	0.456	1	8	1	0:01:16.009075
9220	8	8	0.947	1	8	1	0:01:15.712785
9240	8	8	0.626	1	8	1	0:01:16.339828
9260	5	5	0.746	1	5	1	0:01:15.909101
9280	9	9	0.45	1	9	1	0:01:16.086789
9300	5	3	0.01	0	3	0	0:01:16.000256
9320	9	9	0.947	1	9	1	0:01:15.967239
9340	1	1	0.947	1	1	1	0:01:16.190881
9360	5	0	0.633	0	0	0	0:01:15.843937
9380	5	3	0.169	0	3	0	0:01:15.868797
9400	6	6	0.947	1	6	1	0:01:16.170189
9420	5	5	0.947	1	5	1	0:01:15.763230
9440	8	8	0.947	1	8	1	0:01:16.018841
9460	3	3	0.284	1	3	1	0:01:16.108404
9480	2	-1	0.0	0	2	1	0:01:15.875863
9500	9	9	0.947	1	9	1	0:01:16.372869
9520	1	1	0.909	1	1	1	0:01:15.855400
9540	5	5	0.412	1	5	1	0:01:15.839522
9560	9	7	0.138	0	7	0	0:01:16.221471
9580	1	1	0.947	1	1	1	0:01:15.939699
9600	8	8	0.382	1	8	1	0:01:15.784066
9620	4	4	0.777	1	4	1	0:01:16.164088
9640	5	5	0.909	1	5	1	0:01:15.763784
9660	6	6	0.947	1	6	1	0:01:16.206577
9680	8	8	0.688	1	8	1	0:01:15.784986
9700	0	0	0.93	1	0	1	0:01:15.801695
9720	8	8	0.442	1	8	1	0:01:16.041124
9740	3	6	0.527	0	6	0	0:01:15.865473
9760	9	9	0.325	1	9	1	0:01:15.867045
9780	4	4	0.0968	1	4	1	0:01:16.180361
9800	1	1	0.947	1	1	1	0:01:15.876288
9820	0	8	0.108	0	8	0	0:01:16.095591
9840	4	7	0.832	0	7	0	0:01:16.078363
9860	0	0	0.462	1	0	1	0:01:15.901735
9880	7	7	0.151	1	7	1	0:01:16.488915
9900	8	8	0.947	1	8	1	0:01:15.829753
9920	6	6	0.947	1	6	1	0:01:15.987732
9940	4	4	0.44	1	4	1	0:01:15.977988
9960	2	0	0.672	0	0	0	0:01:15.772015
9980	0	0	0.947	1	0	1	0:01:16.040996
