idx	predict	radius	unperturbed predict	time
0	0	0.0811	0	0:01:16.653843
20	0	0.495	0	0:01:15.955056
40	1	0.22	1	0:01:15.919047
60	1	0.486	1	0:01:15.962911
80	1	0.42	1	0:01:15.944739
100	0	0.696	0	0:01:15.760552
120	0	0.36	0	0:01:16.063774
140	0	0.456	0	0:01:16.049417
160	0	0.739	0	0:01:16.207338
180	0	0.789	0	0:01:15.730632
200	0	0.238	0	0:01:16.129068
220	0	0.718	0	0:01:16.055822
240	1	0.947	1	0:01:15.846416
260	0	0.229	0	0:01:15.962633
280	0	0.195	0	0:01:16.114830
300	1	0.234	1	0:01:16.059447
320	0	0.784	0	0:01:16.219283
340	0	0.427	0	0:01:17.723066
360	1	0.426	1	0:01:16.240839
380	1	0.0443	1	0:01:16.462893
400	1	0.736	1	0:01:17.087949
420	1	0.191	1	0:01:16.680231
440	1	0.852	1	0:01:18.331746
460	1	0.382	1	0:01:17.025073
480	0	0.404	0	0:01:16.184133
500	0	0.558	0	0:01:15.946456
520	0	0.118	0	0:01:18.371141
540	1	0.681	1	0:01:17.809740
560	1	0.601	1	0:01:16.023338
580	1	0.0508	1	0:01:16.130465
600	0	0.739	0	0:01:16.023226
620	1	0.473	1	0:01:17.385623
640	0	0.947	0	0:01:17.706050
660	1	0.507	1	0:01:15.793053
680	0	0.866	0	0:01:19.470072
700	1	0.812	1	0:01:16.191461
720	0	0.105	0	0:01:17.488300
740	0	0.746	0	0:01:16.514276
760	0	0.358	0	0:01:16.007842
780	1	0.577	1	0:01:17.909439
800	1	0.947	1	0:01:15.965469
820	0	0.595	0	0:01:16.117407
840	1	0.93	1	0:01:16.100544
860	0	0.699	0	0:01:16.013307
880	1	0.754	1	0:01:17.883142
900	0	0.604	0	0:01:15.814986
920	0	0.428	0	0:01:16.238513
940	1	0.558	1	0:01:16.168445
960	0	0.0682	0	0:01:15.938648
980	0	0.433	0	0:01:18.700130
1000	1	0.136	1	0:01:15.982419
1020	1	0.883	1	0:01:16.274721
1040	0	0.947	0	0:01:18.264200
1060	1	0.947	1	0:01:16.268086
1080	0	0.83	0	0:01:16.137580
1100	0	0.369	0	0:01:16.073060
1120	0	0.319	0	0:01:15.851170
1140	0	0.137	0	0:01:16.319583
1160	1	0.116	1	0:01:16.874382
1180	0	0.273	0	0:01:16.754646
1200	0	0.483	0	0:01:16.512651
1220	0	0.901	0	0:01:15.846751
1240	0	0.299	0	0:01:16.130096
1260	1	0.148	1	0:01:16.156539
1280	0	0.368	0	0:01:16.135298
1300	0	0.947	0	0:01:18.241645
1320	1	0.444	1	0:01:15.997723
1340	1	0.676	1	0:01:16.044935
1360	1	0.161	1	0:01:18.196150
1380	0	0.543	0	0:01:16.544671
1400	0	0.947	0	0:01:16.627131
1420	0	0.264	0	0:01:16.356664
1440	0	0.579	0	0:01:16.301117
1460	1	0.295	1	0:01:16.639214
1480	0	0.335	0	0:01:15.900915
1500	1	0.823	1	0:01:15.860841
1520	1	0.681	1	0:01:16.272902
1540	1	0.918	1	0:01:15.933602
1560	1	0.947	1	0:01:16.033917
1580	0	0.536	0	0:01:17.997321
1600	0	0.69	0	0:01:15.850364
1620	0	0.947	0	0:01:16.463155
1640	0	0.85	0	0:01:18.010005
1660	1	0.0316	1	0:01:16.144785
1680	0	0.684	0	0:01:17.720217
1700	0	0.224	0	0:01:16.487608
1720	0	0.568	0	0:01:16.192277
1740	0	0.117	0	0:01:15.978996
1760	1	0.329	1	0:01:15.997061
1780	0	0.219	0	0:01:15.925335
1800	0	0.286	0	0:01:16.065728
1820	0	0.508	0	0:01:16.100144
1840	0	0.637	0	0:01:16.169105
1860	1	0.844	1	0:01:15.813311
1880	1	0.804	1	0:01:15.863517
1900	1	0.947	1	0:01:17.333570
1920	1	0.719	1	0:01:18.924660
1940	0	0.231	0	0:01:15.993623
1960	0	0.533	0	0:01:20.020253
1980	1	0.947	1	0:01:16.480509
2000	1	0.0648	1	0:01:16.526915
2020	1	0.755	1	0:01:20.322987
2040	1	0.93	1	0:01:15.759148
2060	0	0.947	0	0:01:16.114274
2080	1	0.256	1	0:01:19.653039
2100	1	0.234	1	0:01:16.476448
2120	0	0.577	0	0:01:16.183870
2140	1	0.947	1	0:01:16.036187
2160	1	0.33	1	0:01:15.939742
2180	0	0.947	0	0:01:16.174932
2200	0	0.947	0	0:01:15.713760
2220	1	0.947	1	0:01:15.918811
2240	1	0.476	1	0:01:16.079526
2260	0	0.0374	0	0:01:15.802642
2280	0	0.918	0	0:01:16.317860
2300	0	0.812	0	0:01:15.816616
2320	0	0.796	0	0:01:15.753067
2340	1	0.947	1	0:01:16.368498
2360	1	0.00463	-1	0:01:15.966227
2380	1	0.705	1	0:01:16.097936
2400	0	0.493	0	0:01:20.317166
2420	0	0.859	0	0:01:15.830304
2440	1	0.293	1	0:01:16.234054
2460	0	0.306	0	0:01:15.925965
2480	1	0.595	1	0:01:15.864172
2500	0	0.498	0	0:01:18.056225
2520	0	0.432	0	0:01:17.988894
2540	0	0.692	0	0:01:16.112532
2560	1	0.286	1	0:01:16.187585
2580	1	0.108	1	0:01:19.317220
2600	1	0.574	1	0:01:16.590086
2620	1	0.392	1	0:01:16.055808
2640	1	0.483	1	0:01:15.984528
2660	0	0.93	0	0:01:19.196300
2680	1	0.226	1	0:01:17.454416
2700	0	0.331	0	0:01:15.967499
2720	0	0.505	0	0:01:16.230368
2740	0	0.776	0	0:01:15.890023
2760	1	0.0665	1	0:01:17.766231
2780	1	0.277	1	0:01:18.446703
2800	0	0.0105	-1	0:01:15.963103
2820	1	0.344	1	0:01:19.766714
2840	0	0.947	0	0:01:16.366599
2860	0	0.655	0	0:01:15.913783
2880	0	0.753	0	0:01:16.163343
2900	0	0.93	0	0:01:15.967709
2920	0	0.362	0	0:01:16.161434
2940	0	0.947	0	0:01:16.329787
2960	0	0.51	0	0:01:16.336845
2980	1	0.647	1	0:01:16.173027
3000	0	0.947	0	0:01:16.075458
3020	1	0.679	1	0:01:16.251198
3040	1	0.947	1	0:01:16.269156
3060	1	0.269	1	0:01:16.510936
3080	1	0.29	1	0:01:15.993307
3100	0	0.802	0	0:01:16.447671
3120	0	0.655	0	0:01:19.942868
3140	1	0.428	1	0:01:15.947788
3160	0	0.106	0	0:01:15.817142
3180	0	0.796	0	0:01:16.130483
3200	0	0.0198	0	0:01:16.362288
3220	0	0.605	0	0:01:20.315670
3240	0	0.744	0	0:01:16.016708
3260	1	0.738	1	0:01:16.222657
3280	0	0.695	0	0:01:19.313181
3300	0	0.108	0	0:01:17.384598
3320	0	0.769	0	0:01:16.031871
3340	1	0.364	1	0:01:15.706879
3360	0	0.0997	0	0:01:16.034624
3380	1	0.947	1	0:01:17.045463
3400	0	0.947	0	0:01:19.450042
3420	0	0.93	0	0:01:16.308027
3440	0	0.947	0	0:01:16.347975
3460	1	0.74	1	0:01:15.925762
3480	1	0.411	1	0:01:18.647457
3500	0	0.123	0	0:01:18.051999
3520	1	0.947	1	0:01:18.545574
3540	0	0.0102	0	0:01:18.982760
3560	0	0.428	0	0:01:20.180549
3580	0	0.348	0	0:01:19.613311
3600	0	0.698	0	0:01:21.636872
3620	0	0.364	0	0:01:20.828602
3640	0	0.816	0	0:01:22.141818
3660	1	0.791	1	0:01:20.884009
3680	0	0.883	0	0:01:22.224687
3700	1	0.704	1	0:01:20.456454
3720	1	0.722	1	0:01:20.743040
3740	1	0.0516	1	0:01:21.452674
3760	1	0.894	1	0:01:21.065860
3780	0	0.797	0	0:01:21.766038
3800	1	0.391	1	0:01:21.615931
3820	0	0.806	0	0:01:20.546378
3840	0	0.947	0	0:01:21.456213
3860	1	0.947	1	0:01:19.432101
3880	0	0.498	0	0:01:21.269244
3900	0	0.779	0	0:01:21.883320
3920	0	0.537	0	0:01:19.651030
3940	0	0.814	0	0:01:21.544767
3960	0	0.108	0	0:01:20.559990
3980	0	0.646	0	0:01:21.232991
4000	0	0.579	0	0:01:22.020922
4020	1	0.0161	1	0:01:20.646805
4040	1	0.947	1	0:01:21.596878
4060	-1	0.0	1	0:01:22.649411
4080	1	0.947	1	0:01:22.456647
4100	1	0.788	1	0:01:22.610223
4120	1	0.947	1	0:01:21.702439
4140	0	0.542	0	0:01:21.253578
4160	1	0.173	1	0:01:22.290451
4180	1	0.188	1	0:01:20.987360
4200	0	0.331	0	0:01:20.912069
4220	0	0.629	0	0:01:21.677491
4240	0	0.433	0	0:01:21.452505
4260	1	0.7	1	0:01:21.093580
4280	0	0.564	0	0:01:20.737686
4300	0	0.0602	0	0:01:19.410128
4320	0	0.0665	0	0:01:18.928270
4340	1	0.844	1	0:01:19.861598
4360	0	0.593	0	0:01:19.789428
4380	1	0.0206	1	0:01:21.324274
4400	0	0.859	0	0:01:21.472114
4420	0	0.517	0	0:01:20.870726
4440	0	0.099	0	0:01:19.762792
4460	1	0.592	1	0:01:20.236257
4480	1	0.901	1	0:01:19.522759
4500	0	0.532	0	0:01:18.709418
4520	0	0.894	0	0:01:19.551089
4540	1	0.218	1	0:01:20.095737
4560	1	0.835	1	0:01:18.567324
4580	0	0.0969	0	0:01:19.808489
4600	1	0.262	1	0:01:18.985523
4620	0	0.137	0	0:01:20.656009
4640	1	0.344	1	0:01:21.272035
4660	0	0.318	0	0:01:19.846458
4680	1	0.757	1	0:01:19.631949
4700	0	0.745	0	0:01:19.069550
4720	0	0.573	0	0:01:20.251745
4740	0	0.93	0	0:01:18.630219
4760	0	0.25	0	0:01:20.411347
4780	1	0.205	1	0:01:19.730803
4800	1	0.947	1	0:01:20.365026
4820	0	0.365	0	0:01:18.635758
4840	1	0.305	1	0:01:19.665352
4860	0	0.195	0	0:01:19.386152
4880	1	0.048	1	0:01:19.798214
4900	0	0.654	0	0:01:19.571323
4920	1	0.819	1	0:01:19.820557
4940	1	0.106	1	0:01:19.434330
4960	0	0.131	0	0:01:19.330334
4980	0	0.503	0	0:01:18.532633
5000	1	0.365	1	0:01:18.640991
5020	1	0.883	1	0:01:19.801819
5040	0	0.599	0	0:01:19.783228
5060	0	0.585	0	0:01:19.896371
5080	0	0.458	0	0:01:19.909364
5100	1	0.591	1	0:01:20.700490
5120	1	0.17	1	0:01:20.944808
5140	1	0.409	1	0:01:20.237329
5160	1	0.888	1	0:01:19.841755
5180	0	0.452	0	0:01:20.499139
5200	0	0.234	0	0:01:21.100618
5220	0	0.328	0	0:01:20.615435
5240	1	0.0192	1	0:01:22.328464
5260	0	0.203	0	0:01:21.264712
5280	0	0.947	0	0:01:20.214213
5300	1	0.513	1	0:01:21.293753
5320	0	0.178	0	0:01:18.919393
5340	0	0.842	0	0:01:20.857864
5360	1	0.705	1	0:01:19.360794
5380	0	0.296	0	0:01:19.894285
5400	1	0.777	1	0:01:20.826840
5420	1	0.282	1	0:01:19.722762
5440	1	0.947	1	0:01:20.211853
5460	0	0.793	0	0:01:20.047446
5480	1	0.492	1	0:01:20.753859
5500	1	0.058	1	0:01:21.989100
5520	1	0.102	1	0:01:20.059176
5540	0	0.78	0	0:01:18.736913
5560	0	0.761	0	0:01:21.593733
5580	0	0.631	0	0:01:21.091589
5600	0	0.909	0	0:01:19.587536
5620	0	0.816	0	0:01:21.018619
5640	0	0.724	0	0:01:19.691597
5660	0	0.306	0	0:01:21.906185
5680	0	0.888	0	0:01:19.616893
5700	0	0.947	0	0:01:21.923446
5720	1	0.918	1	0:01:20.139290
5740	0	0.482	0	0:01:20.562123
5760	0	0.222	0	0:01:20.011413
5780	1	0.947	1	0:01:20.535573
5800	1	0.443	1	0:01:19.122231
5820	0	0.385	0	0:01:20.074606
5840	0	0.747	0	0:01:19.896516
5860	1	0.18	1	0:01:21.013951
5880	1	0.805	1	0:01:21.009661
5900	0	0.522	0	0:01:19.593885
5920	1	0.947	1	0:01:20.459991
5940	0	0.281	0	0:01:20.298569
5960	0	0.24	0	0:01:20.914267
5980	1	0.73	1	0:01:19.978581
6000	0	0.0844	0	0:01:19.446991
6020	1	0.598	1	0:01:20.290390
6040	0	0.0707	0	0:01:20.688102
6060	0	0.451	0	0:01:19.908094
6080	1	0.435	1	0:01:19.969288
6100	1	0.538	1	0:01:19.554855
6120	0	0.221	0	0:01:20.141546
6140	1	0.947	1	0:01:20.884771
6160	1	0.0085	-1	0:01:21.304040
6180	0	0.408	0	0:01:20.812825
6200	0	0.322	0	0:01:20.028299
6220	0	0.48	0	0:01:20.262525
6240	0	0.389	0	0:01:19.737217
6260	0	0.437	0	0:01:19.281296
6280	0	0.622	0	0:01:20.839339
6300	1	0.417	1	0:01:20.668584
6320	1	0.309	1	0:01:20.082578
6340	0	0.523	0	0:01:19.595373
6360	0	0.153	0	0:01:19.483983
6380	0	0.888	0	0:01:20.347396
6400	0	0.102	0	0:01:20.146288
6420	1	0.769	1	0:01:21.775386
6440	0	0.862	0	0:01:19.210272
6460	0	0.551	0	0:01:22.183516
6480	0	0.231	0	0:01:21.294588
6500	0	0.611	0	0:01:20.904923
6520	0	0.402	0	0:01:20.624025
6540	1	0.469	1	0:01:21.197082
6560	0	0.0586	0	0:01:21.159325
6580	0	0.633	0	0:01:20.638801
6600	1	0.947	1	0:01:21.532589
6620	1	0.918	1	0:01:20.674910
6640	0	0.081	0	0:01:20.680833
6660	1	0.712	1	0:01:20.464805
6680	0	0.852	0	0:01:21.567510
6700	1	0.432	1	0:01:21.353974
6720	0	0.377	0	0:01:21.799885
6740	0	0.294	0	0:01:22.082081
6760	-1	0.0	1	0:01:21.700482
6780	1	0.601	1	0:01:22.097185
6800	0	0.473	0	0:01:22.113671
6820	1	0.947	1	0:01:21.287900
6840	1	0.686	1	0:01:21.082828
6860	0	0.729	0	0:01:20.697178
6880	1	0.623	1	0:01:19.917229
6900	0	0.0898	0	0:01:20.821912
6920	0	0.866	0	0:01:21.216136
6940	1	0.947	1	0:01:21.514957
6960	1	0.377	1	0:01:19.752903
6980	0	0.605	0	0:01:20.914494
7000	0	0.901	0	0:01:21.592562
7020	1	0.947	1	0:01:23.091265
7040	0	0.711	0	0:01:20.473602
7060	1	0.658	1	0:01:22.156986
7080	0	0.657	0	0:01:19.398135
7100	0	0.947	0	0:01:21.350644
7120	0	0.539	0	0:01:21.310845
7140	0	0.446	0	0:01:22.309413
7160	-1	0.0	1	0:01:20.241128
7180	0	0.421	0	0:01:19.559763
7200	1	0.0413	1	0:01:22.075736
7220	1	0.109	1	0:01:23.221001
7240	1	0.433	1	0:01:20.324075
7260	1	0.93	1	0:01:21.277623
7280	0	0.901	0	0:01:18.928838
7300	0	0.199	0	0:01:18.193296
7320	0	0.0602	0	0:01:18.655258
7340	0	0.65	0	0:01:20.334242
7360	1	0.138	1	0:01:20.851392
7380	1	0.0509	1	0:01:20.076935
7400	0	0.947	0	0:01:19.137827
7420	0	0.894	0	0:01:17.540456
7440	0	0.728	0	0:01:19.712428
7460	0	0.0933	0	0:01:18.445677
7480	0	0.23	0	0:01:19.941192
7500	1	0.888	1	0:01:19.309587
7520	0	0.502	0	0:01:19.867918
7540	1	0.52	1	0:01:19.126662
7560	0	0.147	0	0:01:20.016356
7580	-1	0.0	1	0:01:19.477938
7600	0	0.311	0	0:01:19.871809
7620	0	0.808	0	0:01:20.290939
7640	0	0.482	0	0:01:23.335919
7660	0	0.0682	0	0:01:19.616170
7680	0	0.594	0	0:01:16.493807
7700	1	0.447	1	0:01:16.063670
7720	0	0.73	0	0:01:15.870673
7740	0	0.172	0	0:01:15.690799
7760	0	0.826	0	0:01:15.832824
7780	0	0.292	0	0:01:16.043470
7800	0	0.0452	0	0:01:16.312828
7820	0	0.947	0	0:01:16.031389
7840	1	0.947	1	0:01:15.617670
7860	1	0.392	1	0:01:15.711636
7880	1	0.455	1	0:01:15.830727
7900	0	0.643	0	0:01:15.419171
7920	0	0.244	0	0:01:15.888783
7940	0	0.255	0	0:01:15.713597
7960	0	0.405	0	0:01:15.460024
7980	0	0.164	0	0:01:16.070342
8000	1	0.83	1	0:01:15.480469
8020	0	0.894	0	0:01:15.795573
8040	1	0.816	1	0:01:15.646433
8060	1	0.153	1	0:01:15.400918
8080	1	0.19	1	0:01:15.666514
8100	0	0.901	0	0:01:15.570076
8120	0	0.399	0	0:01:15.598411
8140	0	0.607	0	0:01:16.060070
8160	1	0.63	1	0:01:15.375409
8180	0	0.788	0	0:01:15.626127
8200	0	0.644	0	0:01:15.902915
8220	0	0.77	0	0:01:15.449794
8240	1	0.654	1	0:01:16.163124
8260	1	0.947	1	0:01:15.890136
8280	0	0.93	0	0:01:15.616154
8300	0	0.888	0	0:01:16.113771
8320	-1	0.0	0	0:01:15.736116
8340	0	0.0448	0	0:01:15.799227
8360	1	0.947	1	0:01:16.115715
8380	1	0.438	1	0:01:15.896950
8400	0	0.346	0	0:01:16.231459
8420	0	0.214	0	0:01:16.105487
8440	0	0.596	0	0:01:15.789515
8460	1	0.496	1	0:01:16.182347
8480	0	0.553	0	0:01:15.800123
8500	0	0.692	0	0:01:16.152901
8520	0	0.171	0	0:01:16.043416
8540	0	0.646	0	0:01:15.782350
8560	0	0.155	0	0:01:15.894591
8580	0	0.668	0	0:01:16.192637
8600	0	0.894	0	0:01:15.792283
8620	0	0.947	0	0:01:16.353943
8640	-1	0.0	0	0:01:15.794821
8660	1	0.769	1	0:01:15.937427
8680	0	0.763	0	0:01:15.927661
8700	0	0.866	0	0:01:15.822971
8720	0	0.634	0	0:01:16.045424
8740	0	0.0729	0	0:01:16.104046
8760	1	0.58	1	0:01:15.738473
8780	0	0.453	0	0:01:16.003451
8800	0	0.947	0	0:01:16.025745
8820	1	0.947	1	0:01:15.985889
8840	0	0.947	0	0:01:16.059067
8860	1	0.368	1	0:01:15.763103
8880	1	0.532	1	0:01:15.961957
8900	0	0.305	0	0:01:16.024121
8920	0	0.0613	0	0:01:15.947871
8940	0	0.0982	0	0:01:15.952940
8960	0	0.947	0	0:01:16.184625
8980	1	0.947	1	0:01:16.040627
9000	1	0.878	1	0:01:15.846522
9020	1	0.824	1	0:01:16.187065
9040	1	0.256	1	0:01:16.087067
9060	1	0.102	1	0:01:16.010455
9080	0	0.103	0	0:01:16.096376
9100	0	0.185	0	0:01:15.901984
9120	0	0.346	0	0:01:16.304676
9140	0	0.0919	0	0:01:16.082476
9160	0	0.713	0	0:01:15.958716
9180	0	0.0186	0	0:01:15.957378
9200	0	0.0253	0	0:01:16.009075
9220	1	0.918	1	0:01:15.712785
9240	-1	0.0	0	0:01:16.339828
9260	0	0.118	0	0:01:15.909101
9280	0	0.0504	0	0:01:16.086789
9300	0	0.775	0	0:01:16.000256
9320	1	0.814	1	0:01:15.967239
9340	1	0.947	1	0:01:16.190881
9360	0	0.191	0	0:01:15.843937
9380	0	0.894	0	0:01:15.868797
9400	1	0.675	1	0:01:16.170189
9420	1	0.337	1	0:01:15.763230
9440	1	0.729	1	0:01:16.018841
9460	0	0.453	0	0:01:16.108404
9480	0	0.66	0	0:01:15.875863
9500	1	0.628	1	0:01:16.372869
9520	1	0.194	1	0:01:15.855400
9540	0	0.154	0	0:01:15.839522
9560	0	0.477	0	0:01:16.221471
9580	1	0.93	1	0:01:15.939699
9600	1	0.0913	1	0:01:15.784066
9620	1	0.284	1	0:01:16.164088
9640	1	0.175	1	0:01:15.763784
9660	1	0.29	1	0:01:16.206577
9680	1	0.0866	1	0:01:15.784986
9700	1	0.52	1	0:01:15.801695
9720	0	0.437	0	0:01:16.041124
9740	0	0.689	0	0:01:15.865473
9760	0	0.381	0	0:01:15.867045
9780	0	0.355	0	0:01:16.180361
9800	1	0.909	1	0:01:15.876288
9820	0	0.364	0	0:01:16.095591
9840	1	0.232	1	0:01:16.078363
9860	0	0.513	0	0:01:15.901735
9880	0	0.523	0	0:01:16.488915
9900	1	0.93	1	0:01:15.829753
9920	1	0.539	1	0:01:15.987732
9940	0	0.521	0	0:01:15.977988
9960	0	0.947	0	0:01:15.772015
9980	0	0.918	0	0:01:16.040996
