idx	predict	radius	unperturbed predict	time
0	1	0.231	1	0:01:16.653843
20	0	0.0875	0	0:01:15.955056
40	1	0.606	1	0:01:15.919047
60	1	0.901	1	0:01:15.962911
80	1	0.624	1	0:01:15.944739
100	0	0.273	0	0:01:15.760552
120	0	0.0113	0	0:01:16.063774
140	1	0.0578	1	0:01:16.049417
160	1	0.036	1	0:01:16.207338
180	1	0.169	1	0:01:15.730632
200	1	0.274	1	0:01:16.129068
220	0	0.216	0	0:01:16.055822
240	1	0.947	1	0:01:15.846416
260	1	0.0657	1	0:01:15.962633
280	1	0.0932	1	0:01:16.114830
300	1	0.752	1	0:01:16.059447
320	0	0.12	0	0:01:16.219283
340	0	0.172	0	0:01:17.723066
360	1	0.624	1	0:01:16.240839
380	1	0.421	1	0:01:16.462893
400	1	0.874	1	0:01:17.087949
420	1	0.693	1	0:01:16.680231
440	1	0.93	1	0:01:18.331746
460	1	0.806	1	0:01:17.025073
480	0	0.109	0	0:01:16.184133
500	0	0.24	0	0:01:15.946456
520	1	0.37	1	0:01:18.371141
540	1	0.83	1	0:01:17.809740
560	1	0.947	1	0:01:16.023338
580	1	0.513	1	0:01:16.130465
600	0	0.328	0	0:01:16.023226
620	1	0.779	1	0:01:17.385623
640	0	0.51	0	0:01:17.706050
660	1	0.806	1	0:01:15.793053
680	0	0.601	0	0:01:19.470072
700	1	0.93	1	0:01:16.191461
720	1	0.0854	1	0:01:17.488300
740	0	0.215	0	0:01:16.514276
760	1	0.0611	1	0:01:16.007842
780	1	0.753	1	0:01:17.909439
800	1	0.947	1	0:01:15.965469
820	0	0.267	0	0:01:16.117407
840	1	0.947	1	0:01:16.100544
860	0	0.0398	0	0:01:16.013307
880	1	0.856	1	0:01:17.883142
900	0	0.104	0	0:01:15.814986
920	0	0.158	0	0:01:16.238513
940	1	0.832	1	0:01:16.168445
960	1	0.27	1	0:01:15.938648
980	0	0.174	0	0:01:18.700130
1000	1	0.644	1	0:01:15.982419
1020	1	0.918	1	0:01:16.274721
1040	0	0.746	0	0:01:18.264200
1060	1	0.947	1	0:01:16.268086
1080	0	0.333	0	0:01:16.137580
1100	1	0.00623	1	0:01:16.073060
1120	0	0.0451	0	0:01:15.851170
1140	1	0.232	1	0:01:16.319583
1160	1	0.321	1	0:01:16.874382
1180	1	0.0822	1	0:01:16.754646
1200	0	0.129	0	0:01:16.512651
1220	0	0.544	0	0:01:15.846751
1240	0	0.0476	0	0:01:16.130096
1260	1	0.264	1	0:01:16.156539
1280	1	0.0538	1	0:01:16.135298
1300	0	0.496	0	0:01:18.241645
1320	1	0.632	1	0:01:15.997723
1340	1	0.947	1	0:01:16.044935
1360	1	0.494	1	0:01:18.196150
1380	0	0.125	0	0:01:16.544671
1400	0	0.708	0	0:01:16.627131
1420	1	0.0127	1	0:01:16.356664
1440	0	0.136	0	0:01:16.301117
1460	1	0.784	1	0:01:16.639214
1480	1	0.0259	1	0:01:15.900915
1500	1	0.93	1	0:01:15.860841
1520	1	0.888	1	0:01:16.272902
1540	1	0.947	1	0:01:15.933602
1560	1	0.947	1	0:01:16.033917
1580	0	0.284	0	0:01:17.997321
1600	0	0.384	0	0:01:15.850364
1620	0	0.454	0	0:01:16.463155
1640	0	0.403	0	0:01:18.010005
1660	1	0.542	1	0:01:16.144785
1680	0	0.133	0	0:01:17.720217
1700	-1	0.0	1	0:01:16.487608
1720	0	0.135	0	0:01:16.192277
1740	1	0.125	1	0:01:15.978996
1760	1	0.499	1	0:01:15.997061
1780	1	0.196	1	0:01:15.925335
1800	0	0.0328	0	0:01:16.065728
1820	0	0.0954	0	0:01:16.100144
1840	0	0.326	0	0:01:16.169105
1860	1	0.947	1	0:01:15.813311
1880	1	0.909	1	0:01:15.863517
1900	1	0.947	1	0:01:17.333570
1920	1	0.888	1	0:01:18.924660
1940	1	0.385	1	0:01:15.993623
1960	0	0.13	0	0:01:20.020253
1980	1	0.947	1	0:01:16.480509
2000	1	0.289	1	0:01:16.526915
2020	1	0.93	1	0:01:20.322987
2040	1	0.947	1	0:01:15.759148
2060	0	0.386	0	0:01:16.114274
2080	1	0.378	1	0:01:19.653039
2100	1	0.395	1	0:01:16.476448
2120	0	0.257	0	0:01:16.183870
2140	1	0.947	1	0:01:16.036187
2160	1	0.437	1	0:01:15.939742
2180	0	0.409	0	0:01:16.174932
2200	0	0.909	0	0:01:15.713760
2220	1	0.947	1	0:01:15.918811
2240	1	0.661	1	0:01:16.079526
2260	1	0.335	1	0:01:15.802642
2280	0	0.643	0	0:01:16.317860
2300	0	0.575	0	0:01:15.816616
2320	0	0.483	0	0:01:15.753067
2340	1	0.947	1	0:01:16.368498
2360	1	0.316	1	0:01:15.966227
2380	1	0.862	1	0:01:16.097936
2400	1	0.746	1	0:01:20.317166
2420	0	0.561	0	0:01:15.830304
2440	1	0.673	1	0:01:16.234054
2460	1	0.024	1	0:01:15.925965
2480	1	0.812	1	0:01:15.864172
2500	0	0.204	0	0:01:18.056225
2520	0	0.00962	0	0:01:17.988894
2540	0	0.366	0	0:01:16.112532
2560	1	0.463	1	0:01:16.187585
2580	1	0.455	1	0:01:19.317220
2600	1	0.743	1	0:01:16.590086
2620	1	0.498	1	0:01:16.055808
2640	1	0.814	1	0:01:15.984528
2660	0	0.732	0	0:01:19.196300
2680	1	0.947	1	0:01:17.454416
2700	0	0.0548	0	0:01:15.967499
2720	0	0.0641	0	0:01:16.230368
2740	0	0.317	0	0:01:15.890023
2760	1	0.287	1	0:01:17.766231
2780	1	0.878	1	0:01:18.446703
2800	1	0.215	1	0:01:15.963103
2820	1	0.862	1	0:01:19.766714
2840	0	0.0199	0	0:01:16.366599
2860	0	0.316	0	0:01:15.913783
2880	-1	0.0	0	0:01:16.163343
2900	0	0.504	0	0:01:15.967709
2920	-1	0.0	-1	0:01:16.161434
2940	0	0.87	0	0:01:16.329787
2960	0	0.199	0	0:01:16.336845
2980	1	0.77	1	0:01:16.173027
3000	0	0.412	0	0:01:16.075458
3020	1	0.852	1	0:01:16.251198
3040	1	0.947	1	0:01:16.269156
3060	1	0.667	1	0:01:16.510936
3080	1	0.502	1	0:01:15.993307
3100	1	0.266	1	0:01:16.447671
3120	0	0.361	0	0:01:19.942868
3140	1	0.638	1	0:01:15.947788
3160	1	0.117	1	0:01:15.817142
3180	0	0.27	0	0:01:16.130483
3200	1	0.485	1	0:01:16.362288
3220	0	0.242	0	0:01:20.315670
3240	0	0.461	0	0:01:16.016708
3260	1	0.909	1	0:01:16.222657
3280	0	0.204	0	0:01:19.313181
3300	1	0.0715	1	0:01:17.384598
3320	0	0.445	0	0:01:16.031871
3340	1	0.61	1	0:01:15.706879
3360	1	0.151	1	0:01:16.034624
3380	1	0.947	1	0:01:17.045463
3400	0	0.682	0	0:01:19.450042
3420	0	0.4	0	0:01:16.308027
3440	0	0.301	0	0:01:16.347975
3460	1	0.856	1	0:01:15.925762
3480	1	0.918	1	0:01:18.647457
3500	1	0.135	1	0:01:18.051999
3520	1	0.947	1	0:01:18.545574
3540	1	0.47	1	0:01:18.982760
3560	0	0.169	0	0:01:20.180549
3580	0	0.00722	-1	0:01:19.613311
3600	0	0.39	0	0:01:21.636872
3620	0	0.0518	0	0:01:20.828602
3640	0	0.507	0	0:01:22.141818
3660	1	0.918	1	0:01:20.884009
3680	0	0.565	0	0:01:22.224687
3700	1	0.93	1	0:01:20.456454
3720	1	0.947	1	0:01:20.743040
3740	1	0.714	1	0:01:21.452674
3760	1	0.93	1	0:01:21.065860
3780	0	0.263	0	0:01:21.766038
3800	1	0.623	1	0:01:21.615931
3820	0	0.152	0	0:01:20.546378
3840	0	0.814	0	0:01:21.456213
3860	1	0.947	1	0:01:19.432101
3880	0	0.0537	0	0:01:21.269244
3900	0	0.291	0	0:01:21.883320
3920	0	0.0907	0	0:01:19.651030
3940	0	0.365	0	0:01:21.544767
3960	1	0.176	1	0:01:20.559990
3980	0	0.309	0	0:01:21.232991
4000	0	0.327	0	0:01:22.020922
4020	1	0.547	1	0:01:20.646805
4040	1	0.947	1	0:01:21.596878
4060	1	0.388	1	0:01:22.649411
4080	1	0.947	1	0:01:22.456647
4100	1	0.947	1	0:01:22.610223
4120	1	0.947	1	0:01:21.702439
4140	0	0.193	0	0:01:21.253578
4160	1	0.472	1	0:01:22.290451
4180	1	0.331	1	0:01:20.987360
4200	1	0.143	1	0:01:20.912069
4220	0	0.0735	0	0:01:21.677491
4240	0	0.225	0	0:01:21.452505
4260	1	0.894	1	0:01:21.093580
4280	0	0.264	0	0:01:20.737686
4300	1	0.344	1	0:01:19.410128
4320	1	0.0891	1	0:01:18.928270
4340	1	0.93	1	0:01:19.861598
4360	0	0.0935	0	0:01:19.789428
4380	1	0.393	1	0:01:21.324274
4400	0	0.566	0	0:01:21.472114
4420	0	0.204	0	0:01:20.870726
4440	1	0.137	1	0:01:19.762792
4460	1	0.759	1	0:01:20.236257
4480	1	0.947	1	0:01:19.522759
4500	0	0.0563	0	0:01:18.709418
4520	0	0.448	0	0:01:19.551089
4540	1	0.556	1	0:01:20.095737
4560	1	0.918	1	0:01:18.567324
4580	1	0.123	1	0:01:19.808489
4600	1	0.736	1	0:01:18.985523
4620	1	0.126	1	0:01:20.656009
4640	1	0.598	1	0:01:21.272035
4660	0	0.0798	0	0:01:19.846458
4680	1	0.909	1	0:01:19.631949
4700	0	0.359	0	0:01:19.069550
4720	0	0.215	0	0:01:20.251745
4740	0	0.678	0	0:01:18.630219
4760	1	0.11	1	0:01:20.411347
4780	1	0.409	1	0:01:19.730803
4800	1	0.947	1	0:01:20.365026
4820	1	0.00713	1	0:01:18.635758
4840	1	0.685	1	0:01:19.665352
4860	1	0.399	1	0:01:19.386152
4880	1	0.269	1	0:01:19.798214
4900	0	0.0323	0	0:01:19.571323
4920	1	0.93	1	0:01:19.820557
4940	1	0.498	1	0:01:19.434330
4960	1	0.0934	1	0:01:19.330334
4980	0	0.148	0	0:01:18.532633
5000	1	0.947	1	0:01:18.640991
5020	1	0.947	1	0:01:19.801819
5040	0	0.12	0	0:01:19.783228
5060	0	0.167	0	0:01:19.896371
5080	0	0.0792	0	0:01:19.909364
5100	1	0.947	1	0:01:20.700490
5120	1	0.371	1	0:01:20.944808
5140	1	0.625	1	0:01:20.237329
5160	1	0.93	1	0:01:19.841755
5180	0	0.152	0	0:01:20.499139
5200	1	0.269	1	0:01:21.100618
5220	1	0.129	1	0:01:20.615435
5240	1	0.229	1	0:01:22.328464
5260	1	0.58	1	0:01:21.264712
5280	0	0.773	0	0:01:20.214213
5300	1	0.752	1	0:01:21.293753
5320	1	0.103	1	0:01:18.919393
5340	0	0.522	0	0:01:20.857864
5360	1	0.909	1	0:01:19.360794
5380	1	0.0215	1	0:01:19.894285
5400	1	0.918	1	0:01:20.826840
5420	1	0.48	1	0:01:19.722762
5440	1	0.947	1	0:01:20.211853
5460	1	0.169	1	0:01:20.047446
5480	1	0.689	1	0:01:20.753859
5500	1	0.326	1	0:01:21.989100
5520	1	0.312	1	0:01:20.059176
5540	0	0.491	0	0:01:18.736913
5560	0	0.394	0	0:01:21.593733
5580	0	0.214	0	0:01:21.091589
5600	0	0.589	0	0:01:19.587536
5620	0	0.492	0	0:01:21.018619
5640	0	0.28	0	0:01:19.691597
5660	0	0.0973	0	0:01:21.906185
5680	0	0.488	0	0:01:19.616893
5700	0	0.727	0	0:01:21.923446
5720	1	0.947	1	0:01:20.139290
5740	0	0.147	0	0:01:20.562123
5760	1	0.0264	1	0:01:20.011413
5780	1	0.947	1	0:01:20.535573
5800	1	0.615	1	0:01:19.122231
5820	0	0.00464	0	0:01:20.074606
5840	0	0.464	0	0:01:19.896516
5860	1	0.372	1	0:01:21.013951
5880	1	0.93	1	0:01:21.009661
5900	0	0.31	0	0:01:19.593885
5920	1	0.947	1	0:01:20.459991
5940	0	0.0244	0	0:01:20.298569
5960	1	0.0916	1	0:01:20.914267
5980	1	0.947	1	0:01:19.978581
6000	1	0.13	1	0:01:19.446991
6020	1	0.837	1	0:01:20.290390
6040	1	0.257	1	0:01:20.688102
6060	0	0.171	0	0:01:19.908094
6080	1	0.576	1	0:01:19.969288
6100	1	0.835	1	0:01:19.554855
6120	1	0.607	1	0:01:20.141546
6140	1	0.947	1	0:01:20.884771
6160	1	0.28	1	0:01:21.304040
6180	0	0.0898	0	0:01:20.812825
6200	1	0.092	1	0:01:20.028299
6220	0	0.206	0	0:01:20.262525
6240	0	0.033	0	0:01:19.737217
6260	0	0.186	0	0:01:19.281296
6280	0	0.306	0	0:01:20.839339
6300	1	0.724	1	0:01:20.668584
6320	1	0.775	1	0:01:20.082578
6340	0	0.0318	0	0:01:19.595373
6360	1	0.0362	1	0:01:19.483983
6380	0	0.544	0	0:01:20.347396
6400	1	0.111	1	0:01:20.146288
6420	1	0.947	1	0:01:21.775386
6440	0	0.517	0	0:01:19.210272
6460	0	0.111	0	0:01:22.183516
6480	1	0.176	1	0:01:21.294588
6500	0	0.364	0	0:01:20.904923
6520	-1	0.0	-1	0:01:20.624025
6540	1	0.782	1	0:01:21.197082
6560	1	0.262	1	0:01:21.159325
6580	0	0.322	0	0:01:20.638801
6600	1	0.947	1	0:01:21.532589
6620	1	0.947	1	0:01:20.674910
6640	1	0.459	1	0:01:20.680833
6660	1	0.918	1	0:01:20.464805
6680	0	0.483	0	0:01:21.567510
6700	1	0.774	1	0:01:21.353974
6720	0	0.0503	0	0:01:21.799885
6740	1	0.177	1	0:01:22.082081
6760	1	0.483	1	0:01:21.700482
6780	1	0.947	1	0:01:22.097185
6800	0	0.134	0	0:01:22.113671
6820	1	0.947	1	0:01:21.287900
6840	1	0.852	1	0:01:21.082828
6860	1	0.276	1	0:01:20.697178
6880	1	0.777	1	0:01:19.917229
6900	1	0.455	1	0:01:20.821912
6920	0	0.523	0	0:01:21.216136
6940	1	0.947	1	0:01:21.514957
6960	1	0.544	1	0:01:19.752903
6980	0	0.244	0	0:01:20.914494
7000	0	0.547	0	0:01:21.592562
7020	1	0.947	1	0:01:23.091265
7040	0	0.385	0	0:01:20.473602
7060	1	0.809	1	0:01:22.156986
7080	0	0.248	0	0:01:19.398135
7100	0	0.736	0	0:01:21.350644
7120	0	0.0935	0	0:01:21.310845
7140	0	0.182	0	0:01:22.309413
7160	1	0.296	1	0:01:20.241128
7180	1	0.105	1	0:01:19.559763
7200	1	0.216	1	0:01:22.075736
7220	1	0.381	1	0:01:23.221001
7240	1	0.608	1	0:01:20.324075
7260	1	0.947	1	0:01:21.277623
7280	0	0.509	0	0:01:18.928838
7300	1	0.0689	1	0:01:18.193296
7320	1	0.147	1	0:01:18.655258
7340	0	0.271	0	0:01:20.334242
7360	1	0.422	1	0:01:20.851392
7380	1	0.576	1	0:01:20.076935
7400	0	0.723	0	0:01:19.137827
7420	0	0.395	0	0:01:17.540456
7440	0	0.097	0	0:01:19.712428
7460	1	0.596	1	0:01:18.445677
7480	-1	0.0	-1	0:01:19.941192
7500	1	0.947	1	0:01:19.309587
7520	1	0.182	1	0:01:19.867918
7540	1	0.947	1	0:01:19.126662
7560	1	0.221	1	0:01:20.016356
7580	1	0.511	1	0:01:19.477938
7600	0	0.026	0	0:01:19.871809
7620	0	0.522	0	0:01:20.290939
7640	0	0.165	0	0:01:23.335919
7660	1	0.19	1	0:01:19.616170
7680	0	0.303	0	0:01:16.493807
7700	1	0.878	1	0:01:16.063670
7720	0	0.221	0	0:01:15.870673
7740	1	0.0598	1	0:01:15.690799
7760	0	0.5	0	0:01:15.832824
7780	0	0.0655	0	0:01:16.043470
7800	1	0.726	1	0:01:16.312828
7820	0	0.883	0	0:01:16.031389
7840	1	0.947	1	0:01:15.617670
7860	1	0.712	1	0:01:15.711636
7880	1	0.777	1	0:01:15.830727
7900	0	0.358	0	0:01:15.419171
7920	1	0.0269	1	0:01:15.888783
7940	0	0.0114	-1	0:01:15.713597
7960	0	0.01	-1	0:01:15.460024
7980	1	0.372	1	0:01:16.070342
8000	1	0.93	1	0:01:15.480469
8020	0	0.0234	0	0:01:15.795573
8040	1	0.93	1	0:01:15.646433
8060	1	0.618	1	0:01:15.400918
8080	1	0.452	1	0:01:15.666514
8100	0	0.484	0	0:01:15.570076
8120	0	0.111	0	0:01:15.598411
8140	0	0.331	0	0:01:16.060070
8160	1	0.947	1	0:01:15.375409
8180	0	0.309	0	0:01:15.626127
8200	0	0.33	0	0:01:15.902915
8220	0	0.455	0	0:01:15.449794
8240	1	0.894	1	0:01:16.163124
8260	1	0.947	1	0:01:15.890136
8280	0	0.64	0	0:01:15.616154
8300	0	0.542	0	0:01:16.113771
8320	1	0.239	1	0:01:15.736116
8340	1	0.239	1	0:01:15.799227
8360	1	0.947	1	0:01:16.115715
8380	1	0.83	1	0:01:15.896950
8400	0	0.0806	0	0:01:16.231459
8420	1	0.231	1	0:01:16.105487
8440	-1	0.0	-1	0:01:15.789515
8460	1	0.894	1	0:01:16.182347
8480	0	0.187	0	0:01:15.800123
8500	1	0.262	1	0:01:16.152901
8520	1	0.0887	1	0:01:16.043416
8540	0	0.232	0	0:01:15.782350
8560	1	0.326	1	0:01:15.894591
8580	0	0.265	0	0:01:16.192637
8600	0	0.323	0	0:01:15.792283
8620	0	0.433	0	0:01:16.353943
8640	1	0.248	1	0:01:15.794821
8660	1	0.947	1	0:01:15.937427
8680	0	0.482	0	0:01:15.927661
8700	0	0.308	0	0:01:15.822971
8720	1	0.104	1	0:01:16.045424
8740	1	0.212	1	0:01:16.104046
8760	1	0.909	1	0:01:15.738473
8780	-1	0.0	0	0:01:16.003451
8800	0	0.27	0	0:01:16.025745
8820	1	0.947	1	0:01:15.985889
8840	0	0.696	0	0:01:16.059067
8860	1	0.722	1	0:01:15.763103
8880	1	0.66	1	0:01:15.961957
8900	0	0.102	0	0:01:16.024121
8920	1	0.434	1	0:01:15.947871
8940	1	0.278	1	0:01:15.952940
8960	0	0.793	0	0:01:16.184625
8980	1	0.947	1	0:01:16.040627
9000	1	0.947	1	0:01:15.846522
9020	1	0.947	1	0:01:16.187065
9040	1	0.741	1	0:01:16.087067
9060	1	0.461	1	0:01:16.010455
9080	1	0.279	1	0:01:16.096376
9100	1	0.046	1	0:01:15.901984
9120	0	0.0502	0	0:01:16.304676
9140	1	0.23	1	0:01:16.082476
9160	0	0.318	0	0:01:15.958716
9180	1	0.574	1	0:01:15.957378
9200	1	0.27	1	0:01:16.009075
9220	1	0.947	1	0:01:15.712785
9240	1	0.25	1	0:01:16.339828
9260	1	0.309	1	0:01:15.909101
9280	1	0.194	1	0:01:16.086789
9300	0	0.408	0	0:01:16.000256
9320	1	0.93	1	0:01:15.967239
9340	1	0.947	1	0:01:16.190881
9360	1	0.175	1	0:01:15.843937
9380	0	0.394	0	0:01:15.868797
9400	1	0.918	1	0:01:16.170189
9420	1	0.672	1	0:01:15.763230
9440	1	0.901	1	0:01:16.018841
9460	0	0.0516	0	0:01:16.108404
9480	0	0.337	0	0:01:15.875863
9500	1	0.85	1	0:01:16.372869
9520	1	0.515	1	0:01:15.855400
9540	1	0.157	1	0:01:15.839522
9560	0	0.222	0	0:01:16.221471
9580	1	0.947	1	0:01:15.939699
9600	1	0.281	1	0:01:15.784066
9620	1	0.538	1	0:01:16.164088
9640	1	0.58	1	0:01:15.763784
9660	1	0.901	1	0:01:16.206577
9680	1	0.38	1	0:01:15.784986
9700	1	0.763	1	0:01:15.801695
9720	0	0.0173	0	0:01:16.041124
9740	0	0.128	0	0:01:15.865473
9760	0	0.125	0	0:01:15.867045
9780	0	0.0714	0	0:01:16.180361
9800	1	0.947	1	0:01:15.876288
9820	0	0.0968	0	0:01:16.095591
9840	1	0.521	1	0:01:16.078363
9860	0	0.0855	0	0:01:15.901735
9880	0	0.233	0	0:01:16.488915
9900	1	0.947	1	0:01:15.829753
9920	1	0.918	1	0:01:15.987732
9940	0	0.0874	0	0:01:15.977988
9960	0	0.335	0	0:01:15.772015
9980	1	0.646	1	0:01:16.040996
