idx	predict	radius	unperturbed predict	time
0	1	0.46	1	0:01:16.653843
20	1	0.166	1	0:01:15.955056
40	1	0.835	1	0:01:15.919047
60	1	0.947	1	0:01:15.962911
80	1	0.947	1	0:01:15.944739
100	1	0.0308	1	0:01:15.760552
120	1	0.272	1	0:01:16.063774
140	1	0.329	1	0:01:16.049417
160	1	0.478	1	0:01:16.207338
180	1	0.719	1	0:01:15.730632
200	1	0.581	1	0:01:16.129068
220	1	0.173	1	0:01:16.055822
240	1	0.947	1	0:01:15.846416
260	1	0.268	1	0:01:15.962633
280	1	0.348	1	0:01:16.114830
300	1	0.918	1	0:01:16.059447
320	1	0.365	1	0:01:16.219283
340	1	0.0242	1	0:01:17.723066
360	1	0.751	1	0:01:16.240839
380	1	0.607	1	0:01:16.462893
400	1	0.947	1	0:01:17.087949
420	1	0.894	1	0:01:16.680231
440	1	0.947	1	0:01:18.331746
460	1	0.947	1	0:01:17.025073
480	1	0.328	1	0:01:16.184133
500	1	0.0312	1	0:01:15.946456
520	1	0.755	1	0:01:18.371141
540	1	0.947	1	0:01:17.809740
560	1	0.947	1	0:01:16.023338
580	1	0.718	1	0:01:16.130465
600	-1	0.0	-1	0:01:16.023226
620	1	0.918	1	0:01:17.385623
640	1	0.25	1	0:01:17.706050
660	1	0.918	1	0:01:15.793053
680	0	0.328	0	0:01:19.470072
700	1	0.947	1	0:01:16.191461
720	1	0.25	1	0:01:17.488300
740	1	0.136	1	0:01:16.514276
760	1	0.343	1	0:01:16.007842
780	1	0.947	1	0:01:17.909439
800	1	0.947	1	0:01:15.965469
820	0	0.0316	0	0:01:16.117407
840	1	0.947	1	0:01:16.100544
860	1	0.454	1	0:01:16.013307
880	1	0.93	1	0:01:17.883142
900	1	0.178	1	0:01:15.814986
920	1	0.112	1	0:01:16.238513
940	1	0.947	1	0:01:16.168445
960	1	0.491	1	0:01:15.938648
980	1	0.0715	1	0:01:18.700130
1000	1	0.894	1	0:01:15.982419
1020	1	0.947	1	0:01:16.274721
1040	0	0.331	0	0:01:18.264200
1060	1	0.947	1	0:01:16.268086
1080	1	0.0659	1	0:01:16.137580
1100	1	0.279	1	0:01:16.073060
1120	1	0.268	1	0:01:15.851170
1140	1	0.4	1	0:01:16.319583
1160	1	0.556	1	0:01:16.874382
1180	1	0.422	1	0:01:16.754646
1200	1	0.125	1	0:01:16.512651
1220	0	0.262	0	0:01:15.846751
1240	1	0.357	1	0:01:16.130096
1260	1	0.947	1	0:01:16.156539
1280	1	0.37	1	0:01:16.135298
1300	-1	0.0	-1	0:01:18.241645
1320	1	0.746	1	0:01:15.997723
1340	1	0.947	1	0:01:16.044935
1360	1	0.761	1	0:01:18.196150
1380	1	0.104	1	0:01:16.544671
1400	0	0.263	0	0:01:16.627131
1420	1	0.244	1	0:01:16.356664
1440	1	0.152	1	0:01:16.301117
1460	1	0.93	1	0:01:16.639214
1480	1	0.308	1	0:01:15.900915
1500	1	0.947	1	0:01:15.860841
1520	1	0.947	1	0:01:16.272902
1540	1	0.947	1	0:01:15.933602
1560	1	0.947	1	0:01:16.033917
1580	0	0.123	0	0:01:17.997321
1600	0	0.136	0	0:01:15.850364
1620	0	0.0775	0	0:01:16.463155
1640	0	0.0985	0	0:01:18.010005
1660	1	0.757	1	0:01:16.144785
1680	1	0.339	1	0:01:17.720217
1700	1	0.231	1	0:01:16.487608
1720	1	0.177	1	0:01:16.192277
1740	1	0.461	1	0:01:15.978996
1760	1	0.656	1	0:01:15.997061
1780	1	0.498	1	0:01:15.925335
1800	1	0.16	1	0:01:16.065728
1820	1	0.185	1	0:01:16.100144
1840	0	0.0634	0	0:01:16.169105
1860	1	0.947	1	0:01:15.813311
1880	1	0.947	1	0:01:15.863517
1900	1	0.947	1	0:01:17.333570
1920	1	0.947	1	0:01:18.924660
1940	1	0.823	1	0:01:15.993623
1960	1	0.217	1	0:01:20.020253
1980	1	0.947	1	0:01:16.480509
2000	1	0.568	1	0:01:16.526915
2020	1	0.947	1	0:01:20.322987
2040	1	0.947	1	0:01:15.759148
2060	1	0.149	1	0:01:16.114274
2080	1	0.719	1	0:01:19.653039
2100	1	0.835	1	0:01:16.476448
2120	0	0.0351	0	0:01:16.183870
2140	1	0.947	1	0:01:16.036187
2160	1	0.839	1	0:01:15.939742
2180	1	0.354	1	0:01:16.174932
2200	0	0.314	0	0:01:15.713760
2220	1	0.947	1	0:01:15.918811
2240	1	0.901	1	0:01:16.079526
2260	1	0.6	1	0:01:15.802642
2280	0	0.361	0	0:01:16.317860
2300	0	0.344	0	0:01:15.816616
2320	0	0.198	0	0:01:15.753067
2340	1	0.947	1	0:01:16.368498
2360	1	0.569	1	0:01:15.966227
2380	1	0.947	1	0:01:16.097936
2400	1	0.947	1	0:01:20.317166
2420	0	0.311	0	0:01:15.830304
2440	1	0.87	1	0:01:16.234054
2460	1	0.236	1	0:01:15.925965
2480	1	0.93	1	0:01:15.864172
2500	1	0.0583	1	0:01:18.056225
2520	1	0.297	1	0:01:17.988894
2540	0	0.1	0	0:01:16.112532
2560	1	0.613	1	0:01:16.187585
2580	1	0.654	1	0:01:19.317220
2600	1	0.852	1	0:01:16.590086
2620	1	0.591	1	0:01:16.055808
2640	1	0.947	1	0:01:15.984528
2660	0	0.319	0	0:01:19.196300
2680	1	0.947	1	0:01:17.454416
2700	1	0.458	1	0:01:15.967499
2720	1	0.185	1	0:01:16.230368
2740	-1	0.0	-1	0:01:15.890023
2760	1	0.448	1	0:01:17.766231
2780	1	0.947	1	0:01:18.446703
2800	1	0.385	1	0:01:15.963103
2820	1	0.947	1	0:01:19.766714
2840	1	0.901	1	0:01:16.366599
2860	0	0.0181	0	0:01:15.913783
2880	1	0.545	1	0:01:16.163343
2900	0	0.123	0	0:01:15.967709
2920	1	0.253	1	0:01:16.161434
2940	0	0.363	0	0:01:16.329787
2960	1	0.068	1	0:01:16.336845
2980	1	0.918	1	0:01:16.173027
3000	1	0.187	1	0:01:16.075458
3020	1	0.947	1	0:01:16.251198
3040	1	0.947	1	0:01:16.269156
3060	1	0.93	1	0:01:16.510936
3080	1	0.663	1	0:01:15.993307
3100	1	0.901	1	0:01:16.447671
3120	0	0.102	0	0:01:19.942868
3140	1	0.792	1	0:01:15.947788
3160	1	0.323	1	0:01:15.817142
3180	0	0.0152	0	0:01:16.130483
3200	1	0.828	1	0:01:16.362288
3220	0	0.0121	0	0:01:20.315670
3240	0	0.232	0	0:01:16.016708
3260	1	0.947	1	0:01:16.222657
3280	1	0.162	1	0:01:19.313181
3300	1	0.322	1	0:01:17.384598
3320	0	0.219	0	0:01:16.031871
3340	1	0.73	1	0:01:15.706879
3360	1	0.329	1	0:01:16.034624
3380	1	0.947	1	0:01:17.045463
3400	0	0.347	0	0:01:19.450042
3420	1	0.101	1	0:01:16.308027
3440	1	0.159	1	0:01:16.347975
3460	1	0.947	1	0:01:15.925762
3480	1	0.947	1	0:01:18.647457
3500	1	0.568	1	0:01:18.051999
3520	1	0.947	1	0:01:18.545574
3540	1	0.721	1	0:01:18.982760
3560	1	0.11	1	0:01:20.180549
3580	1	0.249	1	0:01:19.613311
3600	0	0.146	0	0:01:21.636872
3620	1	0.13	1	0:01:20.828602
3640	0	0.227	0	0:01:22.141818
3660	1	0.947	1	0:01:20.884009
3680	0	0.292	0	0:01:22.224687
3700	1	0.947	1	0:01:20.456454
3720	1	0.947	1	0:01:20.743040
3740	1	0.93	1	0:01:21.452674
3760	1	0.947	1	0:01:21.065860
3780	1	0.125	1	0:01:21.766038
3800	1	0.808	1	0:01:21.615931
3820	1	0.161	1	0:01:20.546378
3840	0	0.383	0	0:01:21.456213
3860	1	0.947	1	0:01:19.432101
3880	1	0.168	1	0:01:21.269244
3900	1	0.188	1	0:01:21.883320
3920	1	0.151	1	0:01:19.651030
3940	0	0.0733	0	0:01:21.544767
3960	1	0.443	1	0:01:20.559990
3980	0	0.0785	0	0:01:21.232991
4000	0	0.114	0	0:01:22.020922
4020	1	0.852	1	0:01:20.646805
4040	1	0.947	1	0:01:21.596878
4060	1	0.568	1	0:01:22.649411
4080	1	0.947	1	0:01:22.456647
4100	1	0.947	1	0:01:22.610223
4120	1	0.947	1	0:01:21.702439
4140	1	0.0732	1	0:01:21.253578
4160	1	0.682	1	0:01:22.290451
4180	1	0.93	1	0:01:20.987360
4200	1	0.399	1	0:01:20.912069
4220	1	0.214	1	0:01:21.677491
4240	0	0.0255	0	0:01:21.452505
4260	1	0.93	1	0:01:21.093580
4280	0	0.000471	-1	0:01:20.737686
4300	1	0.65	1	0:01:19.410128
4320	1	0.246	1	0:01:18.928270
4340	1	0.947	1	0:01:19.861598
4360	1	0.257	1	0:01:19.789428
4380	1	0.657	1	0:01:21.324274
4400	0	0.333	0	0:01:21.472114
4420	1	0.199	1	0:01:20.870726
4440	1	0.326	1	0:01:19.762792
4460	1	0.947	1	0:01:20.236257
4480	1	0.947	1	0:01:19.522759
4500	1	0.518	1	0:01:18.709418
4520	0	0.0647	0	0:01:19.551089
4540	1	0.824	1	0:01:20.095737
4560	1	0.947	1	0:01:18.567324
4580	1	0.371	1	0:01:19.808489
4600	1	0.947	1	0:01:18.985523
4620	1	0.601	1	0:01:20.656009
4640	1	0.75	1	0:01:21.272035
4660	1	0.13	1	0:01:19.846458
4680	1	0.947	1	0:01:19.631949
4700	0	0.0786	0	0:01:19.069550
4720	1	0.878	1	0:01:20.251745
4740	0	0.251	0	0:01:18.630219
4760	1	0.381	1	0:01:20.411347
4780	1	0.586	1	0:01:19.730803
4800	1	0.947	1	0:01:20.365026
4820	1	0.231	1	0:01:18.635758
4840	1	0.87	1	0:01:19.665352
4860	1	0.754	1	0:01:19.386152
4880	1	0.553	1	0:01:19.798214
4900	1	0.317	1	0:01:19.571323
4920	1	0.947	1	0:01:19.820557
4940	1	0.683	1	0:01:19.434330
4960	1	0.315	1	0:01:19.330334
4980	1	0.21	1	0:01:18.532633
5000	1	0.947	1	0:01:18.640991
5020	1	0.947	1	0:01:19.801819
5040	1	0.175	1	0:01:19.783228
5060	1	0.0872	1	0:01:19.896371
5080	1	0.229	1	0:01:19.909364
5100	1	0.947	1	0:01:20.700490
5120	1	0.58	1	0:01:20.944808
5140	1	0.83	1	0:01:20.237329
5160	1	0.947	1	0:01:19.841755
5180	1	0.0571	1	0:01:20.499139
5200	1	0.662	1	0:01:21.100618
5220	1	0.422	1	0:01:20.615435
5240	1	0.947	1	0:01:22.328464
5260	1	0.947	1	0:01:21.264712
5280	0	0.44	0	0:01:20.214213
5300	1	0.947	1	0:01:21.293753
5320	1	0.435	1	0:01:18.919393
5340	0	0.15	0	0:01:20.857864
5360	1	0.947	1	0:01:19.360794
5380	1	0.888	1	0:01:19.894285
5400	1	0.947	1	0:01:20.826840
5420	1	0.816	1	0:01:19.722762
5440	1	0.947	1	0:01:20.211853
5460	1	0.742	1	0:01:20.047446
5480	1	0.85	1	0:01:20.753859
5500	1	0.557	1	0:01:21.989100
5520	1	0.468	1	0:01:20.059176
5540	0	0.246	0	0:01:18.736913
5560	0	0.0552	0	0:01:21.593733
5580	1	0.063	1	0:01:21.091589
5600	0	0.365	0	0:01:19.587536
5620	0	0.2	0	0:01:21.018619
5640	1	0.0635	1	0:01:19.691597
5660	1	0.0795	1	0:01:21.906185
5680	0	0.185	0	0:01:19.616893
5700	0	0.209	0	0:01:21.923446
5720	1	0.947	1	0:01:20.139290
5740	-1	0.0	1	0:01:20.562123
5760	1	0.198	1	0:01:20.011413
5780	1	0.947	1	0:01:20.535573
5800	1	0.805	1	0:01:19.122231
5820	1	0.256	1	0:01:20.074606
5840	0	0.209	0	0:01:19.896516
5860	1	0.65	1	0:01:21.013951
5880	1	0.947	1	0:01:21.009661
5900	0	0.139	0	0:01:19.593885
5920	1	0.947	1	0:01:20.459991
5940	1	0.165	1	0:01:20.298569
5960	1	0.282	1	0:01:20.914267
5980	1	0.947	1	0:01:19.978581
6000	1	0.307	1	0:01:19.446991
6020	1	0.93	1	0:01:20.290390
6040	1	0.48	1	0:01:20.688102
6060	1	0.05	1	0:01:19.908094
6080	1	0.947	1	0:01:19.969288
6100	1	0.947	1	0:01:19.554855
6120	1	0.947	1	0:01:20.141546
6140	1	0.947	1	0:01:20.884771
6160	1	0.476	1	0:01:21.304040
6180	1	0.135	1	0:01:20.812825
6200	1	0.353	1	0:01:20.028299
6220	1	0.00354	1	0:01:20.262525
6240	1	0.243	1	0:01:19.737217
6260	0	0.0109	0	0:01:19.281296
6280	0	0.0563	0	0:01:20.839339
6300	1	0.874	1	0:01:20.668584
6320	1	0.909	1	0:01:20.082578
6340	1	0.219	1	0:01:19.595373
6360	1	0.185	1	0:01:19.483983
6380	0	0.267	0	0:01:20.347396
6400	1	0.336	1	0:01:20.146288
6420	1	0.947	1	0:01:21.775386
6440	0	0.29	0	0:01:19.210272
6460	1	0.175	1	0:01:22.183516
6480	1	0.459	1	0:01:21.294588
6500	0	0.176	0	0:01:20.904923
6520	1	0.324	1	0:01:20.624025
6540	1	0.947	1	0:01:21.197082
6560	1	0.457	1	0:01:21.159325
6580	0	0.0839	0	0:01:20.638801
6600	1	0.947	1	0:01:21.532589
6620	1	0.947	1	0:01:20.674910
6640	1	0.783	1	0:01:20.680833
6660	1	0.947	1	0:01:20.464805
6680	0	0.168	0	0:01:21.567510
6700	1	0.909	1	0:01:21.353974
6720	1	0.174	1	0:01:21.799885
6740	1	0.456	1	0:01:22.082081
6760	1	0.775	1	0:01:21.700482
6780	1	0.947	1	0:01:22.097185
6800	1	0.258	1	0:01:22.113671
6820	1	0.947	1	0:01:21.287900
6840	1	0.947	1	0:01:21.082828
6860	1	0.726	1	0:01:20.697178
6880	1	0.93	1	0:01:19.917229
6900	1	0.773	1	0:01:20.821912
6920	0	0.235	0	0:01:21.216136
6940	1	0.947	1	0:01:21.514957
6960	1	0.757	1	0:01:19.752903
6980	1	0.0644	1	0:01:20.914494
7000	0	0.172	0	0:01:21.592562
7020	1	0.947	1	0:01:23.091265
7040	0	0.112	0	0:01:20.473602
7060	1	0.947	1	0:01:22.156986
7080	0	0.0243	0	0:01:19.398135
7100	0	0.433	0	0:01:21.350644
7120	1	0.217	1	0:01:21.310845
7140	1	0.0547	1	0:01:22.309413
7160	1	0.522	1	0:01:20.241128
7180	1	0.497	1	0:01:19.559763
7200	1	0.377	1	0:01:22.075736
7220	1	0.708	1	0:01:23.221001
7240	1	0.837	1	0:01:20.324075
7260	1	0.947	1	0:01:21.277623
7280	0	0.0254	0	0:01:18.928838
7300	1	0.375	1	0:01:18.193296
7320	1	0.778	1	0:01:18.655258
7340	0	0.0174	0	0:01:20.334242
7360	1	0.637	1	0:01:20.851392
7380	1	0.839	1	0:01:20.076935
7400	0	0.4	0	0:01:19.137827
7420	0	0.0332	0	0:01:17.540456
7440	1	0.298	1	0:01:19.712428
7460	1	0.947	1	0:01:18.445677
7480	1	0.338	1	0:01:19.941192
7500	1	0.947	1	0:01:19.309587
7520	1	0.598	1	0:01:19.867918
7540	1	0.947	1	0:01:19.126662
7560	1	0.488	1	0:01:20.016356
7580	1	0.888	1	0:01:19.477938
7600	1	0.178	1	0:01:19.871809
7620	0	0.185	0	0:01:20.290939
7640	1	0.862	1	0:01:23.335919
7660	1	0.416	1	0:01:19.616170
7680	0	0.0493	0	0:01:16.493807
7700	1	0.93	1	0:01:16.063670
7720	1	0.122	1	0:01:15.870673
7740	1	0.264	1	0:01:15.690799
7760	0	0.236	0	0:01:15.832824
7780	1	0.12	1	0:01:16.043470
7800	1	0.918	1	0:01:16.312828
7820	0	0.399	0	0:01:16.031389
7840	1	0.947	1	0:01:15.617670
7860	1	0.883	1	0:01:15.711636
7880	1	0.947	1	0:01:15.830727
7900	0	0.132	0	0:01:15.419171
7920	1	0.248	1	0:01:15.888783
7940	1	0.415	1	0:01:15.713597
7960	1	0.242	1	0:01:15.460024
7980	1	0.618	1	0:01:16.070342
8000	1	0.947	1	0:01:15.480469
8020	1	0.438	1	0:01:15.795573
8040	1	0.947	1	0:01:15.646433
8060	1	0.874	1	0:01:15.400918
8080	1	0.59	1	0:01:15.666514
8100	0	0.0765	0	0:01:15.570076
8120	1	0.612	1	0:01:15.598411
8140	0	0.109	0	0:01:16.060070
8160	1	0.947	1	0:01:15.375409
8180	1	0.0783	1	0:01:15.626127
8200	0	0.0439	0	0:01:15.902915
8220	0	0.201	0	0:01:15.449794
8240	1	0.947	1	0:01:16.163124
8260	1	0.947	1	0:01:15.890136
8280	0	0.279	0	0:01:15.616154
8300	0	0.266	0	0:01:16.113771
8320	1	0.422	1	0:01:15.736116
8340	1	0.557	1	0:01:15.799227
8360	1	0.947	1	0:01:16.115715
8380	1	0.947	1	0:01:15.896950
8400	1	0.276	1	0:01:16.231459
8420	1	0.475	1	0:01:16.105487
8440	1	0.469	1	0:01:15.789515
8460	1	0.947	1	0:01:16.182347
8480	1	0.0799	1	0:01:15.800123
8500	1	0.85	1	0:01:16.152901
8520	1	0.44	1	0:01:16.043416
8540	1	0.047	1	0:01:15.782350
8560	1	0.743	1	0:01:15.894591
8580	1	0.0323	1	0:01:16.192637
8600	1	0.0627	1	0:01:15.792283
8620	-1	0.0	0	0:01:16.353943
8640	1	0.477	1	0:01:15.794821
8660	1	0.947	1	0:01:15.937427
8680	0	0.26	0	0:01:15.927661
8700	1	0.158	1	0:01:15.822971
8720	1	0.572	1	0:01:16.045424
8740	1	0.437	1	0:01:16.104046
8760	1	0.947	1	0:01:15.738473
8780	1	0.33	1	0:01:16.003451
8800	1	0.61	1	0:01:16.025745
8820	1	0.947	1	0:01:15.985889
8840	0	0.426	0	0:01:16.059067
8860	1	0.901	1	0:01:15.763103
8880	1	0.947	1	0:01:15.961957
8900	1	0.0697	1	0:01:16.024121
8920	1	0.656	1	0:01:15.947871
8940	1	0.498	1	0:01:15.952940
8960	0	0.429	0	0:01:16.184625
8980	1	0.947	1	0:01:16.040627
9000	1	0.947	1	0:01:15.846522
9020	1	0.947	1	0:01:16.187065
9040	1	0.918	1	0:01:16.087067
9060	1	0.709	1	0:01:16.010455
9080	1	0.501	1	0:01:16.096376
9100	1	0.47	1	0:01:15.901984
9120	1	0.134	1	0:01:16.304676
9140	1	0.422	1	0:01:16.082476
9160	1	0.103	1	0:01:15.958716
9180	1	0.901	1	0:01:15.957378
9200	1	0.524	1	0:01:16.009075
9220	1	0.947	1	0:01:15.712785
9240	1	0.584	1	0:01:16.339828
9260	1	0.59	1	0:01:15.909101
9280	1	0.542	1	0:01:16.086789
9300	0	0.0868	0	0:01:16.000256
9320	1	0.947	1	0:01:15.967239
9340	1	0.947	1	0:01:16.190881
9360	1	0.459	1	0:01:15.843937
9380	0	0.0607	0	0:01:15.868797
9400	1	0.947	1	0:01:16.170189
9420	1	0.866	1	0:01:15.763230
9440	1	0.947	1	0:01:16.018841
9460	1	0.198	1	0:01:16.108404
9480	0	0.0618	0	0:01:15.875863
9500	1	0.93	1	0:01:16.372869
9520	1	0.779	1	0:01:15.855400
9540	1	0.722	1	0:01:15.839522
9560	0	0.0585	0	0:01:16.221471
9580	1	0.947	1	0:01:15.939699
9600	1	0.947	1	0:01:15.784066
9620	1	0.741	1	0:01:16.164088
9640	1	0.832	1	0:01:15.763784
9660	1	0.947	1	0:01:16.206577
9680	1	0.812	1	0:01:15.784986
9700	1	0.874	1	0:01:15.801695
9720	1	0.224	1	0:01:16.041124
9740	1	0.246	1	0:01:15.865473
9760	1	0.0555	1	0:01:15.867045
9780	1	0.147	1	0:01:16.180361
9800	1	0.947	1	0:01:15.876288
9820	1	0.266	1	0:01:16.095591
9840	1	0.726	1	0:01:16.078363
9860	1	0.148	1	0:01:15.901735
9880	-1	0.0	-1	0:01:16.488915
9900	1	0.947	1	0:01:15.829753
9920	1	0.947	1	0:01:15.987732
9940	1	0.202	1	0:01:15.977988
9960	1	0.267	1	0:01:15.772015
9980	1	0.947	1	0:01:16.040996
