idx	label	predict	correct	time
0	0	394	0	0:00:01.357428
100	2	2	1	0:00:00.069822
200	4	4	1	0:00:00.076866
300	6	6	1	0:00:00.068770
400	8	8	1	0:00:00.070177
500	10	10	1	0:00:00.073324
600	12	12	1	0:00:00.070392
700	14	14	1	0:00:00.068283
800	16	16	1	0:00:00.070675
900	18	18	1	0:00:00.076907
1000	20	20	1	0:00:00.069656
1100	22	21	0	0:00:00.072716
1200	24	24	1	0:00:00.064242
1300	26	26	1	0:00:00.066180
1400	28	28	1	0:00:00.072309
1500	30	30	1	0:00:00.068569
1600	32	26	0	0:00:00.071795
1700	34	34	1	0:00:00.072353
1800	36	35	0	0:00:00.067772
1900	38	38	1	0:00:00.071954
2000	40	46	0	0:00:00.070657
2100	42	43	0	0:00:00.072189
2200	44	44	1	0:00:00.062452
2300	46	46	1	0:00:00.070735
2400	48	48	1	0:00:00.070714
2500	50	50	1	0:00:00.069780
2600	52	52	1	0:00:00.069326
2700	54	57	0	0:00:00.063909
2800	56	56	1	0:00:00.071136
2900	58	58	1	0:00:00.071713
3000	60	62	0	0:00:00.072894
3100	62	62	1	0:00:00.071058
3200	64	64	1	0:00:00.071038
3300	66	66	1	0:00:00.075769
3400	68	60	0	0:00:00.071734
3500	70	70	1	0:00:00.071716
3600	72	72	1	0:00:00.076864
3700	74	74	1	0:00:00.071821
3800	76	76	1	0:00:00.072295
3900	78	78	1	0:00:00.067877
4000	80	80	1	0:00:00.068807
4100	82	82	1	0:00:00.071878
4200	84	84	1	0:00:00.072416
4300	86	86	1	0:00:00.069136
4400	88	88	1	0:00:00.069408
4500	90	90	1	0:00:00.066467
4600	92	92	1	0:00:00.070326
4700	94	94	1	0:00:00.068680
4800	96	96	1	0:00:00.072365
4900	98	98	1	0:00:00.070616
5000	100	100	1	0:00:00.069590
5100	102	102	1	0:00:00.075081
5200	104	104	1	0:00:00.070930
5300	106	106	1	0:00:00.067666
5400	108	327	0	0:00:00.067549
5500	110	110	1	0:00:00.067735
5600	112	112	1	0:00:00.069615
5700	114	114	1	0:00:00.072902
5800	116	116	1	0:00:00.073628
5900	118	118	1	0:00:00.067610
6000	120	119	0	0:00:00.073102
6100	122	122	1	0:00:00.068781
6200	124	124	1	0:00:00.072553
6300	126	126	1	0:00:00.065305
6400	128	128	1	0:00:00.074600
6500	130	130	1	0:00:00.070423
6600	132	132	1	0:00:00.070232
6700	134	132	0	0:00:00.073167
6800	136	136	1	0:00:00.068951
6900	138	138	1	0:00:00.067819
7000	140	140	1	0:00:00.071187
7100	142	142	1	0:00:00.072361
7200	144	144	1	0:00:00.068030
7300	146	146	1	0:00:00.071777
7400	148	148	1	0:00:00.070188
7500	150	150	1	0:00:00.072878
7600	152	152	1	0:00:00.065049
7700	154	154	1	0:00:00.068831
7800	156	156	1	0:00:00.070334
7900	158	158	1	0:00:00.066439
8000	160	160	1	0:00:00.074542
8100	162	162	1	0:00:00.068243
8200	164	164	1	0:00:00.069369
8300	166	166	1	0:00:00.072204
8400	168	168	1	0:00:00.073394
8500	170	172	0	0:00:00.061675
8600	172	172	1	0:00:00.073195
8700	174	174	1	0:00:00.070923
8800	176	176	1	0:00:00.075423
8900	178	178	1	0:00:00.069583
9000	180	180	1	0:00:00.069346
9100	182	182	1	0:00:00.073116
9200	184	184	1	0:00:00.069911
9300	186	192	0	0:00:00.068544
9400	188	188	1	0:00:00.069809
9500	190	190	1	0:00:00.069301
9600	192	192	1	0:00:00.068753
9700	194	194	1	0:00:00.072105
9800	196	199	0	0:00:00.071177
9900	198	198	1	0:00:00.073874
10000	200	200	1	0:00:00.072091
10100	202	202	1	0:00:00.073174
10200	204	204	1	0:00:00.072561
10300	206	206	1	0:00:00.067773
10400	208	208	1	0:00:00.067083
10500	210	210	1	0:00:00.072848
10600	212	212	1	0:00:00.070909
10700	214	214	1	0:00:00.062946
10800	216	216	1	0:00:00.073193
10900	218	218	1	0:00:00.070384
11000	220	220	1	0:00:00.071204
11100	222	222	1	0:00:00.069967
11200	224	224	1	0:00:00.074047
11300	226	226	1	0:00:00.070320
11400	228	228	1	0:00:00.072210
11500	230	230	1	0:00:00.069952
11600	232	232	1	0:00:00.068705
11700	234	234	1	0:00:00.069878
11800	236	234	0	0:00:00.074104
11900	238	238	1	0:00:00.078715
12000	240	238	0	0:00:00.071403
12100	242	242	1	0:00:00.072136
12200	244	244	1	0:00:00.071584
12300	246	180	0	0:00:00.069298
12400	248	248	1	0:00:00.068939
12500	250	270	0	0:00:00.065135
12600	252	252	1	0:00:00.069782
12700	254	254	1	0:00:00.071689
12800	256	256	1	0:00:00.067029
12900	258	258	1	0:00:00.065341
13000	260	260	1	0:00:00.068339
13100	262	262	1	0:00:00.069049
13200	264	264	1	0:00:00.068902
13300	266	266	1	0:00:00.069618
13400	268	268	1	0:00:00.069885
13500	270	270	1	0:00:00.068931
13600	272	274	0	0:00:00.073258
13700	274	274	1	0:00:00.071524
13800	276	276	1	0:00:00.063102
13900	278	278	1	0:00:00.074770
14000	280	280	1	0:00:00.069253
14100	282	282	1	0:00:00.068637
14200	284	284	1	0:00:00.082356
14300	286	286	1	0:00:00.069304
14400	288	288	1	0:00:00.074764
14500	290	290	1	0:00:00.068313
14600	292	290	0	0:00:00.067182
14700	294	294	1	0:00:00.069764
14800	296	296	1	0:00:00.067490
14900	298	298	1	0:00:00.069739
15000	300	300	1	0:00:00.069165
15100	302	302	1	0:00:00.071415
15200	304	301	0	0:00:00.070024
15300	306	306	1	0:00:00.075837
15400	308	308	1	0:00:00.073699
15500	310	310	1	0:00:00.071679
15600	312	312	1	0:00:00.078440
15700	314	314	1	0:00:00.068799
15800	316	316	1	0:00:00.073558
15900	318	318	1	0:00:00.067299
16000	320	320	1	0:00:00.065314
16100	322	322	1	0:00:00.076417
16200	324	324	1	0:00:00.072479
16300	326	326	1	0:00:00.073071
16400	328	328	1	0:00:00.069450
16500	330	330	1	0:00:00.069598
16600	332	332	1	0:00:00.073631
16700	334	334	1	0:00:00.073987
16800	336	336	1	0:00:00.068237
16900	338	338	1	0:00:00.071054
17000	340	340	1	0:00:00.072737
17100	342	342	1	0:00:00.070802
17200	344	344	1	0:00:00.069161
17300	346	346	1	0:00:00.070242
17400	348	348	1	0:00:00.067184
17500	350	350	1	0:00:00.071699
17600	352	352	1	0:00:00.072668
17700	354	354	1	0:00:00.073669
17800	356	357	0	0:00:00.073247
17900	358	358	1	0:00:00.070155
18000	360	360	1	0:00:00.066120
18100	362	362	1	0:00:00.071141
18200	364	364	1	0:00:00.073987
18300	366	366	1	0:00:00.070467
18400	368	368	1	0:00:00.071186
18500	370	370	1	0:00:00.069380
18600	372	372	1	0:00:00.067741
18700	374	374	1	0:00:00.073146
18800	376	376	1	0:00:00.072531
18900	378	378	1	0:00:00.073179
19000	380	380	1	0:00:00.065077
19100	382	382	1	0:00:00.068960
19200	384	384	1	0:00:00.071833
19300	386	386	1	0:00:00.071006
19400	388	388	1	0:00:00.075257
19500	390	390	1	0:00:00.072339
19600	392	397	0	0:00:00.072955
19700	394	394	1	0:00:00.071357
19800	396	396	1	0:00:00.071223
19900	398	398	1	0:00:00.074818
20000	400	400	1	0:00:00.070787
20100	402	402	1	0:00:00.069151
20200	404	404	1	0:00:00.070793
20300	406	406	1	0:00:00.069383
20400	408	847	0	0:00:00.067836
20500	410	410	1	0:00:00.071961
20600	412	840	0	0:00:00.060954
20700	414	414	1	0:00:00.068261
20800	416	416	1	0:00:00.067950
20900	418	784	0	0:00:00.070696
21000	420	420	1	0:00:00.070432
21100	422	422	1	0:00:00.065812
21200	424	424	1	0:00:00.068025
21300	426	426	1	0:00:00.073389
21400	428	428	1	0:00:00.070274
21500	430	430	1	0:00:00.068593
21600	432	432	1	0:00:00.068829
21700	434	434	1	0:00:00.072592
21800	436	436	1	0:00:00.070209
21900	438	438	1	0:00:00.073699
22000	440	440	1	0:00:00.068600
22100	442	442	1	0:00:00.070124
22200	444	870	0	0:00:00.069390
22300	446	446	1	0:00:00.070856
22400	448	448	1	0:00:00.073012
22500	450	450	1	0:00:00.072616
22600	452	452	1	0:00:00.068791
22700	454	454	1	0:00:00.075100
22800	456	456	1	0:00:00.064731
22900	458	458	1	0:00:00.071605
23000	460	978	0	0:00:00.067590
23100	462	462	1	0:00:00.073070
23200	464	464	1	0:00:00.066699
23300	466	466	1	0:00:00.070196
23400	468	468	1	0:00:00.074502
23500	470	921	0	0:00:00.070903
23600	472	472	1	0:00:00.074080
23700	474	474	1	0:00:00.072950
23800	476	476	1	0:00:00.069386
23900	478	478	1	0:00:00.070962
24000	480	582	0	0:00:00.074257
24100	482	848	0	0:00:00.069333
24200	484	871	0	0:00:00.071362
24300	486	486	1	0:00:00.073612
24400	488	488	1	0:00:00.069738
24500	490	490	1	0:00:00.070725
24600	492	492	1	0:00:00.071933
24700	494	494	1	0:00:00.069633
24800	496	496	1	0:00:00.065808
24900	498	498	1	0:00:00.071586
25000	500	500	1	0:00:00.073217
25100	502	502	1	0:00:00.066354
25200	504	504	1	0:00:00.074273
25300	506	506	1	0:00:00.070992
25400	508	508	1	0:00:00.068845
25500	510	510	1	0:00:00.072375
25600	512	512	1	0:00:00.071124
25700	514	514	1	0:00:00.071987
25800	516	516	1	0:00:00.071633
25900	518	518	1	0:00:00.066144
26000	520	520	1	0:00:00.067464
26100	522	522	1	0:00:00.069716
26200	524	524	1	0:00:00.076638
26300	526	527	0	0:00:00.075514
26400	528	528	1	0:00:00.069170
26500	530	530	1	0:00:00.073080
26600	532	532	1	0:00:00.073702
26700	534	411	0	0:00:00.071533
26800	536	536	1	0:00:00.066237
26900	538	538	1	0:00:00.068737
27000	540	540	1	0:00:00.068366
27100	542	542	1	0:00:00.074402
27200	544	544	1	0:00:00.069921
27300	546	546	1	0:00:00.069546
27400	548	548	1	0:00:00.069902
27500	550	505	0	0:00:00.068335
27600	552	552	1	0:00:00.069449
27700	554	554	1	0:00:00.069315
27800	556	703	0	0:00:00.065087
27900	558	251	0	0:00:00.073371
28000	560	560	1	0:00:00.069214
28100	562	562	1	0:00:00.071925
28200	564	564	1	0:00:00.066493
28300	566	566	1	0:00:00.072799
28400	568	568	1	0:00:00.068669
28500	570	570	1	0:00:00.069076
28600	572	572	1	0:00:00.066420
28700	574	574	1	0:00:00.069597
28800	576	576	1	0:00:00.071433
28900	578	578	1	0:00:00.071069
29000	580	738	0	0:00:00.069191
29100	582	778	0	0:00:00.071506
29200	584	584	1	0:00:00.068790
29300	586	586	1	0:00:00.068385
29400	588	588	1	0:00:00.070319
29500	590	590	1	0:00:00.071849
29600	592	592	1	0:00:00.070882
29700	594	594	1	0:00:00.069985
29800	596	596	1	0:00:00.070606
29900	598	664	0	0:00:00.071414
30000	600	600	1	0:00:00.072282
30100	602	602	1	0:00:00.073095
30200	604	604	1	0:00:00.065627
30300	606	606	1	0:00:00.067812
30400	608	411	0	0:00:00.070378
30500	610	610	1	0:00:00.071634
30600	612	612	1	0:00:00.068874
30700	614	614	1	0:00:00.072876
30800	616	616	1	0:00:00.073133
30900	618	828	0	0:00:00.074820
31000	620	681	0	0:00:00.068081
31100	622	622	1	0:00:00.072435
31200	624	624	1	0:00:00.071159
31300	626	626	1	0:00:00.070018
31400	628	628	1	0:00:00.069631
31500	630	703	0	0:00:00.065162
31600	632	632	1	0:00:00.071339
31700	634	489	0	0:00:00.071174
31800	636	636	1	0:00:00.072267
31900	638	638	1	0:00:00.075588
32000	640	640	1	0:00:00.071085
32100	642	642	1	0:00:00.074177
32200	644	644	1	0:00:00.074846
32300	646	506	0	0:00:00.074057
32400	648	648	1	0:00:00.066960
32500	650	546	0	0:00:00.071226
32600	652	652	1	0:00:00.070111
32700	654	656	0	0:00:00.070624
32800	656	436	0	0:00:00.069543
32900	658	658	1	0:00:00.071502
33000	660	660	1	0:00:00.067021
33100	662	662	1	0:00:00.069985
33200	664	598	0	0:00:00.072882
33300	666	666	1	0:00:00.067409
33400	668	668	1	0:00:00.073108
33500	670	670	1	0:00:00.073758
33600	672	672	1	0:00:00.069904
33700	674	674	1	0:00:00.068718
33800	676	774	0	0:00:00.072508
33900	678	678	1	0:00:00.070309
34000	680	680	1	0:00:00.065541
34100	682	682	1	0:00:00.070228
34200	684	684	1	0:00:00.069340
34300	686	686	1	0:00:00.072330
34400	688	688	1	0:00:00.070017
34500	690	690	1	0:00:00.070539
34600	692	692	1	0:00:00.071209
34700	694	694	1	0:00:00.075992
34800	696	613	0	0:00:00.070307
34900	698	663	0	0:00:00.072112
35000	700	999	0	0:00:00.071446
35100	702	422	0	0:00:00.069433
35200	704	704	1	0:00:00.069072
35300	706	706	1	0:00:00.068307
35400	708	708	1	0:00:00.068507
35500	710	710	1	0:00:00.068949
35600	712	712	1	0:00:00.072877
35700	714	714	1	0:00:00.071640
35800	716	716	1	0:00:00.064765
35900	718	718	1	0:00:00.069753
36000	720	720	1	0:00:00.070497
36100	722	722	1	0:00:00.071850
36200	724	780	0	0:00:00.070015
36300	726	726	1	0:00:00.070050
36400	728	728	1	0:00:00.072474
36500	730	856	0	0:00:00.067559
36600	732	732	1	0:00:00.069334
36700	734	734	1	0:00:00.070846
36800	736	736	1	0:00:00.070392
36900	738	738	1	0:00:00.070540
37000	740	740	1	0:00:00.070450
37100	742	766	0	0:00:00.070188
37200	744	744	1	0:00:00.068833
37300	746	746	1	0:00:00.065187
37400	748	748	1	0:00:00.071690
37500	750	750	1	0:00:00.071856
37600	752	752	1	0:00:00.070409
37700	754	485	0	0:00:00.071672
37800	756	756	1	0:00:00.069926
37900	758	758	1	0:00:00.071971
38000	760	737	0	0:00:00.068582
38100	762	762	1	0:00:00.071679
38200	764	862	0	0:00:00.072678
38300	766	766	1	0:00:00.073847
38400	768	768	1	0:00:00.069478
38500	770	770	1	0:00:00.072293
38600	772	772	1	0:00:00.075089
38700	774	774	1	0:00:00.072926
38800	776	875	0	0:00:00.070096
38900	778	778	1	0:00:00.068480
39000	780	484	0	0:00:00.069648
39100	782	782	1	0:00:00.072240
39200	784	828	0	0:00:00.070051
39300	786	786	1	0:00:00.070972
39400	788	788	1	0:00:00.064870
39500	790	791	0	0:00:00.067792
39600	792	792	1	0:00:00.069096
39700	794	794	1	0:00:00.070199
39800	796	796	1	0:00:00.068001
39900	798	798	1	0:00:00.066895
40000	800	800	1	0:00:00.071352
40100	802	802	1	0:00:00.068108
40200	804	804	1	0:00:00.070972
40300	806	806	1	0:00:00.065259
40400	808	808	1	0:00:00.072931
40500	810	810	1	0:00:00.071656
40600	812	812	1	0:00:00.074240
40700	814	814	1	0:00:00.068786
40800	816	816	1	0:00:00.070354
40900	818	471	0	0:00:00.066654
41000	820	820	1	0:00:00.069637
41100	822	822	1	0:00:00.071562
41200	824	824	1	0:00:00.070072
41300	826	531	0	0:00:00.070177
41400	828	828	1	0:00:00.071521
41500	830	830	1	0:00:00.073457
41600	832	832	1	0:00:00.071402
41700	834	834	1	0:00:00.071931
41800	836	880	0	0:00:00.070797
41900	838	631	0	0:00:00.069894
42000	840	840	1	0:00:00.070031
42100	842	842	1	0:00:00.069458
42200	844	844	1	0:00:00.069122
42300	846	846	1	0:00:00.069376
42400	848	848	1	0:00:00.061512
42500	850	850	1	0:00:00.071957
42600	852	852	1	0:00:00.068383
42700	854	854	1	0:00:00.073282
42800	856	856	1	0:00:00.076591
42900	858	858	1	0:00:00.069599
43000	860	892	0	0:00:00.068293
43100	862	862	1	0:00:00.070446
43200	864	864	1	0:00:00.071852
43300	866	866	1	0:00:00.069360
43400	868	868	1	0:00:00.069751
43500	870	870	1	0:00:00.068917
43600	872	872	1	0:00:00.071222
43700	874	874	1	0:00:00.066221
43800	876	876	1	0:00:00.074122
43900	878	878	1	0:00:00.068805
44000	880	880	1	0:00:00.076711
44100	882	882	1	0:00:00.072485
44200	884	884	1	0:00:00.071994
44300	886	886	1	0:00:00.070613
44400	888	718	0	0:00:00.069500
44500	890	890	1	0:00:00.067031
44600	892	442	0	0:00:00.066483
44700	894	894	1	0:00:00.075055
44800	896	896	1	0:00:00.073437
44900	898	737	0	0:00:00.069777
45000	900	900	1	0:00:00.069659
45100	902	902	1	0:00:00.071122
45200	904	904	1	0:00:00.069373
45300	906	906	1	0:00:00.069644
45400	908	908	1	0:00:00.070501
45500	910	641	0	0:00:00.073628
45600	912	912	1	0:00:00.069417
45700	914	914	1	0:00:00.071412
45800	916	916	1	0:00:00.072391
45900	918	918	1	0:00:00.064277
46000	920	818	0	0:00:00.070462
46100	922	922	1	0:00:00.071883
46200	924	924	1	0:00:00.065511
46300	926	926	1	0:00:00.071679
46400	928	954	0	0:00:00.062673
46500	930	930	1	0:00:00.071257
46600	932	932	1	0:00:00.075094
46700	934	934	1	0:00:00.069811
46800	936	936	1	0:00:00.071351
46900	938	938	1	0:00:00.073794
47000	940	940	1	0:00:00.071431
47100	942	942	1	0:00:00.071367
47200	944	944	1	0:00:00.070460
47300	946	946	1	0:00:00.072349
47400	948	948	1	0:00:00.067969
47500	950	950	1	0:00:00.068487
47600	952	90	0	0:00:00.069412
47700	954	954	1	0:00:00.071954
47800	956	956	1	0:00:00.068053
47900	958	958	1	0:00:00.070217
48000	960	960	1	0:00:00.068727
48100	962	962	1	0:00:00.068361
48200	964	964	1	0:00:00.069791
48300	966	806	0	0:00:00.070170
48400	968	968	1	0:00:00.064669
48500	970	795	0	0:00:00.069327
48600	972	972	1	0:00:00.068803
48700	974	974	1	0:00:00.066593
48800	976	972	0	0:00:00.069213
48900	978	701	0	0:00:00.068032
49000	980	980	1	0:00:00.070972
49100	982	982	1	0:00:00.068888
49200	984	984	1	0:00:00.073128
49300	986	986	1	0:00:00.067227
49400	988	988	1	0:00:00.071414
49500	990	990	1	0:00:00.070493
49600	992	992	1	0:00:00.068721
49700	994	994	1	0:00:00.071322
49800	996	996	1	0:00:00.069626
49900	998	987	0	0:00:00.068727
