idx	label	predict	correct	time
0	0	394	0	0:00:01.082417
100	2	2	1	0:00:00.057359
200	4	4	1	0:00:00.057684
300	6	6	1	0:00:00.054901
400	8	8	1	0:00:00.052464
500	10	13	0	0:00:00.061052
600	12	12	1	0:00:00.060978
700	14	14	1	0:00:00.052845
800	16	16	1	0:00:00.052500
900	18	18	1	0:00:00.059844
1000	20	20	1	0:00:00.056769
1100	22	21	0	0:00:00.059418
1200	24	24	1	0:00:00.055582
1300	26	26	1	0:00:00.054211
1400	28	28	1	0:00:00.056707
1500	30	30	1	0:00:00.057212
1600	32	26	0	0:00:00.059114
1700	34	34	1	0:00:00.058968
1800	36	35	0	0:00:00.057806
1900	38	38	1	0:00:00.062735
2000	40	40	1	0:00:00.062666
2100	42	43	0	0:00:00.058580
2200	44	44	1	0:00:00.056030
2300	46	46	1	0:00:00.057590
2400	48	48	1	0:00:00.058975
2500	50	50	1	0:00:00.057486
2600	52	52	1	0:00:00.056493
2700	54	57	0	0:00:00.065523
2800	56	56	1	0:00:00.058795
2900	58	58	1	0:00:00.057990
3000	60	61	0	0:00:00.057644
3100	62	62	1	0:00:00.055793
3200	64	64	1	0:00:00.052479
3300	66	66	1	0:00:00.056971
3400	68	111	0	0:00:00.055652
3500	70	70	1	0:00:00.056449
3600	72	72	1	0:00:00.054141
3700	74	74	1	0:00:00.053812
3800	76	76	1	0:00:00.057601
3900	78	78	1	0:00:00.055808
4000	80	80	1	0:00:00.055710
4100	82	82	1	0:00:00.066485
4200	84	84	1	0:00:00.057123
4300	86	86	1	0:00:00.054601
4400	88	88	1	0:00:00.051299
4500	90	90	1	0:00:00.057678
4600	92	92	1	0:00:00.056754
4700	94	94	1	0:00:00.058831
4800	96	96	1	0:00:00.056593
4900	98	98	1	0:00:00.055213
5000	100	100	1	0:00:00.054028
5100	102	102	1	0:00:00.063441
5200	104	104	1	0:00:00.056727
5300	106	106	1	0:00:00.056256
5400	108	327	0	0:00:00.056302
5500	110	110	1	0:00:00.060760
5600	112	112	1	0:00:00.056136
5700	114	114	1	0:00:00.056077
5800	116	116	1	0:00:00.059159
5900	118	118	1	0:00:00.055384
6000	120	119	0	0:00:00.058165
6100	122	122	1	0:00:00.054073
6200	124	124	1	0:00:00.060886
6300	126	126	1	0:00:00.061144
6400	128	128	1	0:00:00.055388
6500	130	130	1	0:00:00.055977
6600	132	132	1	0:00:00.059266
6700	134	132	0	0:00:00.056197
6800	136	136	1	0:00:00.057610
6900	138	138	1	0:00:00.060029
7000	140	140	1	0:00:00.051630
7100	142	142	1	0:00:00.055311
7200	144	144	1	0:00:00.059363
7300	146	146	1	0:00:00.059853
7400	148	148	1	0:00:00.057010
7500	150	150	1	0:00:00.057179
7600	152	152	1	0:00:00.054311
7700	154	154	1	0:00:00.056773
7800	156	156	1	0:00:00.060842
7900	158	158	1	0:00:00.053812
8000	160	160	1	0:00:00.057739
8100	162	162	1	0:00:00.059817
8200	164	164	1	0:00:00.061939
8300	166	166	1	0:00:00.053567
8400	168	168	1	0:00:00.055993
8500	170	172	0	0:00:00.055885
8600	172	172	1	0:00:00.058979
8700	174	174	1	0:00:00.056136
8800	176	176	1	0:00:00.060146
8900	178	178	1	0:00:00.056989
9000	180	180	1	0:00:00.058536
9100	182	182	1	0:00:00.054840
9200	184	184	1	0:00:00.054898
9300	186	192	0	0:00:00.052874
9400	188	188	1	0:00:00.057150
9500	190	190	1	0:00:00.056556
9600	192	192	1	0:00:00.055032
9700	194	194	1	0:00:00.054654
9800	196	199	0	0:00:00.053389
9900	198	198	1	0:00:00.056312
10000	200	200	1	0:00:00.058415
10100	202	202	1	0:00:00.058795
10200	204	204	1	0:00:00.059192
10300	206	206	1	0:00:00.053881
10400	208	208	1	0:00:00.058667
10500	210	210	1	0:00:00.053132
10600	212	212	1	0:00:00.059714
10700	214	214	1	0:00:00.059340
10800	216	216	1	0:00:00.059671
10900	218	218	1	0:00:00.056918
11000	220	220	1	0:00:00.059049
11100	222	222	1	0:00:00.056535
11200	224	224	1	0:00:00.058314
11300	226	226	1	0:00:00.054945
11400	228	228	1	0:00:00.055068
11500	230	230	1	0:00:00.056853
11600	232	232	1	0:00:00.053926
11700	234	234	1	0:00:00.058096
11800	236	234	0	0:00:00.053406
11900	238	238	1	0:00:00.053198
12000	240	238	0	0:00:00.055577
12100	242	242	1	0:00:00.063420
12200	244	244	1	0:00:00.058139
12300	246	180	0	0:00:00.054212
12400	248	248	1	0:00:00.053999
12500	250	270	0	0:00:00.058838
12600	252	252	1	0:00:00.059698
12700	254	254	1	0:00:00.060091
12800	256	256	1	0:00:00.053837
12900	258	258	1	0:00:00.060770
13000	260	260	1	0:00:00.058008
13100	262	262	1	0:00:00.051676
13200	264	264	1	0:00:00.057789
13300	266	266	1	0:00:00.056478
13400	268	268	1	0:00:00.056816
13500	270	270	1	0:00:00.061137
13600	272	274	0	0:00:00.056016
13700	274	274	1	0:00:00.059239
13800	276	276	1	0:00:00.055051
13900	278	277	0	0:00:00.059203
14000	280	280	1	0:00:00.063052
14100	282	282	1	0:00:00.050498
14200	284	284	1	0:00:00.057153
14300	286	286	1	0:00:00.064393
14400	288	288	1	0:00:00.057478
14500	290	290	1	0:00:00.057264
14600	292	290	0	0:00:00.055516
14700	294	294	1	0:00:00.057359
14800	296	296	1	0:00:00.056523
14900	298	272	0	0:00:00.054898
15000	300	300	1	0:00:00.057883
15100	302	302	1	0:00:00.059163
15200	304	301	0	0:00:00.059141
15300	306	306	1	0:00:00.059064
15400	308	308	1	0:00:00.058126
15500	310	310	1	0:00:00.057276
15600	312	312	1	0:00:00.058796
15700	314	314	1	0:00:00.054736
15800	316	316	1	0:00:00.059538
15900	318	318	1	0:00:00.056206
16000	320	320	1	0:00:00.057313
16100	322	322	1	0:00:00.057848
16200	324	324	1	0:00:00.056958
16300	326	326	1	0:00:00.061002
16400	328	328	1	0:00:00.062076
16500	330	330	1	0:00:00.057370
16600	332	332	1	0:00:00.057207
16700	334	334	1	0:00:00.059190
16800	336	336	1	0:00:00.054413
16900	338	338	1	0:00:00.055941
17000	340	340	1	0:00:00.056444
17100	342	269	0	0:00:00.054439
17200	344	344	1	0:00:00.054234
17300	346	346	1	0:00:00.053739
17400	348	348	1	0:00:00.060355
17500	350	350	1	0:00:00.053309
17600	352	352	1	0:00:00.059178
17700	354	354	1	0:00:00.056837
17800	356	356	1	0:00:00.057079
17900	358	358	1	0:00:00.056455
18000	360	360	1	0:00:00.063673
18100	362	362	1	0:00:00.056885
18200	364	364	1	0:00:00.055969
18300	366	366	1	0:00:00.057800
18400	368	368	1	0:00:00.059637
18500	370	370	1	0:00:00.050140
18600	372	372	1	0:00:00.058333
18700	374	374	1	0:00:00.056404
18800	376	376	1	0:00:00.056643
18900	378	378	1	0:00:00.058785
19000	380	380	1	0:00:00.054917
19100	382	382	1	0:00:00.056235
19200	384	384	1	0:00:00.059708
19300	386	386	1	0:00:00.060774
19400	388	388	1	0:00:00.057099
19500	390	390	1	0:00:00.055925
19600	392	397	0	0:00:00.057604
19700	394	395	0	0:00:00.056250
19800	396	396	1	0:00:00.059325
19900	398	398	1	0:00:00.055681
20000	400	400	1	0:00:00.058336
20100	402	402	1	0:00:00.058653
20200	404	404	1	0:00:00.053907
20300	406	406	1	0:00:00.057440
20400	408	847	0	0:00:00.054410
20500	410	410	1	0:00:00.055793
20600	412	412	1	0:00:00.054588
20700	414	414	1	0:00:00.051720
20800	416	416	1	0:00:00.058208
20900	418	418	1	0:00:00.058181
21000	420	420	1	0:00:00.050910
21100	422	422	1	0:00:00.054322
21200	424	424	1	0:00:00.057333
21300	426	426	1	0:00:00.057572
21400	428	428	1	0:00:00.057055
21500	430	430	1	0:00:00.056202
21600	432	432	1	0:00:00.054664
21700	434	434	1	0:00:00.056581
21800	436	436	1	0:00:00.056192
21900	438	438	1	0:00:00.057471
22000	440	440	1	0:00:00.057633
22100	442	442	1	0:00:00.054899
22200	444	870	0	0:00:00.057843
22300	446	446	1	0:00:00.056732
22400	448	448	1	0:00:00.057704
22500	450	450	1	0:00:00.054387
22600	452	452	1	0:00:00.055906
22700	454	454	1	0:00:00.054147
22800	456	456	1	0:00:00.057537
22900	458	458	1	0:00:00.056754
23000	460	977	0	0:00:00.059755
23100	462	462	1	0:00:00.058452
23200	464	464	1	0:00:00.057946
23300	466	466	1	0:00:00.055471
23400	468	468	1	0:00:00.054133
23500	470	624	0	0:00:00.051617
23600	472	472	1	0:00:00.051679
23700	474	474	1	0:00:00.054776
23800	476	476	1	0:00:00.059009
23900	478	478	1	0:00:00.058974
24000	480	582	0	0:00:00.057474
24100	482	848	0	0:00:00.055961
24200	484	484	1	0:00:00.053634
24300	486	486	1	0:00:00.054312
24400	488	488	1	0:00:00.054531
24500	490	490	1	0:00:00.048629
24600	492	492	1	0:00:00.057837
24700	494	494	1	0:00:00.056181
24800	496	496	1	0:00:00.053801
24900	498	498	1	0:00:00.056265
25000	500	500	1	0:00:00.057163
25100	502	502	1	0:00:00.054712
25200	504	504	1	0:00:00.057771
25300	506	506	1	0:00:00.053438
25400	508	508	1	0:00:00.059378
25500	510	510	1	0:00:00.058357
25600	512	512	1	0:00:00.056997
25700	514	514	1	0:00:00.057546
25800	516	516	1	0:00:00.056695
25900	518	518	1	0:00:00.058826
26000	520	520	1	0:00:00.058359
26100	522	522	1	0:00:00.059545
26200	524	524	1	0:00:00.059933
26300	526	527	0	0:00:00.060792
26400	528	528	1	0:00:00.055012
26500	530	530	1	0:00:00.059500
26600	532	532	1	0:00:00.056904
26700	534	534	1	0:00:00.055855
26800	536	536	1	0:00:00.054588
26900	538	538	1	0:00:00.056506
27000	540	540	1	0:00:00.059350
27100	542	542	1	0:00:00.059487
27200	544	544	1	0:00:00.056475
27300	546	546	1	0:00:00.057312
27400	548	548	1	0:00:00.056154
27500	550	505	0	0:00:00.048494
27600	552	552	1	0:00:00.056442
27700	554	554	1	0:00:00.057477
27800	556	703	0	0:00:00.057326
27900	558	251	0	0:00:00.055914
28000	560	560	1	0:00:00.052408
28100	562	562	1	0:00:00.060895
28200	564	564	1	0:00:00.047552
28300	566	566	1	0:00:00.056111
28400	568	568	1	0:00:00.054967
28500	570	570	1	0:00:00.058409
28600	572	572	1	0:00:00.056897
28700	574	574	1	0:00:00.059604
28800	576	576	1	0:00:00.055333
28900	578	578	1	0:00:00.063212
29000	580	580	1	0:00:00.055338
29100	582	509	0	0:00:00.054943
29200	584	584	1	0:00:00.061482
29300	586	586	1	0:00:00.056378
29400	588	588	1	0:00:00.059426
29500	590	590	1	0:00:00.054861
29600	592	592	1	0:00:00.057242
29700	594	594	1	0:00:00.057063
29800	596	596	1	0:00:00.062275
29900	598	664	0	0:00:00.054136
30000	600	600	1	0:00:00.055457
30100	602	602	1	0:00:00.058575
30200	604	604	1	0:00:00.057764
30300	606	606	1	0:00:00.053048
30400	608	411	0	0:00:00.062123
30500	610	610	1	0:00:00.058172
30600	612	612	1	0:00:00.057277
30700	614	614	1	0:00:00.054890
30800	616	840	0	0:00:00.057889
30900	618	828	0	0:00:00.057406
31000	620	620	1	0:00:00.055117
31100	622	622	1	0:00:00.052615
31200	624	624	1	0:00:00.053622
31300	626	626	1	0:00:00.057888
31400	628	536	0	0:00:00.052726
31500	630	703	0	0:00:00.058161
31600	632	632	1	0:00:00.057191
31700	634	489	0	0:00:00.053459
31800	636	636	1	0:00:00.050689
31900	638	638	1	0:00:00.055222
32000	640	640	1	0:00:00.057547
32100	642	642	1	0:00:00.060886
32200	644	644	1	0:00:00.052332
32300	646	506	0	0:00:00.060876
32400	648	648	1	0:00:00.054100
32500	650	650	1	0:00:00.057220
32600	652	652	1	0:00:00.059480
32700	654	654	1	0:00:00.057914
32800	656	581	0	0:00:00.059996
32900	658	658	1	0:00:00.054144
33000	660	660	1	0:00:00.056116
33100	662	662	1	0:00:00.056241
33200	664	598	0	0:00:00.056053
33300	666	666	1	0:00:00.050910
33400	668	668	1	0:00:00.050771
33500	670	670	1	0:00:00.058175
33600	672	672	1	0:00:00.057614
33700	674	674	1	0:00:00.060906
33800	676	774	0	0:00:00.059585
33900	678	678	1	0:00:00.057365
34000	680	680	1	0:00:00.056871
34100	682	682	1	0:00:00.055118
34200	684	684	1	0:00:00.057826
34300	686	686	1	0:00:00.057400
34400	688	688	1	0:00:00.056226
34500	690	690	1	0:00:00.060162
34600	692	692	1	0:00:00.057876
34700	694	694	1	0:00:00.055071
34800	696	761	0	0:00:00.056217
34900	698	663	0	0:00:00.057100
35000	700	700	1	0:00:00.056549
35100	702	422	0	0:00:00.053495
35200	704	704	1	0:00:00.051767
35300	706	706	1	0:00:00.053569
35400	708	708	1	0:00:00.057318
35500	710	710	1	0:00:00.055763
35600	712	712	1	0:00:00.055713
35700	714	714	1	0:00:00.060173
35800	716	716	1	0:00:00.055018
35900	718	449	0	0:00:00.054689
36000	720	720	1	0:00:00.058565
36100	722	722	1	0:00:00.058577
36200	724	780	0	0:00:00.059947
36300	726	726	1	0:00:00.056507
36400	728	728	1	0:00:00.049612
36500	730	856	0	0:00:00.052837
36600	732	732	1	0:00:00.057573
36700	734	734	1	0:00:00.057079
36800	736	736	1	0:00:00.055198
36900	738	738	1	0:00:00.058397
37000	740	740	1	0:00:00.053010
37100	742	766	0	0:00:00.054321
37200	744	657	0	0:00:00.056457
37300	746	746	1	0:00:00.056835
37400	748	748	1	0:00:00.056377
37500	750	180	0	0:00:00.056003
37600	752	752	1	0:00:00.055921
37700	754	485	0	0:00:00.054007
37800	756	756	1	0:00:00.054730
37900	758	758	1	0:00:00.052380
38000	760	894	0	0:00:00.050488
38100	762	762	1	0:00:00.060336
38200	764	764	1	0:00:00.056682
38300	766	766	1	0:00:00.058654
38400	768	768	1	0:00:00.059736
38500	770	770	1	0:00:00.053526
38600	772	772	1	0:00:00.057842
38700	774	774	1	0:00:00.055615
38800	776	875	0	0:00:00.057050
38900	778	778	1	0:00:00.054776
39000	780	484	0	0:00:00.052489
39100	782	782	1	0:00:00.056813
39200	784	550	0	0:00:00.054528
39300	786	786	1	0:00:00.052351
39400	788	788	1	0:00:00.057289
39500	790	791	0	0:00:00.050107
39600	792	792	1	0:00:00.055954
39700	794	794	1	0:00:00.060844
39800	796	796	1	0:00:00.051119
39900	798	798	1	0:00:00.057147
40000	800	800	1	0:00:00.055411
40100	802	802	1	0:00:00.062674
40200	804	804	1	0:00:00.055105
40300	806	806	1	0:00:00.054882
40400	808	808	1	0:00:00.062011
40500	810	878	0	0:00:00.054240
40600	812	812	1	0:00:00.053050
40700	814	814	1	0:00:00.058082
40800	816	816	1	0:00:00.054969
40900	818	471	0	0:00:00.057289
41000	820	820	1	0:00:00.054708
41100	822	822	1	0:00:00.058123
41200	824	824	1	0:00:00.058246
41300	826	531	0	0:00:00.059729
41400	828	828	1	0:00:00.060461
41500	830	830	1	0:00:00.062515
41600	832	832	1	0:00:00.054442
41700	834	834	1	0:00:00.057586
41800	836	784	0	0:00:00.057247
41900	838	631	0	0:00:00.057197
42000	840	840	1	0:00:00.058185
42100	842	842	1	0:00:00.058289
42200	844	844	1	0:00:00.057139
42300	846	846	1	0:00:00.055964
42400	848	482	0	0:00:00.054740
42500	850	850	1	0:00:00.051225
42600	852	852	1	0:00:00.057900
42700	854	854	1	0:00:00.050451
42800	856	856	1	0:00:00.056075
42900	858	858	1	0:00:00.058880
43000	860	892	0	0:00:00.059958
43100	862	862	1	0:00:00.058263
43200	864	864	1	0:00:00.054146
43300	866	866	1	0:00:00.056103
43400	868	967	0	0:00:00.059360
43500	870	870	1	0:00:00.052685
43600	872	872	1	0:00:00.051601
43700	874	874	1	0:00:00.053914
43800	876	435	0	0:00:00.056494
43900	878	878	1	0:00:00.056095
44000	880	870	0	0:00:00.057256
44100	882	882	1	0:00:00.057295
44200	884	884	1	0:00:00.055574
44300	886	886	1	0:00:00.057738
44400	888	874	0	0:00:00.063901
44500	890	890	1	0:00:00.059106
44600	892	442	0	0:00:00.056167
44700	894	894	1	0:00:00.056701
44800	896	896	1	0:00:00.058009
44900	898	737	0	0:00:00.054755
45000	900	900	1	0:00:00.055846
45100	902	902	1	0:00:00.055624
45200	904	905	0	0:00:00.054795
45300	906	906	1	0:00:00.053219
45400	908	908	1	0:00:00.055546
45500	910	641	0	0:00:00.053868
45600	912	912	1	0:00:00.052694
45700	914	914	1	0:00:00.058940
45800	916	916	1	0:00:00.055057
45900	918	918	1	0:00:00.053847
46000	920	920	1	0:00:00.057373
46100	922	922	1	0:00:00.054900
46200	924	924	1	0:00:00.061984
46300	926	926	1	0:00:00.060911
46400	928	927	0	0:00:00.054830
46500	930	930	1	0:00:00.058012
46600	932	932	1	0:00:00.054391
46700	934	934	1	0:00:00.059529
46800	936	936	1	0:00:00.058766
46900	938	938	1	0:00:00.057040
47000	940	940	1	0:00:00.055681
47100	942	942	1	0:00:00.052846
47200	944	944	1	0:00:00.057712
47300	946	946	1	0:00:00.058577
47400	948	948	1	0:00:00.056828
47500	950	950	1	0:00:00.057444
47600	952	90	0	0:00:00.060385
47700	954	954	1	0:00:00.057783
47800	956	956	1	0:00:00.055833
47900	958	958	1	0:00:00.056279
48000	960	960	1	0:00:00.055431
48100	962	962	1	0:00:00.058258
48200	964	964	1	0:00:00.057286
48300	966	572	0	0:00:00.062969
48400	968	968	1	0:00:00.061938
48500	970	795	0	0:00:00.059282
48600	972	979	0	0:00:00.056313
48700	974	974	1	0:00:00.057994
48800	976	972	0	0:00:00.057492
48900	978	978	1	0:00:00.053757
49000	980	980	1	0:00:00.055093
49100	982	982	1	0:00:00.056778
49200	984	984	1	0:00:00.057931
49300	986	986	1	0:00:00.054659
49400	988	988	1	0:00:00.058531
49500	990	990	1	0:00:00.057035
49600	992	992	1	0:00:00.057354
49700	994	994	1	0:00:00.060367
49800	996	996	1	0:00:00.051494
49900	998	987	0	0:00:00.057338
