idx	label	predict	correct	time
0	0	394	0	0:00:00.911068
100	2	2	1	0:00:00.041683
200	4	4	1	0:00:00.035875
300	6	6	1	0:00:00.033433
400	8	8	1	0:00:00.033612
500	10	10	1	0:00:00.032513
600	12	12	1	0:00:00.035893
700	14	14	1	0:00:00.032249
800	16	16	1	0:00:00.032452
900	18	18	1	0:00:00.031796
1000	20	20	1	0:00:00.036709
1100	22	21	0	0:00:00.033532
1200	24	24	1	0:00:00.033158
1300	26	26	1	0:00:00.037330
1400	28	28	1	0:00:00.034512
1500	30	30	1	0:00:00.033468
1600	32	26	0	0:00:00.034501
1700	34	34	1	0:00:00.030717
1800	36	35	0	0:00:00.033342
1900	38	38	1	0:00:00.033247
2000	40	46	0	0:00:00.032817
2100	42	43	0	0:00:00.036720
2200	44	44	1	0:00:00.035101
2300	46	46	1	0:00:00.036877
2400	48	48	1	0:00:00.030682
2500	50	50	1	0:00:00.033940
2600	52	52	1	0:00:00.034094
2700	54	57	0	0:00:00.040362
2800	56	56	1	0:00:00.038521
2900	58	312	0	0:00:00.041927
3000	60	62	0	0:00:00.041216
3100	62	62	1	0:00:00.041498
3200	64	64	1	0:00:00.031404
3300	66	66	1	0:00:00.037048
3400	68	60	0	0:00:00.031692
3500	70	70	1	0:00:00.035432
3600	72	72	1	0:00:00.034962
3700	74	74	1	0:00:00.033160
3800	76	76	1	0:00:00.035682
3900	78	78	1	0:00:00.036474
4000	80	80	1	0:00:00.032372
4100	82	82	1	0:00:00.032933
4200	84	84	1	0:00:00.035733
4300	86	86	1	0:00:00.037760
4400	88	88	1	0:00:00.030799
4500	90	90	1	0:00:00.039453
4600	92	92	1	0:00:00.033961
4700	94	94	1	0:00:00.034149
4800	96	96	1	0:00:00.037588
4900	98	98	1	0:00:00.033977
5000	100	100	1	0:00:00.037752
5100	102	102	1	0:00:00.032919
5200	104	104	1	0:00:00.041054
5300	106	106	1	0:00:00.035041
5400	108	108	1	0:00:00.033385
5500	110	110	1	0:00:00.031790
5600	112	112	1	0:00:00.037157
5700	114	114	1	0:00:00.038850
5800	116	116	1	0:00:00.037841
5900	118	118	1	0:00:00.037410
6000	120	119	0	0:00:00.035089
6100	122	122	1	0:00:00.032449
6200	124	124	1	0:00:00.040165
6300	126	126	1	0:00:00.032131
6400	128	128	1	0:00:00.035232
6500	130	130	1	0:00:00.039695
6600	132	132	1	0:00:00.034384
6700	134	132	0	0:00:00.036871
6800	136	136	1	0:00:00.032624
6900	138	138	1	0:00:00.036722
7000	140	140	1	0:00:00.035368
7100	142	142	1	0:00:00.034227
7200	144	144	1	0:00:00.036538
7300	146	146	1	0:00:00.035335
7400	148	148	1	0:00:00.035077
7500	150	360	0	0:00:00.041528
7600	152	152	1	0:00:00.029529
7700	154	154	1	0:00:00.036059
7800	156	156	1	0:00:00.031399
7900	158	158	1	0:00:00.041610
8000	160	160	1	0:00:00.040273
8100	162	162	1	0:00:00.037415
8200	164	164	1	0:00:00.035484
8300	166	166	1	0:00:00.036034
8400	168	168	1	0:00:00.035069
8500	170	172	0	0:00:00.043136
8600	172	208	0	0:00:00.033082
8700	174	174	1	0:00:00.044181
8800	176	176	1	0:00:00.035846
8900	178	178	1	0:00:00.035645
9000	180	180	1	0:00:00.041265
9100	182	182	1	0:00:00.035275
9200	184	184	1	0:00:00.031221
9300	186	192	0	0:00:00.035847
9400	188	188	1	0:00:00.035269
9500	190	190	1	0:00:00.036911
9600	192	192	1	0:00:00.033855
9700	194	194	1	0:00:00.035836
9800	196	199	0	0:00:00.029875
9900	198	198	1	0:00:00.031832
10000	200	200	1	0:00:00.033115
10100	202	202	1	0:00:00.034219
10200	204	204	1	0:00:00.038202
10300	206	206	1	0:00:00.034675
10400	208	208	1	0:00:00.031654
10500	210	210	1	0:00:00.037705
10600	212	212	1	0:00:00.035767
10700	214	214	1	0:00:00.034416
10800	216	216	1	0:00:00.034435
10900	218	218	1	0:00:00.039605
11000	220	220	1	0:00:00.036918
11100	222	222	1	0:00:00.032868
11200	224	224	1	0:00:00.033259
11300	226	226	1	0:00:00.034929
11400	228	228	1	0:00:00.033622
11500	230	231	0	0:00:00.036683
11600	232	232	1	0:00:00.034181
11700	234	234	1	0:00:00.038360
11800	236	234	0	0:00:00.039459
11900	238	238	1	0:00:00.033124
12000	240	238	0	0:00:00.036428
12100	242	242	1	0:00:00.042292
12200	244	244	1	0:00:00.032828
12300	246	246	1	0:00:00.037975
12400	248	248	1	0:00:00.033646
12500	250	249	0	0:00:00.033671
12600	252	252	1	0:00:00.033369
12700	254	254	1	0:00:00.036283
12800	256	256	1	0:00:00.032458
12900	258	258	1	0:00:00.034130
13000	260	260	1	0:00:00.027483
13100	262	262	1	0:00:00.033825
13200	264	264	1	0:00:00.035964
13300	266	266	1	0:00:00.032711
13400	268	268	1	0:00:00.038143
13500	270	270	1	0:00:00.035597
13600	272	274	0	0:00:00.043036
13700	274	274	1	0:00:00.038091
13800	276	276	1	0:00:00.033785
13900	278	278	1	0:00:00.032363
14000	280	280	1	0:00:00.036412
14100	282	282	1	0:00:00.035693
14200	284	284	1	0:00:00.035070
14300	286	286	1	0:00:00.033832
14400	288	290	0	0:00:00.030679
14500	290	290	1	0:00:00.034666
14600	292	290	0	0:00:00.036771
14700	294	294	1	0:00:00.036980
14800	296	296	1	0:00:00.037347
14900	298	353	0	0:00:00.039294
15000	300	300	1	0:00:00.036461
15100	302	302	1	0:00:00.035539
15200	304	301	0	0:00:00.034905
15300	306	306	1	0:00:00.033704
15400	308	308	1	0:00:00.036397
15500	310	310	1	0:00:00.036824
15600	312	311	0	0:00:00.032233
15700	314	314	1	0:00:00.035664
15800	316	316	1	0:00:00.033473
15900	318	318	1	0:00:00.035496
16000	320	320	1	0:00:00.040249
16100	322	322	1	0:00:00.037838
16200	324	324	1	0:00:00.035582
16300	326	326	1	0:00:00.037282
16400	328	328	1	0:00:00.031300
16500	330	330	1	0:00:00.036012
16600	332	332	1	0:00:00.035165
16700	334	334	1	0:00:00.035001
16800	336	336	1	0:00:00.033583
16900	338	617	0	0:00:00.034493
17000	340	340	1	0:00:00.037892
17100	342	342	1	0:00:00.035634
17200	344	344	1	0:00:00.037458
17300	346	346	1	0:00:00.037747
17400	348	348	1	0:00:00.036829
17500	350	350	1	0:00:00.039074
17600	352	352	1	0:00:00.033960
17700	354	354	1	0:00:00.039265
17800	356	357	0	0:00:00.033044
17900	358	358	1	0:00:00.030830
18000	360	360	1	0:00:00.032290
18100	362	362	1	0:00:00.030761
18200	364	364	1	0:00:00.033062
18300	366	366	1	0:00:00.033714
18400	368	368	1	0:00:00.031643
18500	370	370	1	0:00:00.035757
18600	372	372	1	0:00:00.038314
18700	374	374	1	0:00:00.039213
18800	376	376	1	0:00:00.036680
18900	378	378	1	0:00:00.039956
19000	380	380	1	0:00:00.034150
19100	382	382	1	0:00:00.034596
19200	384	384	1	0:00:00.039794
19300	386	386	1	0:00:00.035365
19400	388	388	1	0:00:00.033908
19500	390	390	1	0:00:00.037324
19600	392	397	0	0:00:00.034446
19700	394	467	0	0:00:00.034552
19800	396	396	1	0:00:00.043109
19900	398	398	1	0:00:00.036862
20000	400	400	1	0:00:00.032085
20100	402	402	1	0:00:00.035089
20200	404	404	1	0:00:00.031464
20300	406	406	1	0:00:00.037270
20400	408	847	0	0:00:00.035975
20500	410	410	1	0:00:00.034629
20600	412	412	1	0:00:00.033434
20700	414	414	1	0:00:00.037530
20800	416	416	1	0:00:00.033222
20900	418	418	1	0:00:00.033311
21000	420	420	1	0:00:00.037462
21100	422	422	1	0:00:00.036343
21200	424	424	1	0:00:00.034868
21300	426	426	1	0:00:00.037739
21400	428	428	1	0:00:00.035501
21500	430	430	1	0:00:00.036346
21600	432	432	1	0:00:00.033005
21700	434	452	0	0:00:00.033369
21800	436	436	1	0:00:00.038048
21900	438	438	1	0:00:00.034666
22000	440	737	0	0:00:00.031886
22100	442	442	1	0:00:00.034376
22200	444	870	0	0:00:00.036163
22300	446	446	1	0:00:00.031591
22400	448	448	1	0:00:00.034599
22500	450	450	1	0:00:00.034863
22600	452	452	1	0:00:00.037580
22700	454	454	1	0:00:00.040482
22800	456	456	1	0:00:00.038486
22900	458	458	1	0:00:00.033553
23000	460	978	0	0:00:00.033594
23100	462	462	1	0:00:00.034168
23200	464	464	1	0:00:00.034525
23300	466	466	1	0:00:00.035124
23400	468	468	1	0:00:00.032660
23500	470	453	0	0:00:00.036786
23600	472	472	1	0:00:00.030083
23700	474	735	0	0:00:00.038924
23800	476	476	1	0:00:00.037912
23900	478	478	1	0:00:00.031020
24000	480	790	0	0:00:00.036291
24100	482	848	0	0:00:00.041427
24200	484	871	0	0:00:00.035748
24300	486	486	1	0:00:00.032354
24400	488	488	1	0:00:00.032053
24500	490	490	1	0:00:00.036912
24600	492	492	1	0:00:00.034027
24700	494	907	0	0:00:00.033902
24800	496	496	1	0:00:00.037606
24900	498	498	1	0:00:00.038879
25000	500	500	1	0:00:00.036343
25100	502	502	1	0:00:00.032048
25200	504	504	1	0:00:00.033861
25300	506	506	1	0:00:00.032607
25400	508	508	1	0:00:00.032069
25500	510	510	1	0:00:00.032499
25600	512	477	0	0:00:00.031896
25700	514	514	1	0:00:00.033983
25800	516	520	0	0:00:00.042023
25900	518	518	1	0:00:00.033140
26000	520	520	1	0:00:00.036930
26100	522	522	1	0:00:00.036212
26200	524	524	1	0:00:00.035971
26300	526	527	0	0:00:00.034118
26400	528	528	1	0:00:00.033211
26500	530	530	1	0:00:00.031372
26600	532	532	1	0:00:00.035627
26700	534	534	1	0:00:00.034483
26800	536	536	1	0:00:00.038447
26900	538	538	1	0:00:00.038084
27000	540	540	1	0:00:00.033852
27100	542	542	1	0:00:00.031371
27200	544	910	0	0:00:00.036058
27300	546	546	1	0:00:00.043918
27400	548	548	1	0:00:00.031991
27500	550	505	0	0:00:00.036316
27600	552	552	1	0:00:00.032920
27700	554	554	1	0:00:00.034866
27800	556	703	0	0:00:00.033533
27900	558	251	0	0:00:00.032674
28000	560	560	1	0:00:00.037685
28100	562	562	1	0:00:00.032677
28200	564	564	1	0:00:00.036566
28300	566	566	1	0:00:00.033075
28400	568	568	1	0:00:00.035285
28500	570	570	1	0:00:00.037512
28600	572	572	1	0:00:00.037875
28700	574	574	1	0:00:00.036691
28800	576	576	1	0:00:00.039252
28900	578	578	1	0:00:00.034662
29000	580	738	0	0:00:00.035102
29100	582	582	1	0:00:00.035206
29200	584	584	1	0:00:00.034326
29300	586	586	1	0:00:00.032512
29400	588	588	1	0:00:00.030162
29500	590	590	1	0:00:00.035384
29600	592	592	1	0:00:00.038323
29700	594	594	1	0:00:00.036287
29800	596	596	1	0:00:00.041517
29900	598	664	0	0:00:00.038809
30000	600	600	1	0:00:00.033394
30100	602	602	1	0:00:00.033729
30200	604	604	1	0:00:00.035366
30300	606	606	1	0:00:00.032014
30400	608	411	0	0:00:00.032826
30500	610	610	1	0:00:00.038481
30600	612	612	1	0:00:00.034496
30700	614	614	1	0:00:00.034839
30800	616	840	0	0:00:00.034213
30900	618	828	0	0:00:00.035002
31000	620	681	0	0:00:00.034179
31100	622	622	1	0:00:00.034207
31200	624	624	1	0:00:00.034061
31300	626	626	1	0:00:00.035876
31400	628	628	1	0:00:00.031556
31500	630	703	0	0:00:00.035019
31600	632	632	1	0:00:00.037340
31700	634	489	0	0:00:00.035393
31800	636	636	1	0:00:00.032553
31900	638	638	1	0:00:00.032081
32000	640	640	1	0:00:00.037429
32100	642	642	1	0:00:00.034225
32200	644	644	1	0:00:00.037768
32300	646	506	0	0:00:00.035640
32400	648	648	1	0:00:00.041994
32500	650	546	0	0:00:00.033391
32600	652	652	1	0:00:00.032334
32700	654	656	0	0:00:00.033609
32800	656	656	1	0:00:00.039152
32900	658	658	1	0:00:00.034071
33000	660	660	1	0:00:00.043564
33100	662	662	1	0:00:00.035714
33200	664	851	0	0:00:00.031779
33300	666	666	1	0:00:00.034703
33400	668	668	1	0:00:00.036507
33500	670	670	1	0:00:00.033365
33600	672	672	1	0:00:00.033663
33700	674	674	1	0:00:00.032909
33800	676	464	0	0:00:00.030337
33900	678	678	1	0:00:00.035559
34000	680	680	1	0:00:00.036798
34100	682	682	1	0:00:00.032839
34200	684	684	1	0:00:00.032213
34300	686	535	0	0:00:00.033947
34400	688	688	1	0:00:00.034538
34500	690	690	1	0:00:00.034214
34600	692	692	1	0:00:00.033222
34700	694	694	1	0:00:00.031904
34800	696	626	0	0:00:00.034907
34900	698	884	0	0:00:00.034808
35000	700	700	1	0:00:00.030845
35100	702	422	0	0:00:00.031160
35200	704	704	1	0:00:00.032243
35300	706	664	0	0:00:00.034299
35400	708	708	1	0:00:00.033879
35500	710	710	1	0:00:00.034061
35600	712	712	1	0:00:00.032617
35700	714	714	1	0:00:00.035584
35800	716	716	1	0:00:00.034397
35900	718	916	0	0:00:00.039201
36000	720	720	1	0:00:00.034567
36100	722	722	1	0:00:00.034216
36200	724	780	0	0:00:00.036250
36300	726	726	1	0:00:00.034319
36400	728	728	1	0:00:00.045264
36500	730	856	0	0:00:00.036389
36600	732	732	1	0:00:00.031525
36700	734	734	1	0:00:00.037831
36800	736	736	1	0:00:00.034979
36900	738	738	1	0:00:00.042841
37000	740	740	1	0:00:00.036361
37100	742	583	0	0:00:00.035323
37200	744	657	0	0:00:00.037788
37300	746	746	1	0:00:00.033921
37400	748	748	1	0:00:00.032594
37500	750	208	0	0:00:00.034431
37600	752	752	1	0:00:00.034896
37700	754	754	1	0:00:00.035861
37800	756	756	1	0:00:00.040670
37900	758	758	1	0:00:00.035136
38000	760	894	0	0:00:00.033306
38100	762	762	1	0:00:00.033920
38200	764	666	0	0:00:00.037063
38300	766	766	1	0:00:00.032980
38400	768	768	1	0:00:00.033926
38500	770	770	1	0:00:00.033106
38600	772	772	1	0:00:00.032528
38700	774	774	1	0:00:00.035270
38800	776	683	0	0:00:00.042816
38900	778	886	0	0:00:00.030270
39000	780	484	0	0:00:00.032989
39100	782	782	1	0:00:00.033022
39200	784	784	1	0:00:00.034539
39300	786	786	1	0:00:00.035102
39400	788	788	1	0:00:00.035953
39500	790	791	0	0:00:00.029645
39600	792	792	1	0:00:00.035744
39700	794	794	1	0:00:00.035503
39800	796	796	1	0:00:00.033723
39900	798	798	1	0:00:00.038968
40000	800	800	1	0:00:00.030926
40100	802	802	1	0:00:00.030422
40200	804	804	1	0:00:00.032182
40300	806	806	1	0:00:00.038283
40400	808	808	1	0:00:00.035339
40500	810	810	1	0:00:00.036114
40600	812	812	1	0:00:00.034071
40700	814	814	1	0:00:00.035833
40800	816	816	1	0:00:00.037670
40900	818	818	1	0:00:00.028540
41000	820	820	1	0:00:00.032589
41100	822	822	1	0:00:00.036995
41200	824	824	1	0:00:00.032367
41300	826	531	0	0:00:00.034718
41400	828	828	1	0:00:00.033900
41500	830	830	1	0:00:00.032998
41600	832	832	1	0:00:00.033758
41700	834	834	1	0:00:00.036410
41800	836	836	1	0:00:00.032079
41900	838	631	0	0:00:00.032577
42000	840	840	1	0:00:00.033477
42100	842	842	1	0:00:00.037680
42200	844	844	1	0:00:00.032984
42300	846	846	1	0:00:00.033194
42400	848	848	1	0:00:00.035437
42500	850	850	1	0:00:00.034047
42600	852	852	1	0:00:00.030873
42700	854	854	1	0:00:00.032395
42800	856	856	1	0:00:00.030925
42900	858	708	0	0:00:00.032844
43000	860	409	0	0:00:00.040395
43100	862	862	1	0:00:00.041681
43200	864	864	1	0:00:00.033122
43300	866	866	1	0:00:00.037211
43400	868	659	0	0:00:00.039181
43500	870	870	1	0:00:00.031777
43600	872	872	1	0:00:00.034369
43700	874	874	1	0:00:00.037102
43800	876	876	1	0:00:00.033500
43900	878	878	1	0:00:00.033599
44000	880	880	1	0:00:00.037029
44100	882	882	1	0:00:00.033391
44200	884	884	1	0:00:00.036265
44300	886	886	1	0:00:00.034178
44400	888	821	0	0:00:00.032121
44500	890	890	1	0:00:00.032571
44600	892	442	0	0:00:00.037105
44700	894	894	1	0:00:00.033364
44800	896	896	1	0:00:00.038005
44900	898	907	0	0:00:00.034385
45000	900	900	1	0:00:00.039035
45100	902	902	1	0:00:00.035265
45200	904	738	0	0:00:00.034296
45300	906	906	1	0:00:00.032240
45400	908	895	0	0:00:00.034063
45500	910	641	0	0:00:00.036808
45600	912	912	1	0:00:00.035767
45700	914	914	1	0:00:00.030897
45800	916	916	1	0:00:00.031961
45900	918	918	1	0:00:00.031943
46000	920	818	0	0:00:00.034634
46100	922	922	1	0:00:00.031961
46200	924	924	1	0:00:00.035309
46300	926	926	1	0:00:00.034809
46400	928	927	0	0:00:00.038806
46500	930	930	1	0:00:00.041506
46600	932	932	1	0:00:00.035579
46700	934	934	1	0:00:00.035096
46800	936	936	1	0:00:00.038272
46900	938	938	1	0:00:00.035769
47000	940	940	1	0:00:00.035293
47100	942	942	1	0:00:00.036302
47200	944	944	1	0:00:00.035473
47300	946	946	1	0:00:00.032226
47400	948	948	1	0:00:00.032890
47500	950	950	1	0:00:00.032036
47600	952	90	0	0:00:00.035646
47700	954	954	1	0:00:00.033030
47800	956	956	1	0:00:00.034752
47900	958	958	1	0:00:00.033333
48000	960	960	1	0:00:00.038459
48100	962	962	1	0:00:00.034662
48200	964	964	1	0:00:00.034894
48300	966	806	0	0:00:00.035600
48400	968	968	1	0:00:00.036414
48500	970	795	0	0:00:00.033958
48600	972	979	0	0:00:00.036098
48700	974	974	1	0:00:00.035843
48800	976	972	0	0:00:00.034030
48900	978	978	1	0:00:00.035014
49000	980	980	1	0:00:00.036431
49100	982	982	1	0:00:00.037880
49200	984	984	1	0:00:00.035112
49300	986	986	1	0:00:00.035830
49400	988	988	1	0:00:00.035934
49500	990	990	1	0:00:00.036280
49600	992	992	1	0:00:00.037896
49700	994	994	1	0:00:00.037958
49800	996	996	1	0:00:00.031051
49900	998	987	0	0:00:00.036166
