idx	label	predict	correct	time
0	0	0	1	0:00:00.771521
100	2	2	1	0:00:00.026679
200	4	395	0	0:00:00.022663
300	6	6	1	0:00:00.023177
400	8	8	1	0:00:00.024970
500	10	13	0	0:00:00.026612
600	12	12	1	0:00:00.025406
700	14	14	1	0:00:00.024199
800	16	16	1	0:00:00.023172
900	18	136	0	0:00:00.023996
1000	20	20	1	0:00:00.029050
1100	22	21	0	0:00:00.028329
1200	24	24	1	0:00:00.029472
1300	26	26	1	0:00:00.023926
1400	28	28	1	0:00:00.022152
1500	30	30	1	0:00:00.024422
1600	32	26	0	0:00:00.023114
1700	34	34	1	0:00:00.025773
1800	36	35	0	0:00:00.021622
1900	38	38	1	0:00:00.023274
2000	40	40	1	0:00:00.025186
2100	42	43	0	0:00:00.025310
2200	44	44	1	0:00:00.021419
2300	46	40	0	0:00:00.021944
2400	48	48	1	0:00:00.023356
2500	50	50	1	0:00:00.022951
2600	52	52	1	0:00:00.024953
2700	54	57	0	0:00:00.023571
2800	56	56	1	0:00:00.026867
2900	58	114	0	0:00:00.023668
3000	60	62	0	0:00:00.025337
3100	62	62	1	0:00:00.024218
3200	64	64	1	0:00:00.025237
3300	66	66	1	0:00:00.025107
3400	68	60	0	0:00:00.022948
3500	70	70	1	0:00:00.024912
3600	72	72	1	0:00:00.025137
3700	74	78	0	0:00:00.023188
3800	76	76	1	0:00:00.021747
3900	78	78	1	0:00:00.021439
4000	80	80	1	0:00:00.022546
4100	82	82	1	0:00:00.027364
4200	84	84	1	0:00:00.023740
4300	86	86	1	0:00:00.022019
4400	88	88	1	0:00:00.022592
4500	90	90	1	0:00:00.022621
4600	92	92	1	0:00:00.025012
4700	94	94	1	0:00:00.024022
4800	96	96	1	0:00:00.021715
4900	98	98	1	0:00:00.022042
5000	100	100	1	0:00:00.023386
5100	102	102	1	0:00:00.021883
5200	104	104	1	0:00:00.025331
5300	106	106	1	0:00:00.024712
5400	108	327	0	0:00:00.023287
5500	110	110	1	0:00:00.021365
5600	112	112	1	0:00:00.022439
5700	114	113	0	0:00:00.024538
5800	116	116	1	0:00:00.022779
5900	118	118	1	0:00:00.023560
6000	120	119	0	0:00:00.023255
6100	122	122	1	0:00:00.023709
6200	124	124	1	0:00:00.027733
6300	126	126	1	0:00:00.025227
6400	128	128	1	0:00:00.023101
6500	130	130	1	0:00:00.023564
6600	132	132	1	0:00:00.024591
6700	134	132	0	0:00:00.024163
6800	136	136	1	0:00:00.023158
6900	138	138	1	0:00:00.023612
7000	140	140	1	0:00:00.023130
7100	142	142	1	0:00:00.022062
7200	144	144	1	0:00:00.023733
7300	146	83	0	0:00:00.023675
7400	148	148	1	0:00:00.023648
7500	150	360	0	0:00:00.024690
7600	152	152	1	0:00:00.022610
7700	154	154	1	0:00:00.024787
7800	156	156	1	0:00:00.020972
7900	158	158	1	0:00:00.021399
8000	160	160	1	0:00:00.023709
8100	162	162	1	0:00:00.023703
8200	164	164	1	0:00:00.023265
8300	166	166	1	0:00:00.025144
8400	168	211	0	0:00:00.026188
8500	170	172	0	0:00:00.021945
8600	172	172	1	0:00:00.024703
8700	174	174	1	0:00:00.023889
8800	176	246	0	0:00:00.024487
8900	178	178	1	0:00:00.024279
9000	180	180	1	0:00:00.024702
9100	182	182	1	0:00:00.023477
9200	184	184	1	0:00:00.026263
9300	186	192	0	0:00:00.023424
9400	188	188	1	0:00:00.024632
9500	190	190	1	0:00:00.023610
9600	192	192	1	0:00:00.025787
9700	194	255	0	0:00:00.024529
9800	196	199	0	0:00:00.023713
9900	198	198	1	0:00:00.022576
10000	200	200	1	0:00:00.023180
10100	202	202	1	0:00:00.023928
10200	204	204	1	0:00:00.024119
10300	206	206	1	0:00:00.023773
10400	208	208	1	0:00:00.025329
10500	210	210	1	0:00:00.022812
10600	212	212	1	0:00:00.024566
10700	214	214	1	0:00:00.023098
10800	216	216	1	0:00:00.026062
10900	218	218	1	0:00:00.023036
11000	220	220	1	0:00:00.024969
11100	222	222	1	0:00:00.024509
11200	224	233	0	0:00:00.025235
11300	226	226	1	0:00:00.022111
11400	228	228	1	0:00:00.024113
11500	230	230	1	0:00:00.023752
11600	232	232	1	0:00:00.023626
11700	234	234	1	0:00:00.023870
11800	236	234	0	0:00:00.024450
11900	238	238	1	0:00:00.024956
12000	240	238	0	0:00:00.024651
12100	242	242	1	0:00:00.027295
12200	244	244	1	0:00:00.023991
12300	246	246	1	0:00:00.024965
12400	248	250	0	0:00:00.022115
12500	250	257	0	0:00:00.023325
12600	252	252	1	0:00:00.021914
12700	254	254	1	0:00:00.023124
12800	256	256	1	0:00:00.023736
12900	258	258	1	0:00:00.021484
13000	260	260	1	0:00:00.023602
13100	262	262	1	0:00:00.022213
13200	264	264	1	0:00:00.024082
13300	266	266	1	0:00:00.024020
13400	268	268	1	0:00:00.023093
13500	270	270	1	0:00:00.022581
13600	272	274	0	0:00:00.024050
13700	274	274	1	0:00:00.029490
13800	276	276	1	0:00:00.022709
13900	278	278	1	0:00:00.023551
14000	280	280	1	0:00:00.022234
14100	282	282	1	0:00:00.024259
14200	284	284	1	0:00:00.026626
14300	286	286	1	0:00:00.024758
14400	288	290	0	0:00:00.023114
14500	290	290	1	0:00:00.020898
14600	292	288	0	0:00:00.024461
14700	294	294	1	0:00:00.021759
14800	296	296	1	0:00:00.022834
14900	298	298	1	0:00:00.027670
15000	300	300	1	0:00:00.022024
15100	302	302	1	0:00:00.024934
15200	304	301	0	0:00:00.023526
15300	306	306	1	0:00:00.024707
15400	308	308	1	0:00:00.024921
15500	310	310	1	0:00:00.026674
15600	312	312	1	0:00:00.023716
15700	314	314	1	0:00:00.025865
15800	316	316	1	0:00:00.023996
15900	318	318	1	0:00:00.024156
16000	320	320	1	0:00:00.023740
16100	322	322	1	0:00:00.020236
16200	324	324	1	0:00:00.024148
16300	326	326	1	0:00:00.024521
16400	328	328	1	0:00:00.024191
16500	330	330	1	0:00:00.025207
16600	332	332	1	0:00:00.024964
16700	334	334	1	0:00:00.024628
16800	336	336	1	0:00:00.026265
16900	338	617	0	0:00:00.024766
17000	340	340	1	0:00:00.021547
17100	342	276	0	0:00:00.024133
17200	344	344	1	0:00:00.024612
17300	346	346	1	0:00:00.022026
17400	348	348	1	0:00:00.023667
17500	350	350	1	0:00:00.024090
17600	352	352	1	0:00:00.023656
17700	354	354	1	0:00:00.025387
17800	356	357	0	0:00:00.023550
17900	358	358	1	0:00:00.024862
18000	360	360	1	0:00:00.023293
18100	362	362	1	0:00:00.023193
18200	364	364	1	0:00:00.023016
18300	366	366	1	0:00:00.022058
18400	368	368	1	0:00:00.023416
18500	370	370	1	0:00:00.022280
18600	372	372	1	0:00:00.024366
18700	374	374	1	0:00:00.023456
18800	376	376	1	0:00:00.024175
18900	378	378	1	0:00:00.026717
19000	380	380	1	0:00:00.025729
19100	382	382	1	0:00:00.022821
19200	384	384	1	0:00:00.025840
19300	386	101	0	0:00:00.025642
19400	388	388	1	0:00:00.023663
19500	390	390	1	0:00:00.022475
19600	392	397	0	0:00:00.022063
19700	394	395	0	0:00:00.023506
19800	396	396	1	0:00:00.023131
19900	398	398	1	0:00:00.024626
20000	400	400	1	0:00:00.023001
20100	402	402	1	0:00:00.025780
20200	404	404	1	0:00:00.024437
20300	406	406	1	0:00:00.022115
20400	408	847	0	0:00:00.023791
20500	410	410	1	0:00:00.024653
20600	412	412	1	0:00:00.022269
20700	414	797	0	0:00:00.025466
20800	416	416	1	0:00:00.022002
20900	418	418	1	0:00:00.023495
21000	420	420	1	0:00:00.023352
21100	422	422	1	0:00:00.023726
21200	424	454	0	0:00:00.024362
21300	426	426	1	0:00:00.023280
21400	428	428	1	0:00:00.026329
21500	430	430	1	0:00:00.025337
21600	432	432	1	0:00:00.025201
21700	434	452	0	0:00:00.024438
21800	436	436	1	0:00:00.026642
21900	438	647	0	0:00:00.024209
22000	440	440	1	0:00:00.024174
22100	442	442	1	0:00:00.021565
22200	444	665	0	0:00:00.024258
22300	446	446	1	0:00:00.023552
22400	448	448	1	0:00:00.024248
22500	450	450	1	0:00:00.023808
22600	452	452	1	0:00:00.025960
22700	454	454	1	0:00:00.024348
22800	456	456	1	0:00:00.019432
22900	458	458	1	0:00:00.022417
23000	460	978	0	0:00:00.023134
23100	462	462	1	0:00:00.022677
23200	464	464	1	0:00:00.022583
23300	466	466	1	0:00:00.022992
23400	468	468	1	0:00:00.025771
23500	470	481	0	0:00:00.023375
23600	472	472	1	0:00:00.022283
23700	474	735	0	0:00:00.025082
23800	476	476	1	0:00:00.024393
23900	478	478	1	0:00:00.022751
24000	480	582	0	0:00:00.023503
24100	482	482	1	0:00:00.022238
24200	484	484	1	0:00:00.026011
24300	486	486	1	0:00:00.025107
24400	488	932	0	0:00:00.023515
24500	490	490	1	0:00:00.021428
24600	492	492	1	0:00:00.025382
24700	494	729	0	0:00:00.024511
24800	496	496	1	0:00:00.020337
24900	498	498	1	0:00:00.024238
25000	500	500	1	0:00:00.025185
25100	502	502	1	0:00:00.023202
25200	504	504	1	0:00:00.025990
25300	506	506	1	0:00:00.026451
25400	508	508	1	0:00:00.025381
25500	510	510	1	0:00:00.024108
25600	512	784	0	0:00:00.024767
25700	514	514	1	0:00:00.025493
25800	516	516	1	0:00:00.023819
25900	518	518	1	0:00:00.023656
26000	520	520	1	0:00:00.022455
26100	522	522	1	0:00:00.022847
26200	524	524	1	0:00:00.024860
26300	526	526	1	0:00:00.024433
26400	528	674	0	0:00:00.023695
26500	530	530	1	0:00:00.025416
26600	532	532	1	0:00:00.025296
26700	534	534	1	0:00:00.025340
26800	536	536	1	0:00:00.022696
26900	538	538	1	0:00:00.024214
27000	540	540	1	0:00:00.023549
27100	542	477	0	0:00:00.021789
27200	544	926	0	0:00:00.025637
27300	546	546	1	0:00:00.025168
27400	548	548	1	0:00:00.024368
27500	550	550	1	0:00:00.022444
27600	552	552	1	0:00:00.023519
27700	554	554	1	0:00:00.023478
27800	556	703	0	0:00:00.024179
27900	558	251	0	0:00:00.026897
28000	560	560	1	0:00:00.024039
28100	562	562	1	0:00:00.028733
28200	564	564	1	0:00:00.024595
28300	566	566	1	0:00:00.025162
28400	568	568	1	0:00:00.027337
28500	570	570	1	0:00:00.024489
28600	572	572	1	0:00:00.023884
28700	574	574	1	0:00:00.023468
28800	576	576	1	0:00:00.022513
28900	578	578	1	0:00:00.028082
29000	580	580	1	0:00:00.023565
29100	582	778	0	0:00:00.025067
29200	584	772	0	0:00:00.023104
29300	586	586	1	0:00:00.021776
29400	588	588	1	0:00:00.025063
29500	590	590	1	0:00:00.022465
29600	592	592	1	0:00:00.025268
29700	594	594	1	0:00:00.023149
29800	596	596	1	0:00:00.025034
29900	598	598	1	0:00:00.025195
30000	600	600	1	0:00:00.025333
30100	602	602	1	0:00:00.023902
30200	604	604	1	0:00:00.024941
30300	606	606	1	0:00:00.024934
30400	608	608	1	0:00:00.023820
30500	610	610	1	0:00:00.026246
30600	612	612	1	0:00:00.022356
30700	614	614	1	0:00:00.023449
30800	616	840	0	0:00:00.024763
30900	618	647	0	0:00:00.024745
31000	620	620	1	0:00:00.023446
31100	622	622	1	0:00:00.023793
31200	624	624	1	0:00:00.021692
31300	626	692	0	0:00:00.022753
31400	628	624	0	0:00:00.024235
31500	630	703	0	0:00:00.024915
31600	632	632	1	0:00:00.026144
31700	634	489	0	0:00:00.024321
31800	636	636	1	0:00:00.023496
31900	638	638	1	0:00:00.024747
32000	640	640	1	0:00:00.023508
32100	642	642	1	0:00:00.024208
32200	644	644	1	0:00:00.018281
32300	646	646	1	0:00:00.023328
32400	648	648	1	0:00:00.024601
32500	650	402	0	0:00:00.023927
32600	652	652	1	0:00:00.024419
32700	654	656	0	0:00:00.027771
32800	656	656	1	0:00:00.025877
32900	658	658	1	0:00:00.024942
33000	660	660	1	0:00:00.024079
33100	662	662	1	0:00:00.024141
33200	664	851	0	0:00:00.023130
33300	666	666	1	0:00:00.023286
33400	668	668	1	0:00:00.026103
33500	670	670	1	0:00:00.024621
33600	672	672	1	0:00:00.023962
33700	674	674	1	0:00:00.025707
33800	676	774	0	0:00:00.024133
33900	678	678	1	0:00:00.026165
34000	680	680	1	0:00:00.021243
34100	682	682	1	0:00:00.021682
34200	684	684	1	0:00:00.023843
34300	686	447	0	0:00:00.022095
34400	688	688	1	0:00:00.024287
34500	690	690	1	0:00:00.022165
34600	692	692	1	0:00:00.024676
34700	694	694	1	0:00:00.019350
34800	696	366	0	0:00:00.024119
34900	698	663	0	0:00:00.022114
35000	700	999	0	0:00:00.023361
35100	702	422	0	0:00:00.023440
35200	704	704	1	0:00:00.023530
35300	706	664	0	0:00:00.025456
35400	708	682	0	0:00:00.024473
35500	710	710	1	0:00:00.024094
35600	712	712	1	0:00:00.022513
35700	714	714	1	0:00:00.024813
35800	716	716	1	0:00:00.023047
35900	718	449	0	0:00:00.024056
36000	720	948	0	0:00:00.023956
36100	722	722	1	0:00:00.022780
36200	724	780	0	0:00:00.023341
36300	726	726	1	0:00:00.024584
36400	728	728	1	0:00:00.026169
36500	730	856	0	0:00:00.020202
36600	732	732	1	0:00:00.021381
36700	734	734	1	0:00:00.022326
36800	736	736	1	0:00:00.024901
36900	738	738	1	0:00:00.023897
37000	740	491	0	0:00:00.024878
37100	742	766	0	0:00:00.025299
37200	744	657	0	0:00:00.022736
37300	746	746	1	0:00:00.023741
37400	748	748	1	0:00:00.024695
37500	750	207	0	0:00:00.021495
37600	752	752	1	0:00:00.022090
37700	754	848	0	0:00:00.021237
37800	756	756	1	0:00:00.022559
37900	758	758	1	0:00:00.025374
38000	760	894	0	0:00:00.023625
38100	762	762	1	0:00:00.025144
38200	764	862	0	0:00:00.022587
38300	766	766	1	0:00:00.023136
38400	768	768	1	0:00:00.023492
38500	770	770	1	0:00:00.025233
38600	772	772	1	0:00:00.022782
38700	774	774	1	0:00:00.024221
38800	776	875	0	0:00:00.025446
38900	778	778	1	0:00:00.025807
39000	780	780	1	0:00:00.022432
39100	782	782	1	0:00:00.023371
39200	784	845	0	0:00:00.024259
39300	786	870	0	0:00:00.020848
39400	788	788	1	0:00:00.026609
39500	790	791	0	0:00:00.023289
39600	792	792	1	0:00:00.025984
39700	794	794	1	0:00:00.024167
39800	796	796	1	0:00:00.024114
39900	798	798	1	0:00:00.023205
40000	800	800	1	0:00:00.026749
40100	802	802	1	0:00:00.024148
40200	804	804	1	0:00:00.023315
40300	806	806	1	0:00:00.022973
40400	808	808	1	0:00:00.028030
40500	810	810	1	0:00:00.022417
40600	812	812	1	0:00:00.022700
40700	814	814	1	0:00:00.024962
40800	816	816	1	0:00:00.024624
40900	818	818	1	0:00:00.024210
41000	820	820	1	0:00:00.023407
41100	822	822	1	0:00:00.023035
41200	824	824	1	0:00:00.021383
41300	826	531	0	0:00:00.026160
41400	828	618	0	0:00:00.025806
41500	830	830	1	0:00:00.023357
41600	832	832	1	0:00:00.023982
41700	834	417	0	0:00:00.023943
41800	836	830	0	0:00:00.022104
41900	838	631	0	0:00:00.022237
42000	840	840	1	0:00:00.023937
42100	842	842	1	0:00:00.022584
42200	844	844	1	0:00:00.023877
42300	846	846	1	0:00:00.022218
42400	848	848	1	0:00:00.021963
42500	850	850	1	0:00:00.023495
42600	852	852	1	0:00:00.022111
42700	854	854	1	0:00:00.023666
42800	856	856	1	0:00:00.024709
42900	858	858	1	0:00:00.023632
43000	860	892	0	0:00:00.025060
43100	862	862	1	0:00:00.027040
43200	864	555	0	0:00:00.027007
43300	866	866	1	0:00:00.023874
43400	868	967	0	0:00:00.026583
43500	870	870	1	0:00:00.021709
43600	872	840	0	0:00:00.025934
43700	874	874	1	0:00:00.027783
43800	876	435	0	0:00:00.025011
43900	878	878	1	0:00:00.023699
44000	880	880	1	0:00:00.023632
44100	882	882	1	0:00:00.025006
44200	884	884	1	0:00:00.025446
44300	886	886	1	0:00:00.023421
44400	888	821	0	0:00:00.026078
44500	890	890	1	0:00:00.022863
44600	892	442	0	0:00:00.024555
44700	894	894	1	0:00:00.023682
44800	896	896	1	0:00:00.023906
44900	898	599	0	0:00:00.026935
45000	900	900	1	0:00:00.024454
45100	902	902	1	0:00:00.023500
45200	904	905	0	0:00:00.024348
45300	906	906	1	0:00:00.023891
45400	908	895	0	0:00:00.023298
45500	910	641	0	0:00:00.023392
45600	912	912	1	0:00:00.025539
45700	914	914	1	0:00:00.024407
45800	916	916	1	0:00:00.023648
45900	918	918	1	0:00:00.023818
46000	920	862	0	0:00:00.025599
46100	922	922	1	0:00:00.024610
46200	924	924	1	0:00:00.023502
46300	926	926	1	0:00:00.024344
46400	928	927	0	0:00:00.022667
46500	930	930	1	0:00:00.025107
46600	932	932	1	0:00:00.022652
46700	934	934	1	0:00:00.023464
46800	936	936	1	0:00:00.027440
46900	938	938	1	0:00:00.024350
47000	940	997	0	0:00:00.024641
47100	942	942	1	0:00:00.022277
47200	944	946	0	0:00:00.023821
47300	946	946	1	0:00:00.024382
47400	948	948	1	0:00:00.022624
47500	950	950	1	0:00:00.022699
47600	952	90	0	0:00:00.023282
47700	954	954	1	0:00:00.024393
47800	956	956	1	0:00:00.025844
47900	958	663	0	0:00:00.024275
48000	960	107	0	0:00:00.024323
48100	962	962	1	0:00:00.027454
48200	964	964	1	0:00:00.023773
48300	966	502	0	0:00:00.022612
48400	968	968	1	0:00:00.023540
48500	970	795	0	0:00:00.021049
48600	972	979	0	0:00:00.024475
48700	974	974	1	0:00:00.023048
48800	976	972	0	0:00:00.023556
48900	978	701	0	0:00:00.023108
49000	980	980	1	0:00:00.025717
49100	982	982	1	0:00:00.026870
49200	984	984	1	0:00:00.026341
49300	986	986	1	0:00:00.022106
49400	988	988	1	0:00:00.021648
49500	990	990	1	0:00:00.024948
49600	992	992	1	0:00:00.023071
49700	994	994	1	0:00:00.025193
49800	996	996	1	0:00:00.022683
49900	998	998	1	0:00:00.023692
