idx	label	predict	correct	time
0	0	394	0	0:00:00.780113
100	2	2	1	0:00:00.010824
200	4	4	1	0:00:00.010263
300	6	6	1	0:00:00.010165
400	8	8	1	0:00:00.010190
500	10	10	1	0:00:00.010163
600	12	12	1	0:00:00.010128
700	14	14	1	0:00:00.010288
800	16	16	1	0:00:00.010272
900	18	137	0	0:00:00.012415
1000	20	20	1	0:00:00.010166
1100	22	21	0	0:00:00.010116
1200	24	24	1	0:00:00.015914
1300	26	26	1	0:00:00.010471
1400	28	28	1	0:00:00.010323
1500	30	30	1	0:00:00.023274
1600	32	26	0	0:00:00.020294
1700	34	34	1	0:00:00.026185
1800	36	35	0	0:00:00.015100
1900	38	38	1	0:00:00.010991
2000	40	40	1	0:00:00.014338
2100	42	43	0	0:00:00.022381
2200	44	44	1	0:00:00.022474
2300	46	40	0	0:00:00.023335
2400	48	48	1	0:00:00.021816
2500	50	50	1	0:00:00.019252
2600	52	52	1	0:00:00.010126
2700	54	57	0	0:00:00.010143
2800	56	56	1	0:00:00.010257
2900	58	58	1	0:00:00.010361
3000	60	61	0	0:00:00.017205
3100	62	62	1	0:00:00.029830
3200	64	64	1	0:00:00.010237
3300	66	60	0	0:00:00.010440
3400	68	60	0	0:00:00.010499
3500	70	70	1	0:00:00.010443
3600	72	72	1	0:00:00.020957
3700	74	74	1	0:00:00.027027
3800	76	76	1	0:00:00.034057
3900	78	78	1	0:00:00.020943
4000	80	80	1	0:00:00.020916
4100	82	82	1	0:00:00.020798
4200	84	84	1	0:00:00.020858
4300	86	86	1	0:00:00.020729
4400	88	88	1	0:00:00.021215
4500	90	90	1	0:00:00.020802
4600	92	92	1	0:00:00.020976
4700	94	94	1	0:00:00.020620
4800	96	96	1	0:00:00.021636
4900	98	98	1	0:00:00.020450
5000	100	100	1	0:00:00.021673
5100	102	102	1	0:00:00.020941
5200	104	104	1	0:00:00.020902
5300	106	106	1	0:00:00.019410
5400	108	1	0	0:00:00.010424
5500	110	110	1	0:00:00.020770
5600	112	112	1	0:00:00.018854
5700	114	114	1	0:00:00.010376
5800	116	116	1	0:00:00.010356
5900	118	118	1	0:00:00.010387
6000	120	329	0	0:00:00.010612
6100	122	122	1	0:00:00.011347
6200	124	766	0	0:00:00.020929
6300	126	126	1	0:00:00.020813
6400	128	128	1	0:00:00.020766
6500	130	130	1	0:00:00.020775
6600	132	132	1	0:00:00.020834
6700	134	975	0	0:00:00.017621
6800	136	136	1	0:00:00.020777
6900	138	138	1	0:00:00.020830
7000	140	140	1	0:00:00.019238
7100	142	142	1	0:00:00.010832
7200	144	144	1	0:00:00.020110
7300	146	146	1	0:00:00.020847
7400	148	148	1	0:00:00.015828
7500	150	360	0	0:00:00.020742
7600	152	152	1	0:00:00.020691
7700	154	154	1	0:00:00.020612
7800	156	156	1	0:00:00.021865
7900	158	158	1	0:00:00.020870
8000	160	160	1	0:00:00.020758
8100	162	162	1	0:00:00.020772
8200	164	164	1	0:00:00.021267
8300	166	166	1	0:00:00.020850
8400	168	168	1	0:00:00.020698
8500	170	172	0	0:00:00.020843
8600	172	208	0	0:00:00.020793
8700	174	174	1	0:00:00.020681
8800	176	176	1	0:00:00.010421
8900	178	178	1	0:00:00.010472
9000	180	179	0	0:00:00.020900
9100	182	182	1	0:00:00.020738
9200	184	184	1	0:00:00.020805
9300	186	192	0	0:00:00.020793
9400	188	188	1	0:00:00.020834
9500	190	190	1	0:00:00.020894
9600	192	233	0	0:00:00.012961
9700	194	170	0	0:00:00.010752
9800	196	199	0	0:00:00.010427
9900	198	198	1	0:00:00.010530
10000	200	200	1	0:00:00.020709
10100	202	202	1	0:00:00.020669
10200	204	204	1	0:00:00.020913
10300	206	206	1	0:00:00.020827
10400	208	208	1	0:00:00.022647
10500	210	210	1	0:00:00.020953
10600	212	212	1	0:00:00.020692
10700	214	214	1	0:00:00.027272
10800	216	216	1	0:00:00.023907
10900	218	218	1	0:00:00.023552
11000	220	220	1	0:00:00.011194
11100	222	222	1	0:00:00.010969
11200	224	255	0	0:00:00.017298
11300	226	226	1	0:00:00.020688
11400	228	228	1	0:00:00.014364
11500	230	230	1	0:00:00.010697
11600	232	232	1	0:00:00.022083
11700	234	234	1	0:00:00.020812
11800	236	234	0	0:00:00.020870
11900	238	238	1	0:00:00.020255
12000	240	238	0	0:00:00.020797
12100	242	242	1	0:00:00.020897
12200	244	244	1	0:00:00.020985
12300	246	251	0	0:00:00.021022
12400	248	248	1	0:00:00.020955
12500	250	257	0	0:00:00.020877
12600	252	252	1	0:00:00.021008
12700	254	254	1	0:00:00.021244
12800	256	256	1	0:00:00.021092
12900	258	258	1	0:00:00.019378
13000	260	260	1	0:00:00.020972
13100	262	262	1	0:00:00.010352
13200	264	264	1	0:00:00.010430
13300	266	266	1	0:00:00.015770
13400	268	268	1	0:00:00.017584
13500	270	270	1	0:00:00.020692
13600	272	274	0	0:00:00.018721
13700	274	274	1	0:00:00.015499
13800	276	276	1	0:00:00.010390
13900	278	278	1	0:00:00.020252
14000	280	280	1	0:00:00.010514
14100	282	282	1	0:00:00.012311
14200	284	284	1	0:00:00.012367
14300	286	286	1	0:00:00.013598
14400	288	288	1	0:00:00.039576
14500	290	290	1	0:00:00.033509
14600	292	290	0	0:00:00.024590
14700	294	294	1	0:00:00.024561
14800	296	296	1	0:00:00.020955
14900	298	298	1	0:00:00.024672
15000	300	300	1	0:00:00.024464
15100	302	312	0	0:00:00.024496
15200	304	301	0	0:00:00.024571
15300	306	306	1	0:00:00.024519
15400	308	308	1	0:00:00.024745
15500	310	310	1	0:00:00.022032
15600	312	312	1	0:00:00.024996
15700	314	314	1	0:00:00.023746
15800	316	316	1	0:00:00.025482
15900	318	318	1	0:00:00.024622
16000	320	320	1	0:00:00.023093
16100	322	322	1	0:00:00.010928
16200	324	324	1	0:00:00.010361
16300	326	326	1	0:00:00.010295
16400	328	328	1	0:00:00.010264
16500	330	330	1	0:00:00.010423
16600	332	153	0	0:00:00.026433
16700	334	334	1	0:00:00.010287
16800	336	336	1	0:00:00.017576
16900	338	112	0	0:00:00.020306
17000	340	340	1	0:00:00.020665
17100	342	342	1	0:00:00.018625
17200	344	344	1	0:00:00.020502
17300	346	344	0	0:00:00.020355
17400	348	348	1	0:00:00.015179
17500	350	350	1	0:00:00.020411
17600	352	352	1	0:00:00.020502
17700	354	354	1	0:00:00.020508
17800	356	358	0	0:00:00.018236
17900	358	358	1	0:00:00.020365
18000	360	360	1	0:00:00.020307
18100	362	362	1	0:00:00.020424
18200	364	364	1	0:00:00.010279
18300	366	366	1	0:00:00.016514
18400	368	368	1	0:00:00.020291
18500	370	370	1	0:00:00.020420
18600	372	372	1	0:00:00.020257
18700	374	374	1	0:00:00.020309
18800	376	376	1	0:00:00.020213
18900	378	378	1	0:00:00.021271
19000	380	380	1	0:00:00.020954
19100	382	382	1	0:00:00.021943
19200	384	384	1	0:00:00.020508
19300	386	386	1	0:00:00.019421
19400	388	388	1	0:00:00.020515
19500	390	390	1	0:00:00.020353
19600	392	397	0	0:00:00.020315
19700	394	467	0	0:00:00.020249
19800	396	396	1	0:00:00.020466
19900	398	398	1	0:00:00.010209
20000	400	400	1	0:00:00.010288
20100	402	402	1	0:00:00.010220
20200	404	404	1	0:00:00.020280
20300	406	406	1	0:00:00.011169
20400	408	847	0	0:00:00.010926
20500	410	410	1	0:00:00.020348
20600	412	412	1	0:00:00.037350
20700	414	414	1	0:00:00.010248
20800	416	416	1	0:00:00.010253
20900	418	563	0	0:00:00.020284
21000	420	593	0	0:00:00.010182
21100	422	543	0	0:00:00.010168
21200	424	415	0	0:00:00.020418
21300	426	426	1	0:00:00.020357
21400	428	428	1	0:00:00.020320
21500	430	430	1	0:00:00.020522
21600	432	432	1	0:00:00.018517
21700	434	434	1	0:00:00.019054
21800	436	436	1	0:00:00.020813
21900	438	438	1	0:00:00.018647
22000	440	440	1	0:00:00.010205
22100	442	442	1	0:00:00.010324
22200	444	870	0	0:00:00.019115
22300	446	446	1	0:00:00.010216
22400	448	448	1	0:00:00.010195
22500	450	450	1	0:00:00.010251
22600	452	452	1	0:00:00.010315
22700	454	454	1	0:00:00.010199
22800	456	456	1	0:00:00.020496
22900	458	458	1	0:00:00.020536
23000	460	978	0	0:00:00.020579
23100	462	462	1	0:00:00.020471
23200	464	464	1	0:00:00.010127
23300	466	466	1	0:00:00.010108
23400	468	468	1	0:00:00.010095
23500	470	624	0	0:00:00.010125
23600	472	472	1	0:00:00.010579
23700	474	735	0	0:00:00.010336
23800	476	476	1	0:00:00.010444
23900	478	478	1	0:00:00.018200
24000	480	886	0	0:00:00.020840
24100	482	848	0	0:00:00.020975
24200	484	871	0	0:00:00.010208
24300	486	486	1	0:00:00.018613
24400	488	488	1	0:00:00.011066
24500	490	490	1	0:00:00.010926
24600	492	492	1	0:00:00.010145
24700	494	907	0	0:00:00.020306
24800	496	496	1	0:00:00.017982
24900	498	498	1	0:00:00.020380
25000	500	500	1	0:00:00.020328
25100	502	502	1	0:00:00.020336
25200	504	504	1	0:00:00.019352
25300	506	506	1	0:00:00.020310
25400	508	508	1	0:00:00.020275
25500	510	510	1	0:00:00.020427
25600	512	684	0	0:00:00.018147
25700	514	514	1	0:00:00.010461
25800	516	516	1	0:00:00.020286
25900	518	518	1	0:00:00.020639
26000	520	520	1	0:00:00.010392
26100	522	522	1	0:00:00.010643
26200	524	461	0	0:00:00.010483
26300	526	526	1	0:00:00.026527
26400	528	786	0	0:00:00.010474
26500	530	531	0	0:00:00.011409
26600	532	532	1	0:00:00.010198
26700	534	534	1	0:00:00.010223
26800	536	510	0	0:00:00.010289
26900	538	538	1	0:00:00.010211
27000	540	540	1	0:00:00.012305
27100	542	542	1	0:00:00.010660
27200	544	909	0	0:00:00.011120
27300	546	546	1	0:00:00.010589
27400	548	548	1	0:00:00.010282
27500	550	550	1	0:00:00.020478
27600	552	552	1	0:00:00.020303
27700	554	554	1	0:00:00.010247
27800	556	703	0	0:00:00.010291
27900	558	251	0	0:00:00.010319
28000	560	560	1	0:00:00.010356
28100	562	562	1	0:00:00.015147
28200	564	564	1	0:00:00.010195
28300	566	566	1	0:00:00.010303
28400	568	568	1	0:00:00.020401
28500	570	691	0	0:00:00.020379
28600	572	572	1	0:00:00.020289
28700	574	574	1	0:00:00.020326
28800	576	576	1	0:00:00.020317
28900	578	578	1	0:00:00.017869
29000	580	738	0	0:00:00.020344
29100	582	582	1	0:00:00.020296
29200	584	584	1	0:00:00.020333
29300	586	586	1	0:00:00.020510
29400	588	588	1	0:00:00.010465
29500	590	590	1	0:00:00.010495
29600	592	592	1	0:00:00.020773
29700	594	594	1	0:00:00.020679
29800	596	596	1	0:00:00.018628
29900	598	782	0	0:00:00.020658
30000	600	600	1	0:00:00.010291
30100	602	602	1	0:00:00.011005
30200	604	604	1	0:00:00.010406
30300	606	606	1	0:00:00.010475
30400	608	411	0	0:00:00.020504
30500	610	610	1	0:00:00.010165
30600	612	612	1	0:00:00.010117
30700	614	614	1	0:00:00.010138
30800	616	877	0	0:00:00.019635
30900	618	828	0	0:00:00.010315
31000	620	681	0	0:00:00.020359
31100	622	622	1	0:00:00.017110
31200	624	624	1	0:00:00.020322
31300	626	686	0	0:00:00.017388
31400	628	628	1	0:00:00.020293
31500	630	703	0	0:00:00.020382
31600	632	632	1	0:00:00.020315
31700	634	489	0	0:00:00.017275
31800	636	748	0	0:00:00.019201
31900	638	638	1	0:00:00.018242
32000	640	640	1	0:00:00.020336
32100	642	642	1	0:00:00.020315
32200	644	644	1	0:00:00.020346
32300	646	646	1	0:00:00.018943
32400	648	729	0	0:00:00.020276
32500	650	486	0	0:00:00.020400
32600	652	652	1	0:00:00.020313
32700	654	654	1	0:00:00.020255
32800	656	656	1	0:00:00.020288
32900	658	658	1	0:00:00.010225
33000	660	660	1	0:00:00.010458
33100	662	662	1	0:00:00.010999
33200	664	598	0	0:00:00.011100
33300	666	666	1	0:00:00.043445
33400	668	668	1	0:00:00.010178
33500	670	670	1	0:00:00.010144
33600	672	672	1	0:00:00.010139
33700	674	674	1	0:00:00.020400
33800	676	464	0	0:00:00.020748
33900	678	678	1	0:00:00.020348
34000	680	680	1	0:00:00.020087
34100	682	682	1	0:00:00.020270
34200	684	684	1	0:00:00.020267
34300	686	447	0	0:00:00.020442
34400	688	688	1	0:00:00.020254
34500	690	690	1	0:00:00.020246
34600	692	692	1	0:00:00.020337
34700	694	694	1	0:00:00.020313
34800	696	386	0	0:00:00.020330
34900	698	663	0	0:00:00.020406
35000	700	700	1	0:00:00.020025
35100	702	422	0	0:00:00.020357
35200	704	704	1	0:00:00.020421
35300	706	762	0	0:00:00.020465
35400	708	708	1	0:00:00.019495
35500	710	804	0	0:00:00.018929
35600	712	622	0	0:00:00.019128
35700	714	714	1	0:00:00.010569
35800	716	716	1	0:00:00.010232
35900	718	449	0	0:00:00.016109
36000	720	720	1	0:00:00.021669
36100	722	722	1	0:00:00.021663
36200	724	780	0	0:00:00.020469
36300	726	726	1	0:00:00.020473
36400	728	728	1	0:00:00.021080
36500	730	856	0	0:00:00.020346
36600	732	732	1	0:00:00.019759
36700	734	734	1	0:00:00.020391
36800	736	736	1	0:00:00.020349
36900	738	738	1	0:00:00.020512
37000	740	796	0	0:00:00.020518
37100	742	480	0	0:00:00.019204
37200	744	744	1	0:00:00.019352
37300	746	746	1	0:00:00.014106
37400	748	748	1	0:00:00.010462
37500	750	208	0	0:00:00.022408
37600	752	499	0	0:00:00.010334
37700	754	754	1	0:00:00.010300
37800	756	756	1	0:00:00.020449
37900	758	758	1	0:00:00.020473
38000	760	760	1	0:00:00.020442
38100	762	762	1	0:00:00.020442
38200	764	596	0	0:00:00.020557
38300	766	766	1	0:00:00.010133
38400	768	768	1	0:00:00.010624
38500	770	770	1	0:00:00.020470
38600	772	772	1	0:00:00.021972
38700	774	774	1	0:00:00.021218
38800	776	683	0	0:00:00.010336
38900	778	778	1	0:00:00.023078
39000	780	780	1	0:00:00.032573
39100	782	782	1	0:00:00.010471
39200	784	828	0	0:00:00.010742
39300	786	786	1	0:00:00.010796
39400	788	788	1	0:00:00.020218
39500	790	791	0	0:00:00.012460
39600	792	792	1	0:00:00.012380
39700	794	794	1	0:00:00.020444
39800	796	796	1	0:00:00.012477
39900	798	798	1	0:00:00.012362
40000	800	800	1	0:00:00.010400
40100	802	802	1	0:00:00.010740
40200	804	804	1	0:00:00.018952
40300	806	806	1	0:00:00.010414
40400	808	808	1	0:00:00.010352
40500	810	810	1	0:00:00.010576
40600	812	812	1	0:00:00.010356
40700	814	814	1	0:00:00.010451
40800	816	816	1	0:00:00.027951
40900	818	878	0	0:00:00.010474
41000	820	820	1	0:00:00.010366
41100	822	822	1	0:00:00.010410
41200	824	824	1	0:00:00.026493
41300	826	531	0	0:00:00.010953
41400	828	828	1	0:00:00.010788
41500	830	830	1	0:00:00.012954
41600	832	832	1	0:00:00.022126
41700	834	834	1	0:00:00.012323
41800	836	444	0	0:00:00.027904
41900	838	631	0	0:00:00.028418
42000	840	840	1	0:00:00.012276
42100	842	842	1	0:00:00.012343
42200	844	844	1	0:00:00.024456
42300	846	846	1	0:00:00.012421
42400	848	732	0	0:00:00.028440
42500	850	850	1	0:00:00.012392
42600	852	852	1	0:00:00.012396
42700	854	854	1	0:00:00.038737
42800	856	856	1	0:00:00.027906
42900	858	858	1	0:00:00.013023
43000	860	892	0	0:00:00.012383
43100	862	819	0	0:00:00.012423
43200	864	555	0	0:00:00.027979
43300	866	866	1	0:00:00.012386
43400	868	967	0	0:00:00.012352
43500	870	870	1	0:00:00.014377
43600	872	840	0	0:00:00.021102
43700	874	874	1	0:00:00.010784
43800	876	876	1	0:00:00.010870
43900	878	878	1	0:00:00.010520
44000	880	870	0	0:00:00.016958
44100	882	882	1	0:00:00.020967
44200	884	884	1	0:00:00.010548
44300	886	886	1	0:00:00.010722
44400	888	718	0	0:00:00.010993
44500	890	890	1	0:00:00.010336
44600	892	442	0	0:00:00.020708
44700	894	894	1	0:00:00.010389
44800	896	896	1	0:00:00.010339
44900	898	599	0	0:00:00.020724
45000	900	900	1	0:00:00.020556
45100	902	902	1	0:00:00.010292
45200	904	905	0	0:00:00.010565
45300	906	906	1	0:00:00.020350
45400	908	895	0	0:00:00.010525
45500	910	910	1	0:00:00.020495
45600	912	677	0	0:00:00.010337
45700	914	914	1	0:00:00.010816
45800	916	916	1	0:00:00.010329
45900	918	918	1	0:00:00.010296
46000	920	862	0	0:00:00.010486
46100	922	922	1	0:00:00.011092
46200	924	924	1	0:00:00.020759
46300	926	926	1	0:00:00.010390
46400	928	954	0	0:00:00.012091
46500	930	930	1	0:00:00.020787
46600	932	932	1	0:00:00.020747
46700	934	924	0	0:00:00.018406
46800	936	936	1	0:00:00.021578
46900	938	938	1	0:00:00.011100
47000	940	940	1	0:00:00.010471
47100	942	942	1	0:00:00.020647
47200	944	946	0	0:00:00.020408
47300	946	946	1	0:00:00.020425
47400	948	948	1	0:00:00.020286
47500	950	950	1	0:00:00.020303
47600	952	90	0	0:00:00.020447
47700	954	954	1	0:00:00.020688
47800	956	956	1	0:00:00.020553
47900	958	483	0	0:00:00.010160
48000	960	960	1	0:00:00.010276
48100	962	962	1	0:00:00.020367
48200	964	964	1	0:00:00.020514
48300	966	514	0	0:00:00.020679
48400	968	968	1	0:00:00.019520
48500	970	795	0	0:00:00.020676
48600	972	979	0	0:00:00.021327
48700	974	974	1	0:00:00.020168
48800	976	972	0	0:00:00.014014
48900	978	701	0	0:00:00.015693
49000	980	980	1	0:00:00.017470
49100	982	982	1	0:00:00.018675
49200	984	984	1	0:00:00.020325
49300	986	986	1	0:00:00.020375
49400	988	988	1	0:00:00.020371
49500	990	990	1	0:00:00.020394
49600	992	992	1	0:00:00.020247
49700	994	994	1	0:00:00.010264
49800	996	996	1	0:00:00.010341
49900	998	998	1	0:00:00.020998
