idx	label	predict	radius	correct	unperturbed predict	unperturbed correct	time
0	3	3	0.44	1	3	1	0:01:15.605502
20	7	7	0.0626	1	7	1	0:01:15.491408
40	4	4	0.341	1	4	1	0:01:15.244853
60	7	7	1.06	1	7	1	0:01:15.353241
80	8	8	1.12	1	8	1	0:01:15.231551
100	4	-1	0.0	0	-1	0	0:01:15.223935
120	8	8	1.07	1	8	1	0:01:15.302991
140	6	6	0.00436	1	6	1	0:01:15.242798
160	2	2	1.55	1	2	1	0:01:15.285445
180	0	0	1.74	1	0	1	0:01:15.051331
200	5	3	0.254	0	3	0	0:01:15.092632
220	7	7	1.84	1	7	1	0:01:15.078871
240	1	1	1.89	1	1	1	0:01:15.054751
260	8	-1	0.0	0	8	1	0:01:15.208771
280	9	9	1.89	1	9	1	0:01:15.234382
300	6	6	0.487	1	6	1	0:01:15.179665
320	3	-1	0.0	0	-1	0	0:01:15.143103
340	2	4	0.593	0	4	0	0:01:15.285641
360	9	9	0.214	1	9	1	0:01:15.343493
380	6	6	0.582	1	6	1	0:01:15.485160
400	9	9	1.04	1	9	1	0:01:15.398243
420	4	4	0.458	1	4	1	0:01:15.267371
440	1	1	1.29	1	1	1	0:01:15.334849
460	5	5	0.819	1	5	1	0:01:15.083879
480	8	9	0.669	0	9	0	0:01:15.115222
500	4	6	0.583	0	6	0	0:01:15.234896
520	5	7	0.561	0	7	0	0:01:15.217363
540	1	1	1.01	1	1	1	0:01:15.201007
560	0	0	1.89	1	0	1	0:01:15.253517
580	4	4	0.565	1	4	1	0:01:15.094081
600	8	8	1.06	1	8	1	0:01:15.030043
620	7	-1	0.0	0	4	0	0:01:15.291266
640	5	3	1.66	0	3	0	0:01:15.019017
660	9	9	1.86	1	9	1	0:01:15.157189
680	9	9	0.269	1	9	1	0:01:15.121004
700	7	7	1.32	1	7	1	0:01:15.144650
720	4	4	0.059	1	4	1	0:01:15.213158
740	2	5	0.146	0	5	0	0:01:15.296403
760	3	3	0.423	1	3	1	0:01:15.179784
780	9	9	1.01	1	9	1	0:01:15.283175
800	7	7	1.89	1	7	1	0:01:15.092843
820	6	1	0.044	0	1	0	0:01:15.140023
840	7	7	1.89	1	7	1	0:01:15.229512
860	4	4	1.34	1	4	1	0:01:15.197217
880	8	8	1.53	1	8	1	0:01:15.032579
900	2	6	0.323	0	6	0	0:01:15.292012
920	6	-1	0.0	0	-1	0	0:01:15.039696
940	9	9	1.37	1	9	1	0:01:15.097200
960	9	9	0.5	1	9	1	0:01:15.246393
980	2	6	1.17	0	6	0	0:01:15.256839
1000	5	5	1.89	1	5	1	0:01:15.077820
1020	1	1	1.61	1	1	1	0:01:15.138124
1040	7	5	0.965	0	5	0	0:01:15.171858
1060	9	9	1.89	1	9	1	0:01:15.000929
1080	6	6	0.954	1	6	1	0:01:15.187061
1100	7	7	0.0484	1	7	1	0:01:15.129510
1120	5	2	0.124	0	2	0	0:01:15.177393
1140	6	6	0.293	1	6	1	0:01:15.105839
1160	8	8	0.414	1	8	1	0:01:15.201640
1180	3	3	0.864	1	3	1	0:01:15.142813
1200	8	8	0.889	1	8	1	0:01:15.287863
1220	9	3	0.16	0	3	0	0:01:15.676739
1240	2	6	1.13	0	6	0	0:01:15.259306
1260	1	9	0.254	0	9	0	0:01:15.785584
1280	3	5	0.423	0	5	0	0:01:15.422227
1300	4	3	0.359	0	3	0	0:01:15.104645
1320	7	-1	0.0	0	2	0	0:01:15.203536
1340	1	1	1.89	1	1	1	0:01:15.282832
1360	7	7	1.05	1	7	1	0:01:15.249738
1380	4	5	1.55	0	5	0	0:01:15.329904
1400	5	5	0.186	1	5	1	0:01:16.207129
1420	4	7	0.35	0	7	0	0:01:15.693443
1440	0	0	0.57	1	0	1	0:01:15.814948
1460	6	6	1.36	1	6	1	0:01:15.886271
1480	1	1	0.688	1	1	1	0:01:15.846881
1500	1	1	0.912	1	1	1	0:01:15.848592
1520	7	7	1.23	1	7	1	0:01:15.885495
1540	8	8	1.79	1	8	1	0:01:16.520218
1560	7	7	1.89	1	7	1	0:01:17.566442
1580	6	1	0.311	0	1	0	0:01:15.853413
1600	8	9	0.284	0	9	0	0:01:16.122344
1620	5	5	0.435	1	5	1	0:01:16.058158
1640	7	3	0.579	0	3	0	0:01:15.796290
1660	3	-1	0.0	0	3	1	0:01:15.979605
1680	6	6	1.89	1	6	1	0:01:15.835743
1700	5	2	0.465	0	2	0	0:01:15.725505
1720	4	4	0.064	1	4	1	0:01:16.251932
1740	1	9	0.262	0	9	0	0:01:15.837616
1760	0	8	0.0176	0	-1	0	0:01:16.075554
1780	7	7	0.288	1	7	1	0:01:15.958492
1800	4	-1	0.0	0	0	0	0:01:15.780579
1820	8	9	0.242	0	9	0	0:01:15.952079
1840	8	-1	0.0	0	4	0	0:01:16.008968
1860	8	8	1.84	1	8	1	0:01:15.790143
1880	1	1	1.37	1	1	1	0:01:16.111590
1900	8	8	1.89	1	8	1	0:01:16.029050
1920	2	2	1.23	1	2	1	0:01:15.724714
1940	5	5	1.55	1	5	1	0:01:16.202246
1960	2	5	1.84	0	5	0	0:01:15.725175
1980	9	9	1.89	1	9	1	0:01:15.826650
2000	1	1	0.388	1	1	1	0:01:16.292808
2020	9	9	1.79	1	9	1	0:01:15.671252
2040	0	0	0.0632	1	0	1	0:01:16.075837
2060	5	5	0.721	1	5	1	0:01:16.057550
2080	1	1	0.774	1	1	1	0:01:15.749363
2100	2	-1	0.0	0	4	0	0:01:16.424817
2120	4	8	0.561	0	8	0	0:01:15.861407
2140	9	9	1.77	1	9	1	0:01:15.695202
2160	0	8	1.28	0	8	0	0:01:16.457054
2180	4	4	0.8	1	4	1	0:01:15.768817
2200	0	0	0.928	1	0	1	0:01:15.936117
2220	1	1	1.89	1	1	1	0:01:16.191260
2240	9	9	1.33	1	9	1	0:01:15.902406
2260	4	4	0.437	1	4	1	0:01:16.249729
2280	4	8	0.223	0	8	0	0:01:16.122156
2300	3	6	0.023	0	6	0	0:01:15.774332
2320	5	2	0.0406	0	2	0	0:01:16.429523
2340	7	7	1.82	1	7	1	0:01:15.808191
2360	7	7	0.891	1	7	1	0:01:16.152729
2380	8	8	0.996	1	8	1	0:01:16.094815
2400	0	0	1.21	1	0	1	0:01:15.841031
2420	8	8	0.378	1	8	1	0:01:16.184515
2440	7	7	0.773	1	7	1	0:01:15.961520
2460	9	9	0.189	1	9	1	0:01:15.917338
2480	8	8	1.54	1	8	1	0:01:16.262516
2500	4	4	0.493	1	4	1	0:01:15.768143
2520	1	9	0.043	0	9	0	0:01:15.828317
2540	2	3	0.933	0	3	0	0:01:16.366917
2560	7	7	0.0977	1	7	1	0:01:15.938128
2580	6	6	0.85	1	6	1	0:01:16.063974
2600	8	8	1.84	1	8	1	0:01:16.129814
2620	1	1	0.268	1	1	1	0:01:15.745314
2640	7	7	1.49	1	7	1	0:01:16.074218
2660	3	2	0.223	0	2	0	0:01:16.139157
2680	0	0	1.89	1	0	1	0:01:15.769293
2700	9	9	0.674	1	9	1	0:01:16.403023
2720	3	3	0.169	1	3	1	0:01:15.849922
2740	1	1	0.452	1	1	1	0:01:15.987350
2760	2	2	0.991	1	2	1	0:01:16.112840
2780	7	7	1.89	1	7	1	0:01:15.802211
2800	4	6	0.022	0	6	0	0:01:15.959661
2820	6	6	1.89	1	6	1	0:01:16.067860
2840	3	3	1.89	1	3	1	0:01:15.777071
2860	5	7	0.202	0	7	0	0:01:16.038451
2880	4	4	1.89	1	4	1	0:01:16.161706
2900	3	5	1.04	0	5	0	0:01:15.868080
2920	2	3	1.27	0	3	0	0:01:16.480102
2940	3	0	0.416	0	0	0	0:01:15.848978
2960	9	9	1.28	1	9	1	0:01:16.219898
2980	8	8	0.38	1	8	1	0:01:16.119599
3000	5	5	1.89	1	5	1	0:01:15.752803
3020	1	1	0.978	1	1	1	0:01:16.018996
3040	7	7	1.89	1	7	1	0:01:16.026482
3060	7	7	1.76	1	7	1	0:01:15.763555
3080	1	1	0.149	1	1	1	0:01:16.282164
3100	0	0	1.86	1	0	1	0:01:15.782672
3120	4	6	0.937	0	6	0	0:01:16.171581
3140	8	8	1.56	1	8	1	0:01:16.081591
3160	6	4	0.287	0	4	0	0:01:15.781408
3180	3	3	0.0604	1	3	1	0:01:16.214648
3200	5	5	0.661	1	5	1	0:01:16.107749
3220	3	3	0.0923	1	3	1	0:01:15.689681
3240	4	-1	0.0	0	2	0	0:01:16.117534
3260	7	7	1.22	1	7	1	0:01:16.068035
3280	3	5	1.08	0	5	0	0:01:15.770075
3300	4	4	0.423	1	4	1	0:01:16.324142
3320	2	7	1.74	0	7	0	0:01:15.915660
3340	6	6	0.108	1	6	1	0:01:15.891620
3360	4	6	0.236	0	6	0	0:01:16.179875
3380	8	8	1.57	1	8	1	0:01:15.835324
3400	6	4	0.48	0	4	0	0:01:16.107848
3420	5	6	0.0791	0	6	0	0:01:16.036003
3440	2	-1	0.0	0	3	0	0:01:15.917796
3460	1	1	1.82	1	1	1	0:01:15.991765
3480	2	2	1.89	1	2	1	0:01:16.089772
3500	1	1	0.871	1	1	1	0:01:15.914940
3520	1	1	1.89	1	1	1	0:01:16.288065
3540	6	6	0.75	1	6	1	0:01:15.769384
3560	1	9	0.586	0	9	0	0:01:16.092270
3580	4	-1	0.0	0	1	0	0:01:15.993144
3600	4	2	1.27	0	2	0	0:01:15.880836
3620	0	0	0.402	1	0	1	0:01:16.127135
3640	6	2	0.908	0	2	0	0:01:16.014468
3660	0	0	0.514	1	0	1	0:01:15.673746
3680	0	2	0.362	0	2	0	0:01:16.273128
3700	3	3	0.87	1	3	1	0:01:15.862155
3720	2	2	1.8	1	2	1	0:01:16.162375
3740	0	0	1.7	1	0	1	0:01:16.034762
3760	7	7	1.89	1	7	1	0:01:15.806221
3780	4	4	0.573	1	4	1	0:01:16.076497
3800	9	9	0.527	1	9	1	0:01:16.116349
3820	0	0	0.578	1	0	1	0:01:15.751868
3840	6	3	1.06	0	3	0	0:01:16.026909
3860	7	7	1.89	1	7	1	0:01:16.019190
3880	6	4	0.411	0	4	0	0:01:15.727967
3900	3	6	0.128	0	6	0	0:01:16.355028
3920	7	9	0.503	0	9	0	0:01:15.860677
3940	6	6	0.0448	1	6	1	0:01:15.953649
3960	2	2	0.815	1	2	1	0:01:16.039181
3980	9	9	0.549	1	9	1	0:01:15.890958
4000	8	0	0.243	0	0	0	0:01:16.053438
4020	8	8	1.47	1	8	1	0:01:16.033185
4040	0	0	1.73	1	0	1	0:01:15.777388
4060	6	3	0.0625	0	3	0	0:01:16.334649
4080	1	1	1.12	1	1	1	0:01:15.783560
4100	7	7	1.89	1	7	1	0:01:16.003624
4120	4	4	0.679	1	4	1	0:01:16.072551
4140	5	5	1.68	1	5	1	0:01:15.736110
4160	5	-1	0.0	0	3	0	0:01:16.161988
4180	0	0	0.255	1	0	1	0:01:16.148951
4200	4	4	0.125	1	4	1	0:01:15.773030
4220	4	0	1.82	0	0	0	0:01:15.967857
4240	7	8	0.273	0	8	0	0:01:16.209960
4260	8	8	0.918	1	8	1	0:01:15.698813
4280	8	-1	0.0	0	9	0	0:01:16.341393
4300	8	8	1.52	1	8	1	0:01:15.685135
4320	1	8	0.7	0	8	0	0:01:15.963768
4340	0	0	0.995	1	0	1	0:01:15.973492
4360	6	3	0.313	0	3	0	0:01:15.899427
4380	9	9	1.29	1	9	1	0:01:16.017472
4400	3	-1	0.0	0	-1	0	0:01:16.091769
4420	5	5	0.245	1	5	1	0:01:15.766346
4440	2	2	0.232	1	2	1	0:01:16.312666
4460	9	9	1.08	1	9	1	0:01:15.782359
4480	9	9	1.56	1	9	1	0:01:16.111562
4500	3	5	0.271	0	5	0	0:01:15.968625
4520	3	6	1.08	0	6	0	0:01:15.864173
4540	9	9	1.89	1	9	1	0:01:15.903670
4560	1	1	1.6	1	1	1	0:01:16.033090
4580	6	4	0.255	0	4	0	0:01:15.757644
4600	4	7	0.17	0	7	0	0:01:16.379524
4620	7	3	0.974	0	3	0	0:01:15.786188
4640	2	-1	0.0	0	4	0	0:01:16.299895
4660	7	4	0.00833	0	4	0	0:01:15.996366
4680	9	9	0.549	1	9	1	0:01:15.733769
4700	6	-1	0.0	0	6	1	0:01:16.152295
4720	8	8	0.876	1	8	1	0:01:16.015761
4740	5	3	1.01	0	3	0	0:01:15.818805
4760	3	3	0.561	1	3	1	0:01:16.221801
4780	0	0	1.29	1	0	1	0:01:15.972792
4800	9	9	1.89	1	9	1	0:01:15.891999
4820	3	3	0.872	1	3	1	0:01:16.043334
4840	0	0	1.84	1	0	1	0:01:16.045707
4860	5	5	1.84	1	5	1	0:01:15.873992
4880	0	-1	0.0	0	0	1	0:01:16.441954
4900	3	6	0.644	0	6	0	0:01:15.985782
4920	7	7	0.589	1	7	1	0:01:16.056620
4940	6	6	0.376	1	6	1	0:01:16.030959
4960	4	4	0.0202	1	4	1	0:01:15.724287
4980	1	9	1.84	0	9	0	0:01:16.138888
5000	7	7	1.89	1	7	1	0:01:16.077481
5020	8	8	1.68	1	8	1	0:01:15.668004
5040	3	3	1.32	1	3	1	0:01:16.057252
5060	6	6	0.748	1	6	1	0:01:16.066299
5080	7	7	1.84	1	7	1	0:01:15.772678
5100	3	3	1.36	1	3	1	0:01:16.279634
5120	9	9	0.81	1	9	1	0:01:15.782802
5140	8	8	1.33	1	8	1	0:01:16.204296
5160	0	0	0.79	1	0	1	0:01:16.141830
5180	9	7	0.218	0	7	0	0:01:15.756876
5200	3	3	1.89	1	3	1	0:01:16.057713
5220	0	0	1.46	1	0	1	0:01:15.985143
5240	1	-1	0.0	0	-1	0	0:01:15.826115
5260	0	0	1.89	1	0	1	0:01:16.252131
5280	0	8	0.45	0	8	0	0:01:15.861071
5300	9	9	1.18	1	9	1	0:01:16.268795
5320	7	7	1.7	1	7	1	0:01:15.964209
5340	3	4	1.4	0	4	0	0:01:15.764369
5360	9	9	1.08	1	9	1	0:01:16.132331
5380	1	9	1.55	0	9	0	0:01:16.123266
5400	9	9	0.76	1	9	1	0:01:15.941244
5420	6	6	0.0996	1	6	1	0:01:16.113708
5440	9	9	1.89	1	9	1	0:01:15.965243
5460	0	0	0.74	1	0	1	0:01:15.931557
5480	1	1	0.889	1	1	1	0:01:16.423087
5500	8	8	0.249	1	8	1	0:01:15.717665
5520	4	3	0.25	0	3	0	0:01:16.145218
5540	5	-1	0.0	0	-1	0	0:01:16.077477
5560	3	6	0.13	0	6	0	0:01:15.782305
5580	5	6	0.367	0	6	0	0:01:16.183500
5600	6	9	0.243	0	9	0	0:01:16.059719
5620	3	2	1.4	0	2	0	0:01:15.816372
5640	2	-1	0.0	0	3	0	0:01:16.083122
5660	9	9	0.923	1	9	1	0:01:16.028946
5680	2	3	0.995	0	3	0	0:01:16.070486
5700	3	3	0.44	1	3	1	0:01:16.000805
5720	9	9	1.82	1	9	1	0:01:15.780648
5740	6	4	0.69	0	4	0	0:01:15.985492
5760	2	2	0.722	1	2	1	0:01:16.007396
5780	7	7	1.89	1	7	1	0:01:15.745400
5800	2	4	0.215	0	4	0	0:01:15.999323
5820	5	5	0.0287	1	5	1	0:01:15.990782
5840	2	2	0.142	1	2	1	0:01:15.794727
5860	0	0	0.528	1	0	1	0:01:16.216775
5880	0	0	1.23	1	0	1	0:01:15.732558
5900	4	4	0.192	1	4	1	0:01:16.062469
5920	8	8	1.89	1	8	1	0:01:16.059992
5940	7	4	0.902	0	4	0	0:01:15.837351
5960	2	4	0.0283	0	4	0	0:01:16.146544
5980	9	9	1.89	1	9	1	0:01:15.931999
6000	8	8	0.195	1	8	1	0:01:15.767671
6020	6	6	1.1	1	6	1	0:01:16.083295
6040	2	7	0.283	0	7	0	0:01:16.083682
6060	3	4	0.352	0	4	0	0:01:15.735746
6080	1	1	0.799	1	1	1	0:01:16.749722
6100	1	1	1.33	1	1	1	0:01:16.074412
6120	5	5	1.54	1	5	1	0:01:16.048089
6140	9	9	1.8	1	9	1	0:01:16.807937
6160	2	5	0.561	0	5	0	0:01:15.811848
6180	0	0	0.359	1	0	1	0:01:16.027098
6200	3	3	1.27	1	3	1	0:01:16.016093
6220	2	6	0.191	0	6	0	0:01:15.745608
6240	2	2	0.412	1	2	1	0:01:16.024853
6260	2	9	0.0855	0	9	0	0:01:16.003081
6280	8	5	0.223	0	5	0	0:01:15.785420
6300	1	1	0.365	1	1	1	0:01:16.397946
6320	0	0	1.77	1	0	1	0:01:16.203684
6340	3	3	0.719	1	3	1	0:01:16.106417
6360	2	2	0.473	1	2	1	0:01:16.585302
6380	3	5	0.0067	0	5	0	0:01:15.786329
6400	0	-1	0.0	0	0	1	0:01:17.736711
6420	7	7	1.86	1	7	1	0:01:17.638277
6440	3	9	0.305	0	9	0	0:01:15.872759
6460	3	1	0.337	0	1	0	0:01:16.071220
6480	0	0	0.785	1	0	1	0:01:15.992235
6500	7	-1	0.0	0	0	0	0:01:15.678720
6520	6	4	0.378	0	4	0	0:01:16.522529
6540	8	8	1.79	1	8	1	0:01:15.738555
6560	6	6	1.17	1	6	1	0:01:17.106228
6580	1	9	0.0591	0	9	0	0:01:15.997201
6600	7	7	1.89	1	7	1	0:01:15.729200
6620	7	7	1.89	1	7	1	0:01:15.981315
6640	5	3	1.89	0	3	0	0:01:15.953711
6660	0	0	1.34	1	0	1	0:01:15.714384
6680	3	3	0.348	1	3	1	0:01:16.055693
6700	6	6	0.768	1	6	1	0:01:16.378394
6720	2	2	0.793	1	2	1	0:01:17.005378
6740	2	-1	0.0	0	4	0	0:01:16.446698
6760	5	5	0.535	1	5	1	0:01:16.483997
6780	7	7	1.89	1	7	1	0:01:16.002968
6800	6	6	0.309	1	6	1	0:01:16.316335
6820	1	1	1.86	1	1	1	0:01:15.648438
6840	9	9	0.77	1	9	1	0:01:16.035516
6860	0	0	0.853	1	0	1	0:01:16.028826
6880	2	2	0.93	1	2	1	0:01:15.742136
6900	3	3	1.05	1	3	1	0:01:16.003915
6920	5	2	0.868	0	2	0	0:01:16.676098
6940	1	1	1.89	1	1	1	0:01:15.741439
6960	9	8	0.306	0	8	0	0:01:16.139891
6980	0	9	0.666	0	9	0	0:01:16.089864
7000	2	-1	0.0	0	2	1	0:01:16.077044
7020	7	7	1.89	1	7	1	0:01:16.924457
7040	7	8	0.428	0	8	0	0:01:15.919343
7060	8	8	1.23	1	8	1	0:01:16.022415
7080	5	4	1.12	0	4	0	0:01:16.083921
7100	9	3	0.455	0	3	0	0:01:15.892476
7120	7	7	1.38	1	7	1	0:01:15.977433
7140	4	4	0.949	1	4	1	0:01:16.098528
7160	5	5	1.31	1	5	1	0:01:16.164606
7180	6	6	1.66	1	6	1	0:01:15.943483
7200	4	6	0.106	0	6	0	0:01:15.968749
7220	9	9	0.44	1	9	1	0:01:16.739052
7240	0	8	0.764	0	8	0	0:01:16.121351
7260	1	1	0.402	1	1	1	0:01:15.811647
7280	1	1	0.625	1	1	1	0:01:16.263237
7300	3	4	0.0306	0	4	0	0:01:16.113355
7320	8	8	0.396	1	8	1	0:01:15.767623
7340	2	4	1.25	0	4	0	0:01:16.149332
7360	2	-1	0.0	0	3	0	0:01:16.045289
7380	7	7	1.02	1	7	1	0:01:16.090267
7400	3	-1	0.0	0	5	0	0:01:16.551280
7420	3	0	0.0842	0	0	0	0:01:16.553033
7440	3	3	0.493	1	3	1	0:01:16.136057
7460	5	5	1.89	1	5	1	0:01:17.215724
7480	1	8	0.415	0	8	0	0:01:15.940052
7500	6	6	1.89	1	6	1	0:01:16.156925
7520	4	4	0.801	1	4	1	0:01:16.154025
7540	5	5	1.89	1	5	1	0:01:15.733075
7560	0	0	0.926	1	0	1	0:01:16.263968
7580	8	8	0.972	1	8	1	0:01:16.590066
7600	8	9	1.07	0	9	0	0:01:16.330146
7620	5	3	0.455	0	3	0	0:01:16.149253
7640	9	9	0.776	1	9	1	0:01:16.112396
7660	7	7	0.211	1	7	1	0:01:16.134156
7680	3	9	0.0797	0	9	0	0:01:16.127285
7700	6	6	1.86	1	6	1	0:01:15.840323
7720	5	5	0.494	1	5	1	0:01:16.201077
7740	4	4	0.328	1	4	1	0:01:16.210773
7760	2	9	0.463	0	9	0	0:01:16.161842
7780	3	9	0.444	0	9	0	0:01:16.116527
7800	0	0	1.39	1	0	1	0:01:15.865283
7820	5	5	0.452	1	5	1	0:01:16.118927
7840	1	1	1.89	1	1	1	0:01:16.973971
7860	8	8	0.436	1	8	1	0:01:15.828209
7880	0	0	1.16	1	0	1	0:01:16.157228
7900	0	8	0.761	0	8	0	0:01:16.758755
7920	9	9	0.262	1	9	1	0:01:17.249297
7940	2	6	0.452	0	6	0	0:01:16.991147
7960	0	0	0.792	1	0	1	0:01:16.311389
7980	3	3	0.365	1	3	1	0:01:16.106415
8000	9	9	1.47	1	9	1	0:01:16.078397
8020	6	3	0.729	0	3	0	0:01:15.878670
8040	2	2	1.09	1	2	1	0:01:16.435493
8060	6	6	0.902	1	6	1	0:01:18.369492
8080	4	4	0.247	1	4	1	0:01:15.784304
8100	6	2	1.18	0	2	0	0:01:16.049411
8120	8	9	1.08	0	9	0	0:01:15.966411
8140	5	4	0.542	0	4	0	0:01:16.038205
8160	6	6	1.38	1	6	1	0:01:17.403711
8180	4	4	0.551	1	4	1	0:01:17.360227
8200	3	4	0.0147	0	4	0	0:01:17.302728
8220	6	6	0.21	1	6	1	0:01:16.117492
8240	7	7	1.89	1	7	1	0:01:15.786065
8260	1	1	1.89	1	1	1	0:01:16.036845
8280	4	5	0.0229	0	5	0	0:01:16.277669
8300	5	2	0.135	0	2	0	0:01:16.068851
8320	7	-1	0.0	0	4	0	0:01:15.922218
8340	5	5	1.31	1	5	1	0:01:16.392118
8360	7	7	1.82	1	7	1	0:01:16.015776
8380	9	9	1.89	1	9	1	0:01:15.946410
8400	0	0	0.348	1	0	1	0:01:15.780251
8420	3	6	0.211	0	6	0	0:01:16.157255
8440	5	3	0.321	0	3	0	0:01:16.210829
8460	8	8	1.82	1	8	1	0:01:15.768632
8480	2	2	0.544	1	2	1	0:01:16.981723
8500	4	4	0.693	1	4	1	0:01:16.267511
8520	8	1	0.549	0	1	0	0:01:17.432130
8540	4	4	0.163	1	4	1	0:01:16.839448
8560	7	7	1.42	1	7	1	0:01:16.799394
8580	3	5	0.419	0	5	0	0:01:17.327402
8600	3	3	0.341	1	3	1	0:01:18.960792
8620	3	5	0.0564	0	5	0	0:01:15.719783
8640	1	1	1.48	1	1	1	0:01:16.902422
8660	7	7	1.06	1	7	1	0:01:17.255857
8680	3	4	0.0203	0	4	0	0:01:17.560467
8700	3	3	0.595	1	3	1	0:01:16.920480
8720	2	0	1.89	0	0	0	0:01:15.842199
8740	2	-1	0.0	0	4	0	0:01:16.941577
8760	8	8	1.89	1	8	1	0:01:19.022040
8780	4	4	1.23	1	4	1	0:01:15.865092
8800	0	0	1.89	1	0	1	0:01:15.942953
8820	2	2	1.72	1	2	1	0:01:16.052561
8840	2	1	0.332	0	1	0	0:01:16.043597
8860	2	2	1.45	1	2	1	0:01:16.097058
8880	1	1	1.63	1	1	1	0:01:16.052623
8900	2	-1	0.0	0	-1	0	0:01:16.074298
8920	6	6	1.84	1	6	1	0:01:15.980792
8940	6	3	1.19	0	3	0	0:01:15.730727
8960	0	0	1.58	1	0	1	0:01:15.931298
8980	9	9	1.89	1	9	1	0:01:16.059047
9000	8	8	1.89	1	8	1	0:01:15.914937
9020	7	7	1.57	1	7	1	0:01:16.062270
9040	2	5	1.31	0	5	0	0:01:16.174086
9060	9	9	0.127	1	9	1	0:01:16.227906
9080	3	3	0.375	1	3	1	0:01:16.130691
9100	9	1	0.203	0	1	0	0:01:15.784570
9120	3	0	0.235	0	0	0	0:01:16.101720
9140	7	7	0.527	1	7	1	0:01:16.069240
9160	5	5	0.878	1	5	1	0:01:15.718136
9180	5	5	1.89	1	5	1	0:01:16.063548
9200	8	8	1.74	1	8	1	0:01:17.110310
9220	8	8	1.89	1	8	1	0:01:16.325402
9240	8	8	1.29	1	8	1	0:01:15.886109
9260	5	5	1.3	1	5	1	0:01:16.336170
9280	9	9	0.494	1	9	1	0:01:16.092629
9300	5	5	0.632	1	5	1	0:01:17.469050
9320	9	9	1.89	1	9	1	0:01:16.853429
9340	1	1	1.89	1	1	1	0:01:17.624336
9360	5	0	0.507	0	0	0	0:01:17.230684
9380	5	3	0.931	0	3	0	0:01:16.097824
9400	6	6	0.672	1	6	1	0:01:15.656078
9420	5	5	1.55	1	5	1	0:01:16.097727
9440	8	8	1.89	1	8	1	0:01:16.128959
9460	3	7	0.194	0	7	0	0:01:16.352235
9480	2	4	0.19	0	4	0	0:01:15.790479
9500	9	9	0.651	1	9	1	0:01:15.986457
9520	1	1	1.62	1	1	1	0:01:15.919388
9540	5	5	0.938	1	5	1	0:01:15.787148
9560	9	7	1.28	0	7	0	0:01:16.063559
9580	1	1	0.766	1	1	1	0:01:17.863062
9600	8	8	0.538	1	8	1	0:01:17.818485
9620	4	4	0.489	1	4	1	0:01:16.159363
9640	5	5	0.665	1	5	1	0:01:15.938883
9660	6	6	1.89	1	6	1	0:01:16.137383
9680	8	8	1.0	1	8	1	0:01:16.120293
9700	0	0	1.35	1	0	1	0:01:15.709701
9720	8	-1	0.0	0	1	0	0:01:16.159229
9740	3	6	0.663	0	6	0	0:01:16.212453
9760	9	9	0.155	1	9	1	0:01:16.049349
9780	4	6	1.45	0	6	0	0:01:15.871222
9800	1	1	1.89	1	1	1	0:01:16.123712
9820	0	0	0.219	1	0	1	0:01:17.308249
9840	4	3	0.661	0	3	0	0:01:16.819595
9860	0	5	0.279	0	5	0	0:01:18.341907
9880	7	7	1.06	1	7	1	0:01:17.801736
9900	8	8	0.363	1	8	1	0:01:17.913389
9920	6	6	1.42	1	6	1	0:01:17.523109
9940	4	5	0.137	0	5	0	0:01:16.274608
9960	2	0	1.84	0	0	0	0:01:16.231946
9980	0	0	1.84	1	0	1	0:01:16.461752
