idx	predict	radius	unperturbed predict	time
0	1	1.89	1	0:01:15.605502
20	1	1.89	1	0:01:15.491408
40	1	1.89	1	0:01:15.244853
60	1	1.89	1	0:01:15.353241
80	1	1.89	1	0:01:15.231551
100	1	1.89	1	0:01:15.223935
120	1	1.89	1	0:01:15.302991
140	1	1.89	1	0:01:15.242798
160	1	1.89	1	0:01:15.285445
180	1	1.89	1	0:01:15.051331
200	1	1.89	1	0:01:15.092632
220	1	1.89	1	0:01:15.078871
240	1	1.89	1	0:01:15.054751
260	1	1.89	1	0:01:15.208771
280	1	1.89	1	0:01:15.234382
300	1	1.89	1	0:01:15.179665
320	1	1.89	1	0:01:15.143103
340	1	1.89	1	0:01:15.285641
360	1	1.89	1	0:01:15.343493
380	1	1.89	1	0:01:15.485160
400	1	1.89	1	0:01:15.398243
420	1	1.89	1	0:01:15.267371
440	1	1.89	1	0:01:15.334849
460	1	1.89	1	0:01:15.083879
480	1	1.89	1	0:01:15.115222
500	1	1.89	1	0:01:15.234896
520	1	1.89	1	0:01:15.217363
540	1	1.89	1	0:01:15.201007
560	1	1.89	1	0:01:15.253517
580	1	1.89	1	0:01:15.094081
600	1	1.89	1	0:01:15.030043
620	1	1.89	1	0:01:15.291266
640	1	1.89	1	0:01:15.019017
660	1	1.89	1	0:01:15.157189
680	1	1.89	1	0:01:15.121004
700	1	1.89	1	0:01:15.144650
720	1	1.89	1	0:01:15.213158
740	1	1.89	1	0:01:15.296403
760	1	1.89	1	0:01:15.179784
780	1	1.89	1	0:01:15.283175
800	1	1.89	1	0:01:15.092843
820	1	1.89	1	0:01:15.140023
840	1	1.89	1	0:01:15.229512
860	1	1.89	1	0:01:15.197217
880	1	1.89	1	0:01:15.032579
900	1	1.89	1	0:01:15.292012
920	1	1.89	1	0:01:15.039696
940	1	1.89	1	0:01:15.097200
960	1	1.89	1	0:01:15.246393
980	1	1.89	1	0:01:15.256839
1000	1	1.89	1	0:01:15.077820
1020	1	1.89	1	0:01:15.138124
1040	1	1.89	1	0:01:15.171858
1060	1	1.89	1	0:01:15.000929
1080	1	1.89	1	0:01:15.187061
1100	1	1.89	1	0:01:15.129510
1120	1	1.89	1	0:01:15.177393
1140	1	1.89	1	0:01:15.105839
1160	1	1.89	1	0:01:15.201640
1180	1	1.89	1	0:01:15.142813
1200	1	1.89	1	0:01:15.287863
1220	1	1.89	1	0:01:15.676739
1240	1	1.89	1	0:01:15.259306
1260	1	1.89	1	0:01:15.785584
1280	1	1.89	1	0:01:15.422227
1300	1	1.89	1	0:01:15.104645
1320	1	1.89	1	0:01:15.203536
1340	1	1.89	1	0:01:15.282832
1360	1	1.89	1	0:01:15.249738
1380	1	1.89	1	0:01:15.329904
1400	1	1.89	1	0:01:16.207129
1420	1	1.89	1	0:01:15.693443
1440	1	1.89	1	0:01:15.814948
1460	1	1.89	1	0:01:15.886271
1480	1	1.89	1	0:01:15.846881
1500	1	1.89	1	0:01:15.848592
1520	1	1.89	1	0:01:15.885495
1540	1	1.89	1	0:01:16.520218
1560	1	1.89	1	0:01:17.566442
1580	1	1.89	1	0:01:15.853413
1600	1	1.89	1	0:01:16.122344
1620	1	1.89	1	0:01:16.058158
1640	1	1.89	1	0:01:15.796290
1660	1	1.89	1	0:01:15.979605
1680	1	1.89	1	0:01:15.835743
1700	1	1.89	1	0:01:15.725505
1720	1	1.89	1	0:01:16.251932
1740	1	1.89	1	0:01:15.837616
1760	1	1.89	1	0:01:16.075554
1780	1	1.89	1	0:01:15.958492
1800	1	1.89	1	0:01:15.780579
1820	1	1.89	1	0:01:15.952079
1840	1	1.89	1	0:01:16.008968
1860	1	1.89	1	0:01:15.790143
1880	1	1.89	1	0:01:16.111590
1900	1	1.89	1	0:01:16.029050
1920	1	1.89	1	0:01:15.724714
1940	1	1.89	1	0:01:16.202246
1960	1	1.89	1	0:01:15.725175
1980	1	1.89	1	0:01:15.826650
2000	1	1.89	1	0:01:16.292808
2020	1	1.89	1	0:01:15.671252
2040	1	1.89	1	0:01:16.075837
2060	1	1.89	1	0:01:16.057550
2080	1	1.89	1	0:01:15.749363
2100	1	1.89	1	0:01:16.424817
2120	1	1.89	1	0:01:15.861407
2140	1	1.89	1	0:01:15.695202
2160	1	1.89	1	0:01:16.457054
2180	1	1.89	1	0:01:15.768817
2200	1	1.89	1	0:01:15.936117
2220	1	1.89	1	0:01:16.191260
2240	1	1.89	1	0:01:15.902406
2260	1	1.89	1	0:01:16.249729
2280	1	1.89	1	0:01:16.122156
2300	1	1.89	1	0:01:15.774332
2320	1	1.89	1	0:01:16.429523
2340	1	1.89	1	0:01:15.808191
2360	1	1.89	1	0:01:16.152729
2380	1	1.89	1	0:01:16.094815
2400	1	1.89	1	0:01:15.841031
2420	1	1.89	1	0:01:16.184515
2440	1	1.89	1	0:01:15.961520
2460	1	1.89	1	0:01:15.917338
2480	1	1.89	1	0:01:16.262516
2500	1	1.89	1	0:01:15.768143
2520	1	1.89	1	0:01:15.828317
2540	1	1.89	1	0:01:16.366917
2560	1	1.89	1	0:01:15.938128
2580	1	1.89	1	0:01:16.063974
2600	1	1.89	1	0:01:16.129814
2620	1	1.89	1	0:01:15.745314
2640	1	1.89	1	0:01:16.074218
2660	1	1.89	1	0:01:16.139157
2680	1	1.89	1	0:01:15.769293
2700	1	1.89	1	0:01:16.403023
2720	1	1.89	1	0:01:15.849922
2740	1	1.89	1	0:01:15.987350
2760	1	1.89	1	0:01:16.112840
2780	1	1.89	1	0:01:15.802211
2800	1	1.89	1	0:01:15.959661
2820	1	1.89	1	0:01:16.067860
2840	1	1.89	1	0:01:15.777071
2860	1	1.89	1	0:01:16.038451
2880	1	1.89	1	0:01:16.161706
2900	1	1.89	1	0:01:15.868080
2920	1	1.89	1	0:01:16.480102
2940	1	1.89	1	0:01:15.848978
2960	1	1.89	1	0:01:16.219898
2980	1	1.89	1	0:01:16.119599
3000	1	1.89	1	0:01:15.752803
3020	1	1.89	1	0:01:16.018996
3040	1	1.89	1	0:01:16.026482
3060	1	1.89	1	0:01:15.763555
3080	1	1.89	1	0:01:16.282164
3100	1	1.89	1	0:01:15.782672
3120	1	1.89	1	0:01:16.171581
3140	1	1.89	1	0:01:16.081591
3160	1	1.89	1	0:01:15.781408
3180	1	1.89	1	0:01:16.214648
3200	1	1.89	1	0:01:16.107749
3220	1	1.89	1	0:01:15.689681
3240	1	1.89	1	0:01:16.117534
3260	1	1.89	1	0:01:16.068035
3280	1	1.89	1	0:01:15.770075
3300	1	1.89	1	0:01:16.324142
3320	1	1.89	1	0:01:15.915660
3340	1	1.89	1	0:01:15.891620
3360	1	1.89	1	0:01:16.179875
3380	1	1.89	1	0:01:15.835324
3400	1	1.89	1	0:01:16.107848
3420	1	1.89	1	0:01:16.036003
3440	1	1.89	1	0:01:15.917796
3460	1	1.89	1	0:01:15.991765
3480	1	1.89	1	0:01:16.089772
3500	1	1.89	1	0:01:15.914940
3520	1	1.89	1	0:01:16.288065
3540	1	1.89	1	0:01:15.769384
3560	1	1.89	1	0:01:16.092270
3580	1	1.89	1	0:01:15.993144
3600	1	1.89	1	0:01:15.880836
3620	1	1.89	1	0:01:16.127135
3640	1	1.89	1	0:01:16.014468
3660	1	1.89	1	0:01:15.673746
3680	1	1.89	1	0:01:16.273128
3700	1	1.89	1	0:01:15.862155
3720	1	1.89	1	0:01:16.162375
3740	1	1.89	1	0:01:16.034762
3760	1	1.89	1	0:01:15.806221
3780	1	1.89	1	0:01:16.076497
3800	1	1.89	1	0:01:16.116349
3820	1	1.89	1	0:01:15.751868
3840	1	1.89	1	0:01:16.026909
3860	1	1.89	1	0:01:16.019190
3880	1	1.89	1	0:01:15.727967
3900	1	1.89	1	0:01:16.355028
3920	1	1.89	1	0:01:15.860677
3940	1	1.89	1	0:01:15.953649
3960	1	1.89	1	0:01:16.039181
3980	1	1.89	1	0:01:15.890958
4000	1	1.89	1	0:01:16.053438
4020	1	1.89	1	0:01:16.033185
4040	1	1.89	1	0:01:15.777388
4060	1	1.89	1	0:01:16.334649
4080	1	1.89	1	0:01:15.783560
4100	1	1.89	1	0:01:16.003624
4120	1	1.89	1	0:01:16.072551
4140	1	1.89	1	0:01:15.736110
4160	1	1.89	1	0:01:16.161988
4180	1	1.89	1	0:01:16.148951
4200	1	1.89	1	0:01:15.773030
4220	1	1.89	1	0:01:15.967857
4240	1	1.89	1	0:01:16.209960
4260	1	1.89	1	0:01:15.698813
4280	1	1.89	1	0:01:16.341393
4300	1	1.89	1	0:01:15.685135
4320	1	1.89	1	0:01:15.963768
4340	1	1.89	1	0:01:15.973492
4360	1	1.89	1	0:01:15.899427
4380	1	1.89	1	0:01:16.017472
4400	1	1.89	1	0:01:16.091769
4420	1	1.89	1	0:01:15.766346
4440	1	1.89	1	0:01:16.312666
4460	1	1.89	1	0:01:15.782359
4480	1	1.89	1	0:01:16.111562
4500	1	1.89	1	0:01:15.968625
4520	1	1.89	1	0:01:15.864173
4540	1	1.89	1	0:01:15.903670
4560	1	1.89	1	0:01:16.033090
4580	1	1.89	1	0:01:15.757644
4600	1	1.89	1	0:01:16.379524
4620	1	1.89	1	0:01:15.786188
4640	1	1.89	1	0:01:16.299895
4660	1	1.89	1	0:01:15.996366
4680	1	1.89	1	0:01:15.733769
4700	1	1.89	1	0:01:16.152295
4720	1	1.89	1	0:01:16.015761
4740	1	1.89	1	0:01:15.818805
4760	1	1.89	1	0:01:16.221801
4780	1	1.89	1	0:01:15.972792
4800	1	1.89	1	0:01:15.891999
4820	1	1.89	1	0:01:16.043334
4840	1	1.89	1	0:01:16.045707
4860	1	1.89	1	0:01:15.873992
4880	1	1.89	1	0:01:16.441954
4900	1	1.89	1	0:01:15.985782
4920	1	1.89	1	0:01:16.056620
4940	1	1.89	1	0:01:16.030959
4960	1	1.89	1	0:01:15.724287
4980	1	1.89	1	0:01:16.138888
5000	1	1.89	1	0:01:16.077481
5020	1	1.89	1	0:01:15.668004
5040	1	1.89	1	0:01:16.057252
5060	1	1.89	1	0:01:16.066299
5080	1	1.89	1	0:01:15.772678
5100	1	1.89	1	0:01:16.279634
5120	1	1.89	1	0:01:15.782802
5140	1	1.89	1	0:01:16.204296
5160	1	1.89	1	0:01:16.141830
5180	1	1.89	1	0:01:15.756876
5200	1	1.89	1	0:01:16.057713
5220	1	1.89	1	0:01:15.985143
5240	1	1.89	1	0:01:15.826115
5260	1	1.89	1	0:01:16.252131
5280	1	1.89	1	0:01:15.861071
5300	1	1.89	1	0:01:16.268795
5320	1	1.89	1	0:01:15.964209
5340	1	1.89	1	0:01:15.764369
5360	1	1.89	1	0:01:16.132331
5380	1	1.89	1	0:01:16.123266
5400	1	1.89	1	0:01:15.941244
5420	1	1.89	1	0:01:16.113708
5440	1	1.89	1	0:01:15.965243
5460	1	1.89	1	0:01:15.931557
5480	1	1.89	1	0:01:16.423087
5500	1	1.89	1	0:01:15.717665
5520	1	1.89	1	0:01:16.145218
5540	1	1.89	1	0:01:16.077477
5560	1	1.89	1	0:01:15.782305
5580	1	1.89	1	0:01:16.183500
5600	1	1.89	1	0:01:16.059719
5620	1	1.89	1	0:01:15.816372
5640	1	1.89	1	0:01:16.083122
5660	1	1.89	1	0:01:16.028946
5680	1	1.89	1	0:01:16.070486
5700	1	1.89	1	0:01:16.000805
5720	1	1.89	1	0:01:15.780648
5740	1	1.89	1	0:01:15.985492
5760	1	1.89	1	0:01:16.007396
5780	1	1.89	1	0:01:15.745400
5800	1	1.89	1	0:01:15.999323
5820	1	1.89	1	0:01:15.990782
5840	1	1.89	1	0:01:15.794727
5860	1	1.89	1	0:01:16.216775
5880	1	1.89	1	0:01:15.732558
5900	1	1.89	1	0:01:16.062469
5920	1	1.89	1	0:01:16.059992
5940	1	1.89	1	0:01:15.837351
5960	1	1.89	1	0:01:16.146544
5980	1	1.89	1	0:01:15.931999
6000	1	1.89	1	0:01:15.767671
6020	1	1.89	1	0:01:16.083295
6040	1	1.89	1	0:01:16.083682
6060	1	1.89	1	0:01:15.735746
6080	1	1.89	1	0:01:16.749722
6100	1	1.89	1	0:01:16.074412
6120	1	1.89	1	0:01:16.048089
6140	1	1.89	1	0:01:16.807937
6160	1	1.89	1	0:01:15.811848
6180	1	1.89	1	0:01:16.027098
6200	1	1.89	1	0:01:16.016093
6220	1	1.89	1	0:01:15.745608
6240	1	1.89	1	0:01:16.024853
6260	1	1.89	1	0:01:16.003081
6280	1	1.89	1	0:01:15.785420
6300	1	1.89	1	0:01:16.397946
6320	1	1.89	1	0:01:16.203684
6340	1	1.89	1	0:01:16.106417
6360	1	1.89	1	0:01:16.585302
6380	1	1.89	1	0:01:15.786329
6400	1	1.89	1	0:01:17.736711
6420	1	1.89	1	0:01:17.638277
6440	1	1.89	1	0:01:15.872759
6460	1	1.89	1	0:01:16.071220
6480	1	1.89	1	0:01:15.992235
6500	1	1.89	1	0:01:15.678720
6520	1	1.89	1	0:01:16.522529
6540	1	1.89	1	0:01:15.738555
6560	1	1.89	1	0:01:17.106228
6580	1	1.89	1	0:01:15.997201
6600	1	1.89	1	0:01:15.729200
6620	1	1.89	1	0:01:15.981315
6640	1	1.89	1	0:01:15.953711
6660	1	1.89	1	0:01:15.714384
6680	1	1.89	1	0:01:16.055693
6700	1	1.89	1	0:01:16.378394
6720	1	1.89	1	0:01:17.005378
6740	1	1.89	1	0:01:16.446698
6760	1	1.89	1	0:01:16.483997
6780	1	1.89	1	0:01:16.002968
6800	1	1.89	1	0:01:16.316335
6820	1	1.89	1	0:01:15.648438
6840	1	1.89	1	0:01:16.035516
6860	1	1.89	1	0:01:16.028826
6880	1	1.89	1	0:01:15.742136
6900	1	1.89	1	0:01:16.003915
6920	1	1.89	1	0:01:16.676098
6940	1	1.89	1	0:01:15.741439
6960	1	1.89	1	0:01:16.139891
6980	1	1.89	1	0:01:16.089864
7000	1	1.89	1	0:01:16.077044
7020	1	1.89	1	0:01:16.924457
7040	1	1.89	1	0:01:15.919343
7060	1	1.89	1	0:01:16.022415
7080	1	1.89	1	0:01:16.083921
7100	1	1.89	1	0:01:15.892476
7120	1	1.89	1	0:01:15.977433
7140	1	1.89	1	0:01:16.098528
7160	1	1.89	1	0:01:16.164606
7180	1	1.89	1	0:01:15.943483
7200	1	1.89	1	0:01:15.968749
7220	1	1.89	1	0:01:16.739052
7240	1	1.89	1	0:01:16.121351
7260	1	1.89	1	0:01:15.811647
7280	1	1.89	1	0:01:16.263237
7300	1	1.89	1	0:01:16.113355
7320	1	1.89	1	0:01:15.767623
7340	1	1.89	1	0:01:16.149332
7360	1	1.89	1	0:01:16.045289
7380	1	1.89	1	0:01:16.090267
7400	1	1.89	1	0:01:16.551280
7420	1	1.89	1	0:01:16.553033
7440	1	1.89	1	0:01:16.136057
7460	1	1.89	1	0:01:17.215724
7480	1	1.89	1	0:01:15.940052
7500	1	1.89	1	0:01:16.156925
7520	1	1.89	1	0:01:16.154025
7540	1	1.89	1	0:01:15.733075
7560	1	1.89	1	0:01:16.263968
7580	1	1.89	1	0:01:16.590066
7600	1	1.89	1	0:01:16.330146
7620	1	1.89	1	0:01:16.149253
7640	1	1.89	1	0:01:16.112396
7660	1	1.89	1	0:01:16.134156
7680	1	1.89	1	0:01:16.127285
7700	1	1.89	1	0:01:15.840323
7720	1	1.89	1	0:01:16.201077
7740	1	1.89	1	0:01:16.210773
7760	1	1.89	1	0:01:16.161842
7780	1	1.89	1	0:01:16.116527
7800	1	1.89	1	0:01:15.865283
7820	1	1.89	1	0:01:16.118927
7840	1	1.89	1	0:01:16.973971
7860	1	1.89	1	0:01:15.828209
7880	1	1.89	1	0:01:16.157228
7900	1	1.89	1	0:01:16.758755
7920	1	1.89	1	0:01:17.249297
7940	1	1.89	1	0:01:16.991147
7960	1	1.89	1	0:01:16.311389
7980	1	1.89	1	0:01:16.106415
8000	1	1.89	1	0:01:16.078397
8020	1	1.89	1	0:01:15.878670
8040	1	1.89	1	0:01:16.435493
8060	1	1.89	1	0:01:18.369492
8080	1	1.89	1	0:01:15.784304
8100	1	1.89	1	0:01:16.049411
8120	1	1.89	1	0:01:15.966411
8140	1	1.89	1	0:01:16.038205
8160	1	1.89	1	0:01:17.403711
8180	1	1.89	1	0:01:17.360227
8200	1	1.89	1	0:01:17.302728
8220	1	1.89	1	0:01:16.117492
8240	1	1.89	1	0:01:15.786065
8260	1	1.89	1	0:01:16.036845
8280	1	1.89	1	0:01:16.277669
8300	1	1.89	1	0:01:16.068851
8320	1	1.89	1	0:01:15.922218
8340	1	1.89	1	0:01:16.392118
8360	1	1.89	1	0:01:16.015776
8380	1	1.89	1	0:01:15.946410
8400	1	1.89	1	0:01:15.780251
8420	1	1.89	1	0:01:16.157255
8440	1	1.89	1	0:01:16.210829
8460	1	1.89	1	0:01:15.768632
8480	1	1.89	1	0:01:16.981723
8500	1	1.89	1	0:01:16.267511
8520	1	1.89	1	0:01:17.432130
8540	1	1.89	1	0:01:16.839448
8560	1	1.89	1	0:01:16.799394
8580	1	1.89	1	0:01:17.327402
8600	1	1.89	1	0:01:18.960792
8620	1	1.89	1	0:01:15.719783
8640	1	1.89	1	0:01:16.902422
8660	1	1.89	1	0:01:17.255857
8680	1	1.89	1	0:01:17.560467
8700	1	1.89	1	0:01:16.920480
8720	1	1.89	1	0:01:15.842199
8740	1	1.89	1	0:01:16.941577
8760	1	1.89	1	0:01:19.022040
8780	1	1.89	1	0:01:15.865092
8800	1	1.89	1	0:01:15.942953
8820	1	1.89	1	0:01:16.052561
8840	1	1.89	1	0:01:16.043597
8860	1	1.89	1	0:01:16.097058
8880	1	1.89	1	0:01:16.052623
8900	1	1.89	1	0:01:16.074298
8920	1	1.89	1	0:01:15.980792
8940	1	1.89	1	0:01:15.730727
8960	1	1.89	1	0:01:15.931298
8980	1	1.89	1	0:01:16.059047
9000	1	1.89	1	0:01:15.914937
9020	1	1.89	1	0:01:16.062270
9040	1	1.89	1	0:01:16.174086
9060	1	1.89	1	0:01:16.227906
9080	1	1.89	1	0:01:16.130691
9100	1	1.89	1	0:01:15.784570
9120	1	1.89	1	0:01:16.101720
9140	1	1.89	1	0:01:16.069240
9160	1	1.89	1	0:01:15.718136
9180	1	1.89	1	0:01:16.063548
9200	1	1.89	1	0:01:17.110310
9220	1	1.89	1	0:01:16.325402
9240	1	1.89	1	0:01:15.886109
9260	1	1.89	1	0:01:16.336170
9280	1	1.89	1	0:01:16.092629
9300	1	1.89	1	0:01:17.469050
9320	1	1.89	1	0:01:16.853429
9340	1	1.89	1	0:01:17.624336
9360	1	1.89	1	0:01:17.230684
9380	1	1.89	1	0:01:16.097824
9400	1	1.89	1	0:01:15.656078
9420	1	1.89	1	0:01:16.097727
9440	1	1.89	1	0:01:16.128959
9460	1	1.89	1	0:01:16.352235
9480	1	1.89	1	0:01:15.790479
9500	1	1.89	1	0:01:15.986457
9520	1	1.89	1	0:01:15.919388
9540	1	1.89	1	0:01:15.787148
9560	1	1.89	1	0:01:16.063559
9580	1	1.89	1	0:01:17.863062
9600	1	1.89	1	0:01:17.818485
9620	1	1.89	1	0:01:16.159363
9640	1	1.89	1	0:01:15.938883
9660	1	1.89	1	0:01:16.137383
9680	1	1.89	1	0:01:16.120293
9700	1	1.89	1	0:01:15.709701
9720	1	1.89	1	0:01:16.159229
9740	1	1.89	1	0:01:16.212453
9760	1	1.89	1	0:01:16.049349
9780	1	1.89	1	0:01:15.871222
9800	1	1.89	1	0:01:16.123712
9820	1	1.89	1	0:01:17.308249
9840	1	1.89	1	0:01:16.819595
9860	1	1.89	1	0:01:18.341907
9880	1	1.89	1	0:01:17.801736
9900	1	1.89	1	0:01:17.913389
9920	1	1.89	1	0:01:17.523109
9940	1	1.89	1	0:01:16.274608
9960	1	1.89	1	0:01:16.231946
9980	1	1.89	1	0:01:16.461752
