idx	predict	radius	unperturbed predict	time
0	0	1.89	0	0:01:15.605502
20	0	1.89	0	0:01:15.491408
40	0	1.89	0	0:01:15.244853
60	0	1.89	0	0:01:15.353241
80	0	1.89	0	0:01:15.231551
100	0	1.89	0	0:01:15.223935
120	0	1.89	0	0:01:15.302991
140	0	1.89	0	0:01:15.242798
160	0	1.89	0	0:01:15.285445
180	0	1.75	0	0:01:15.051331
200	0	1.89	0	0:01:15.092632
220	0	1.79	0	0:01:15.078871
240	0	1.22	0	0:01:15.054751
260	0	1.89	0	0:01:15.208771
280	0	1.66	0	0:01:15.234382
300	0	1.89	0	0:01:15.179665
320	0	1.89	0	0:01:15.143103
340	0	1.89	0	0:01:15.285641
360	0	1.89	0	0:01:15.343493
380	0	1.89	0	0:01:15.485160
400	0	1.86	0	0:01:15.398243
420	0	1.89	0	0:01:15.267371
440	0	1.89	0	0:01:15.334849
460	0	1.89	0	0:01:15.083879
480	0	1.89	0	0:01:15.115222
500	0	1.89	0	0:01:15.234896
520	0	1.89	0	0:01:15.217363
540	0	1.89	0	0:01:15.201007
560	0	1.68	0	0:01:15.253517
580	0	1.89	0	0:01:15.094081
600	0	1.89	0	0:01:15.030043
620	0	1.89	0	0:01:15.291266
640	0	1.89	0	0:01:15.019017
660	0	1.89	0	0:01:15.157189
680	0	1.89	0	0:01:15.121004
700	0	1.89	0	0:01:15.144650
720	0	1.89	0	0:01:15.213158
740	0	1.89	0	0:01:15.296403
760	0	1.89	0	0:01:15.179784
780	0	1.89	0	0:01:15.283175
800	0	0.487	0	0:01:15.092843
820	0	1.89	0	0:01:15.140023
840	1	1.13	1	0:01:15.229512
860	0	1.89	0	0:01:15.197217
880	0	1.86	0	0:01:15.032579
900	0	1.89	0	0:01:15.292012
920	0	1.89	0	0:01:15.039696
940	0	1.75	0	0:01:15.097200
960	0	1.89	0	0:01:15.246393
980	0	1.89	0	0:01:15.256839
1000	0	1.89	0	0:01:15.077820
1020	0	1.89	0	0:01:15.138124
1040	0	1.89	0	0:01:15.171858
1060	0	1.37	0	0:01:15.000929
1080	0	1.89	0	0:01:15.187061
1100	0	1.89	0	0:01:15.129510
1120	0	1.89	0	0:01:15.177393
1140	0	1.89	0	0:01:15.105839
1160	0	1.89	0	0:01:15.201640
1180	0	1.89	0	0:01:15.142813
1200	0	1.66	0	0:01:15.287863
1220	0	1.89	0	0:01:15.676739
1240	0	1.89	0	0:01:15.259306
1260	0	1.89	0	0:01:15.785584
1280	0	1.89	0	0:01:15.422227
1300	0	1.89	0	0:01:15.104645
1320	0	1.89	0	0:01:15.203536
1340	1	0.541	1	0:01:15.282832
1360	0	1.89	0	0:01:15.249738
1380	0	1.89	0	0:01:15.329904
1400	0	1.89	0	0:01:16.207129
1420	0	1.89	0	0:01:15.693443
1440	0	1.89	0	0:01:15.814948
1460	0	1.89	0	0:01:15.886271
1480	0	1.89	0	0:01:15.846881
1500	0	1.89	0	0:01:15.848592
1520	0	1.89	0	0:01:15.885495
1540	0	1.84	0	0:01:16.520218
1560	1	1.7	1	0:01:17.566442
1580	0	1.89	0	0:01:15.853413
1600	0	1.89	0	0:01:16.122344
1620	0	1.89	0	0:01:16.058158
1640	0	1.89	0	0:01:15.796290
1660	0	1.89	0	0:01:15.979605
1680	0	1.89	0	0:01:15.835743
1700	0	1.89	0	0:01:15.725505
1720	0	1.89	0	0:01:16.251932
1740	0	1.89	0	0:01:15.837616
1760	0	1.89	0	0:01:16.075554
1780	0	1.89	0	0:01:15.958492
1800	0	1.89	0	0:01:15.780579
1820	0	1.89	0	0:01:15.952079
1840	0	1.89	0	0:01:16.008968
1860	0	0.28	0	0:01:15.790143
1880	0	1.86	0	0:01:16.111590
1900	0	0.337	0	0:01:16.029050
1920	0	1.89	0	0:01:15.724714
1940	0	1.89	0	0:01:16.202246
1960	0	1.89	0	0:01:15.725175
1980	0	1.64	0	0:01:15.826650
2000	0	1.89	0	0:01:16.292808
2020	0	1.76	0	0:01:15.671252
2040	0	1.89	0	0:01:16.075837
2060	0	1.89	0	0:01:16.057550
2080	0	1.89	0	0:01:15.749363
2100	0	1.89	0	0:01:16.424817
2120	0	1.89	0	0:01:15.861407
2140	0	0.738	0	0:01:15.695202
2160	0	1.89	0	0:01:16.457054
2180	0	1.89	0	0:01:15.768817
2200	0	1.89	0	0:01:15.936117
2220	0	1.89	0	0:01:16.191260
2240	0	1.89	0	0:01:15.902406
2260	0	1.89	0	0:01:16.249729
2280	0	1.89	0	0:01:16.122156
2300	0	1.89	0	0:01:15.774332
2320	0	1.89	0	0:01:16.429523
2340	0	1.43	0	0:01:15.808191
2360	0	1.89	0	0:01:16.152729
2380	0	1.89	0	0:01:16.094815
2400	0	0.535	0	0:01:15.841031
2420	0	1.89	0	0:01:16.184515
2440	0	1.89	0	0:01:15.961520
2460	0	1.89	0	0:01:15.917338
2480	0	1.89	0	0:01:16.262516
2500	0	1.89	0	0:01:15.768143
2520	0	1.89	0	0:01:15.828317
2540	0	1.89	0	0:01:16.366917
2560	0	1.89	0	0:01:15.938128
2580	0	1.89	0	0:01:16.063974
2600	0	1.89	0	0:01:16.129814
2620	0	1.89	0	0:01:15.745314
2640	0	1.89	0	0:01:16.074218
2660	0	1.89	0	0:01:16.139157
2680	0	0.299	0	0:01:15.769293
2700	0	1.89	0	0:01:16.403023
2720	0	1.89	0	0:01:15.849922
2740	0	1.89	0	0:01:15.987350
2760	0	1.89	0	0:01:16.112840
2780	0	0.807	0	0:01:15.802211
2800	0	1.89	0	0:01:15.959661
2820	0	1.89	0	0:01:16.067860
2840	0	1.89	0	0:01:15.777071
2860	0	1.89	0	0:01:16.038451
2880	0	1.89	0	0:01:16.161706
2900	0	1.89	0	0:01:15.868080
2920	0	1.89	0	0:01:16.480102
2940	0	1.89	0	0:01:15.848978
2960	0	1.89	0	0:01:16.219898
2980	0	1.89	0	0:01:16.119599
3000	0	1.84	0	0:01:15.752803
3020	0	1.89	0	0:01:16.018996
3040	1	1.01	1	0:01:16.026482
3060	0	1.69	0	0:01:15.763555
3080	0	1.89	0	0:01:16.282164
3100	0	1.89	0	0:01:15.782672
3120	0	1.89	0	0:01:16.171581
3140	0	1.89	0	0:01:16.081591
3160	0	1.89	0	0:01:15.781408
3180	0	1.89	0	0:01:16.214648
3200	0	1.89	0	0:01:16.107749
3220	0	1.89	0	0:01:15.689681
3240	0	1.89	0	0:01:16.117534
3260	0	0.586	0	0:01:16.068035
3280	0	1.89	0	0:01:15.770075
3300	0	1.89	0	0:01:16.324142
3320	0	1.89	0	0:01:15.915660
3340	0	1.89	0	0:01:15.891620
3360	0	1.89	0	0:01:16.179875
3380	0	1.84	0	0:01:15.835324
3400	0	1.89	0	0:01:16.107848
3420	0	1.89	0	0:01:16.036003
3440	0	1.89	0	0:01:15.917796
3460	0	1.89	0	0:01:15.991765
3480	0	1.89	0	0:01:16.089772
3500	0	1.89	0	0:01:15.914940
3520	1	0.706	1	0:01:16.288065
3540	0	1.89	0	0:01:15.769384
3560	0	1.89	0	0:01:16.092270
3580	0	1.89	0	0:01:15.993144
3600	0	1.89	0	0:01:15.880836
3620	0	1.89	0	0:01:16.127135
3640	0	1.89	0	0:01:16.014468
3660	0	1.89	0	0:01:15.673746
3680	0	1.89	0	0:01:16.273128
3700	0	1.89	0	0:01:15.862155
3720	0	1.89	0	0:01:16.162375
3740	0	1.89	0	0:01:16.034762
3760	0	1.4	0	0:01:15.806221
3780	0	1.89	0	0:01:16.076497
3800	0	1.89	0	0:01:16.116349
3820	0	1.89	0	0:01:15.751868
3840	0	1.89	0	0:01:16.026909
3860	1	0.636	1	0:01:16.019190
3880	0	1.89	0	0:01:15.727967
3900	0	1.89	0	0:01:16.355028
3920	0	1.89	0	0:01:15.860677
3940	0	1.89	0	0:01:15.953649
3960	0	1.89	0	0:01:16.039181
3980	0	1.89	0	0:01:15.890958
4000	0	1.89	0	0:01:16.053438
4020	0	1.89	0	0:01:16.033185
4040	0	0.746	0	0:01:15.777388
4060	0	1.89	0	0:01:16.334649
4080	0	1.89	0	0:01:15.783560
4100	1	0.541	1	0:01:16.003624
4120	0	1.89	0	0:01:16.072551
4140	0	1.89	0	0:01:15.736110
4160	0	1.89	0	0:01:16.161988
4180	0	1.89	0	0:01:16.148951
4200	0	1.89	0	0:01:15.773030
4220	0	1.89	0	0:01:15.967857
4240	0	1.89	0	0:01:16.209960
4260	0	1.82	0	0:01:15.698813
4280	0	1.89	0	0:01:16.341393
4300	0	1.89	0	0:01:15.685135
4320	0	1.89	0	0:01:15.963768
4340	0	1.89	0	0:01:15.973492
4360	0	1.89	0	0:01:15.899427
4380	0	1.86	0	0:01:16.017472
4400	0	1.89	0	0:01:16.091769
4420	0	1.89	0	0:01:15.766346
4440	0	1.89	0	0:01:16.312666
4460	0	1.89	0	0:01:15.782359
4480	0	1.89	0	0:01:16.111562
4500	0	1.89	0	0:01:15.968625
4520	0	1.89	0	0:01:15.864173
4540	0	1.71	0	0:01:15.903670
4560	0	1.89	0	0:01:16.033090
4580	0	1.89	0	0:01:15.757644
4600	0	1.89	0	0:01:16.379524
4620	0	1.89	0	0:01:15.786188
4640	0	1.89	0	0:01:16.299895
4660	0	1.89	0	0:01:15.996366
4680	0	1.89	0	0:01:15.733769
4700	0	1.89	0	0:01:16.152295
4720	0	1.84	0	0:01:16.015761
4740	0	1.89	0	0:01:15.818805
4760	0	1.89	0	0:01:16.221801
4780	0	1.89	0	0:01:15.972792
4800	1	0.466	1	0:01:15.891999
4820	0	1.89	0	0:01:16.043334
4840	1	0.0503	1	0:01:16.045707
4860	0	1.89	0	0:01:15.873992
4880	0	1.89	0	0:01:16.441954
4900	0	1.89	0	0:01:15.985782
4920	0	1.89	0	0:01:16.056620
4940	0	1.89	0	0:01:16.030959
4960	0	1.89	0	0:01:15.724287
4980	0	1.89	0	0:01:16.138888
5000	0	0.0769	0	0:01:16.077481
5020	0	1.89	0	0:01:15.668004
5040	0	1.89	0	0:01:16.057252
5060	0	1.89	0	0:01:16.066299
5080	0	1.89	0	0:01:15.772678
5100	0	1.89	0	0:01:16.279634
5120	0	1.89	0	0:01:15.782802
5140	0	1.89	0	0:01:16.204296
5160	0	1.89	0	0:01:16.141830
5180	0	1.89	0	0:01:15.756876
5200	0	1.89	0	0:01:16.057713
5220	0	1.89	0	0:01:15.985143
5240	0	1.89	0	0:01:15.826115
5260	0	1.66	0	0:01:16.252131
5280	0	1.89	0	0:01:15.861071
5300	0	1.89	0	0:01:16.268795
5320	0	0.326	0	0:01:15.964209
5340	0	1.89	0	0:01:15.764369
5360	0	1.76	0	0:01:16.132331
5380	0	1.89	0	0:01:16.123266
5400	0	1.89	0	0:01:15.941244
5420	0	1.89	0	0:01:16.113708
5440	1	0.796	1	0:01:15.965243
5460	0	1.84	0	0:01:15.931557
5480	0	1.89	0	0:01:16.423087
5500	0	1.89	0	0:01:15.717665
5520	0	1.89	0	0:01:16.145218
5540	0	1.89	0	0:01:16.077477
5560	0	1.89	0	0:01:15.782305
5580	0	1.89	0	0:01:16.183500
5600	0	1.89	0	0:01:16.059719
5620	0	1.89	0	0:01:15.816372
5640	0	1.89	0	0:01:16.083122
5660	0	1.89	0	0:01:16.028946
5680	0	1.89	0	0:01:16.070486
5700	0	1.89	0	0:01:16.000805
5720	0	0.864	0	0:01:15.780648
5740	0	1.89	0	0:01:15.985492
5760	0	1.89	0	0:01:16.007396
5780	0	1.37	0	0:01:15.745400
5800	0	1.89	0	0:01:15.999323
5820	0	1.89	0	0:01:15.990782
5840	0	1.89	0	0:01:15.794727
5860	0	1.89	0	0:01:16.216775
5880	0	1.89	0	0:01:15.732558
5900	0	1.89	0	0:01:16.062469
5920	1	1.57	1	0:01:16.059992
5940	0	1.89	0	0:01:15.837351
5960	0	1.89	0	0:01:16.146544
5980	0	0.163	0	0:01:15.931999
6000	0	1.89	0	0:01:15.767671
6020	0	1.89	0	0:01:16.083295
6040	0	1.89	0	0:01:16.083682
6060	0	1.89	0	0:01:15.735746
6080	0	1.89	0	0:01:16.749722
6100	0	1.89	0	0:01:16.074412
6120	0	1.89	0	0:01:16.048089
6140	0	1.89	0	0:01:16.807937
6160	0	1.89	0	0:01:15.811848
6180	0	1.89	0	0:01:16.027098
6200	0	1.89	0	0:01:16.016093
6220	0	1.89	0	0:01:15.745608
6240	0	1.89	0	0:01:16.024853
6260	0	1.89	0	0:01:16.003081
6280	0	1.89	0	0:01:15.785420
6300	0	1.89	0	0:01:16.397946
6320	0	1.72	0	0:01:16.203684
6340	0	1.89	0	0:01:16.106417
6360	0	1.89	0	0:01:16.585302
6380	0	1.89	0	0:01:15.786329
6400	0	1.89	0	0:01:17.736711
6420	0	1.51	0	0:01:17.638277
6440	0	1.89	0	0:01:15.872759
6460	0	1.89	0	0:01:16.071220
6480	0	1.89	0	0:01:15.992235
6500	0	1.89	0	0:01:15.678720
6520	0	1.89	0	0:01:16.522529
6540	0	1.89	0	0:01:15.738555
6560	0	1.89	0	0:01:17.106228
6580	0	1.89	0	0:01:15.997201
6600	1	1.55	1	0:01:15.729200
6620	0	0.407	0	0:01:15.981315
6640	0	1.84	0	0:01:15.953711
6660	0	1.89	0	0:01:15.714384
6680	0	1.89	0	0:01:16.055693
6700	0	1.89	0	0:01:16.378394
6720	0	1.89	0	0:01:17.005378
6740	0	1.89	0	0:01:16.446698
6760	0	1.89	0	0:01:16.483997
6780	0	1.58	0	0:01:16.002968
6800	0	1.89	0	0:01:16.316335
6820	1	0.287	1	0:01:15.648438
6840	0	1.89	0	0:01:16.035516
6860	0	1.89	0	0:01:16.028826
6880	0	1.89	0	0:01:15.742136
6900	0	1.89	0	0:01:16.003915
6920	0	1.89	0	0:01:16.676098
6940	1	1.19	1	0:01:15.741439
6960	0	1.89	0	0:01:16.139891
6980	0	1.89	0	0:01:16.089864
7000	0	1.89	0	0:01:16.077044
7020	0	0.29	0	0:01:16.924457
7040	0	1.89	0	0:01:15.919343
7060	0	1.19	0	0:01:16.022415
7080	0	1.89	0	0:01:16.083921
7100	0	1.89	0	0:01:15.892476
7120	0	1.58	0	0:01:15.977433
7140	0	1.89	0	0:01:16.098528
7160	0	1.89	0	0:01:16.164606
7180	0	1.89	0	0:01:15.943483
7200	0	1.89	0	0:01:15.968749
7220	0	1.89	0	0:01:16.739052
7240	0	1.89	0	0:01:16.121351
7260	0	1.89	0	0:01:15.811647
7280	0	1.89	0	0:01:16.263237
7300	0	1.89	0	0:01:16.113355
7320	0	1.89	0	0:01:15.767623
7340	0	1.89	0	0:01:16.149332
7360	0	1.89	0	0:01:16.045289
7380	0	1.89	0	0:01:16.090267
7400	0	1.89	0	0:01:16.551280
7420	0	1.89	0	0:01:16.553033
7440	0	1.89	0	0:01:16.136057
7460	0	1.89	0	0:01:17.215724
7480	0	1.89	0	0:01:15.940052
7500	1	0.836	1	0:01:16.156925
7520	0	1.89	0	0:01:16.154025
7540	0	0.961	0	0:01:15.733075
7560	0	1.89	0	0:01:16.263968
7580	0	1.89	0	0:01:16.590066
7600	0	1.89	0	0:01:16.330146
7620	0	1.89	0	0:01:16.149253
7640	0	1.89	0	0:01:16.112396
7660	0	1.89	0	0:01:16.134156
7680	0	1.89	0	0:01:16.127285
7700	0	1.89	0	0:01:15.840323
7720	0	1.89	0	0:01:16.201077
7740	0	1.89	0	0:01:16.210773
7760	0	1.89	0	0:01:16.161842
7780	0	1.89	0	0:01:16.116527
7800	0	1.89	0	0:01:15.865283
7820	0	1.89	0	0:01:16.118927
7840	1	1.22	1	0:01:16.973971
7860	0	1.89	0	0:01:15.828209
7880	0	1.89	0	0:01:16.157228
7900	0	1.89	0	0:01:16.758755
7920	0	1.89	0	0:01:17.249297
7940	0	1.89	0	0:01:16.991147
7960	0	1.89	0	0:01:16.311389
7980	0	1.89	0	0:01:16.106415
8000	0	1.89	0	0:01:16.078397
8020	0	1.89	0	0:01:15.878670
8040	0	1.89	0	0:01:16.435493
8060	0	1.89	0	0:01:18.369492
8080	0	1.89	0	0:01:15.784304
8100	0	1.89	0	0:01:16.049411
8120	0	1.89	0	0:01:15.966411
8140	0	1.89	0	0:01:16.038205
8160	0	1.89	0	0:01:17.403711
8180	0	1.89	0	0:01:17.360227
8200	0	1.89	0	0:01:17.302728
8220	0	1.89	0	0:01:16.117492
8240	0	0.785	0	0:01:15.786065
8260	0	0.536	0	0:01:16.036845
8280	0	1.89	0	0:01:16.277669
8300	0	1.89	0	0:01:16.068851
8320	0	1.89	0	0:01:15.922218
8340	0	1.89	0	0:01:16.392118
8360	0	1.86	0	0:01:16.015776
8380	0	1.89	0	0:01:15.946410
8400	0	1.89	0	0:01:15.780251
8420	0	1.89	0	0:01:16.157255
8440	0	1.89	0	0:01:16.210829
8460	0	1.89	0	0:01:15.768632
8480	0	1.89	0	0:01:16.981723
8500	0	1.89	0	0:01:16.267511
8520	0	1.89	0	0:01:17.432130
8540	0	1.89	0	0:01:16.839448
8560	0	1.89	0	0:01:16.799394
8580	0	1.89	0	0:01:17.327402
8600	0	1.89	0	0:01:18.960792
8620	0	1.89	0	0:01:15.719783
8640	0	1.89	0	0:01:16.902422
8660	0	1.89	0	0:01:17.255857
8680	0	1.89	0	0:01:17.560467
8700	0	1.89	0	0:01:16.920480
8720	0	1.89	0	0:01:15.842199
8740	0	1.89	0	0:01:16.941577
8760	0	0.96	0	0:01:19.022040
8780	0	1.89	0	0:01:15.865092
8800	0	0.769	0	0:01:15.942953
8820	0	0.529	0	0:01:16.052561
8840	0	1.89	0	0:01:16.043597
8860	0	1.89	0	0:01:16.097058
8880	0	1.89	0	0:01:16.052623
8900	0	1.89	0	0:01:16.074298
8920	0	1.89	0	0:01:15.980792
8940	0	1.89	0	0:01:15.730727
8960	0	1.89	0	0:01:15.931298
8980	0	0.242	0	0:01:16.059047
9000	1	0.147	1	0:01:15.914937
9020	0	1.57	0	0:01:16.062270
9040	0	1.89	0	0:01:16.174086
9060	0	1.77	0	0:01:16.227906
9080	0	1.89	0	0:01:16.130691
9100	0	1.89	0	0:01:15.784570
9120	0	1.89	0	0:01:16.101720
9140	0	1.89	0	0:01:16.069240
9160	0	1.89	0	0:01:15.718136
9180	0	1.86	0	0:01:16.063548
9200	0	1.89	0	0:01:17.110310
9220	0	1.14	0	0:01:16.325402
9240	0	1.89	0	0:01:15.886109
9260	0	1.89	0	0:01:16.336170
9280	0	1.89	0	0:01:16.092629
9300	0	1.89	0	0:01:17.469050
9320	0	0.995	0	0:01:16.853429
9340	-1	0.0	1	0:01:17.624336
9360	0	1.89	0	0:01:17.230684
9380	0	1.89	0	0:01:16.097824
9400	0	1.89	0	0:01:15.656078
9420	0	1.89	0	0:01:16.097727
9440	0	0.0606	0	0:01:16.128959
9460	0	1.89	0	0:01:16.352235
9480	0	1.89	0	0:01:15.790479
9500	0	1.89	0	0:01:15.986457
9520	0	1.52	0	0:01:15.919388
9540	0	1.89	0	0:01:15.787148
9560	0	1.75	0	0:01:16.063559
9580	0	1.89	0	0:01:17.863062
9600	0	1.89	0	0:01:17.818485
9620	0	1.89	0	0:01:16.159363
9640	0	1.89	0	0:01:15.938883
9660	1	0.482	1	0:01:16.137383
9680	0	1.89	0	0:01:16.120293
9700	0	1.89	0	0:01:15.709701
9720	0	1.89	0	0:01:16.159229
9740	0	1.89	0	0:01:16.212453
9760	0	1.89	0	0:01:16.049349
9780	0	1.89	0	0:01:15.871222
9800	1	1.86	1	0:01:16.123712
9820	0	1.89	0	0:01:17.308249
9840	0	1.89	0	0:01:16.819595
9860	0	1.89	0	0:01:18.341907
9880	0	1.84	0	0:01:17.801736
9900	0	1.89	0	0:01:17.913389
9920	0	1.89	0	0:01:17.523109
9940	0	1.89	0	0:01:16.274608
9960	0	0.7	0	0:01:16.231946
9980	-1	0.0	0	0:01:16.461752
