idx	mean	std	min	25 percentile	50 percentile	75 percentile	max
0	0.7649	0.06857	0.4939	0.7252	0.7727	0.8112	0.9351
20	0.5633	0.1425	0.09502	0.4842	0.5881	0.665	0.8746
40	0.5267	0.08635	0.1919	0.4786	0.5338	0.5817	0.8042
60	0.276	0.09991	0.04916	0.202	0.2653	0.34	0.6116
80	0.2872	0.06783	0.1054	0.2405	0.2882	0.3339	0.514
100	0.7113	0.04072	0.5659	0.6897	0.714	0.7373	0.8832
120	0.3659	0.1074	0.1218	0.2863	0.3623	0.4422	0.6543
140	0.6822	0.07826	0.3028	0.6424	0.6952	0.7374	0.837
160	0.1807	0.08207	0.0324	0.1182	0.1665	0.2245	0.5124
180	0.09569	0.05836	0.01086	0.05702	0.08225	0.1185	0.4333
200	0.4424	0.04999	0.2685	0.4139	0.4453	0.4719	0.6226
220	0.1139	0.06502	0.01329	0.06809	0.09893	0.1431	0.3875
240	0.02673	0.01163	0.00883	0.01908	0.0245	0.03139	0.147
260	0.536	0.1049	0.08714	0.4999	0.5602	0.6072	0.7415
280	0.07308	0.04032	0.01271	0.04447	0.06411	0.09094	0.3191
300	0.4917	0.1199	0.1842	0.404	0.5057	0.5835	0.7413
320	0.6196	0.05739	0.4238	0.5837	0.6232	0.6628	0.7471
340	0.6715	0.04541	0.3651	0.6496	0.6809	0.7021	0.7791
360	0.7018	0.1472	0.1672	0.6288	0.7482	0.8151	0.8932
380	0.6177	0.06977	0.3222	0.5757	0.6144	0.6579	0.8564
400	0.1168	0.06921	0.01355	0.06701	0.09627	0.1492	0.3273
420	0.6082	0.09635	0.2324	0.5482	0.6179	0.6745	0.8479
440	0.1727	0.06334	0.0449	0.1275	0.1622	0.207	0.4165
460	0.3776	0.09719	0.09458	0.3134	0.3843	0.4436	0.6409
480	0.3648	0.1004	0.05721	0.2976	0.3809	0.4444	0.5652
500	0.6437	0.08867	0.3005	0.59	0.6538	0.7061	0.864
520	0.252	0.0998	0.02475	0.1744	0.2587	0.3375	0.5338
540	0.312	0.07335	0.155	0.2578	0.3027	0.3585	0.5375
560	0.06564	0.03345	0.01244	0.0427	0.05844	0.08204	0.22
580	0.5429	0.04319	0.3876	0.5164	0.5428	0.5692	0.6934
600	0.3327	0.1646	0.03236	0.1994	0.3132	0.4522	0.7906
620	0.7086	0.0654	0.3451	0.6792	0.7245	0.7537	0.8061
640	0.3612	0.05765	0.1862	0.3213	0.3589	0.3959	0.5869
660	0.1563	0.06918	0.03701	0.1087	0.1433	0.1899	0.5235
680	0.5558	0.09133	0.2556	0.4984	0.5646	0.6222	0.7911
700	0.2193	0.1369	0.03117	0.121	0.1844	0.2784	0.7902
720	0.6561	0.08779	0.3319	0.6125	0.6692	0.7135	0.8757
740	0.5121	0.06914	0.2451	0.4662	0.5112	0.5592	0.7314
760	0.5797	0.1151	0.1991	0.5034	0.5948	0.6626	0.8801
780	0.3354	0.1018	0.114	0.2668	0.3282	0.3952	0.8505
800	0.01739	0.008645	0.003764	0.01137	0.0155	0.02155	0.086
820	0.7555	0.09255	0.3071	0.7201	0.7843	0.8181	0.8848
840	0.002231	0.002002	0.0002822	0.001065	0.00167	0.002699	0.02237
860	0.4662	0.06389	0.2537	0.425	0.4718	0.5127	0.622
880	0.1431	0.06114	0.02461	0.0972	0.1369	0.1817	0.3302
900	0.6029	0.05656	0.4031	0.5652	0.6057	0.6458	0.7327
920	0.7557	0.04541	0.5814	0.7298	0.7598	0.7847	0.8723
940	0.1038	0.06273	0.01496	0.0572	0.08815	0.1335	0.3829
960	0.516	0.1294	0.138	0.434	0.5128	0.6088	0.8643
980	0.4706	0.06231	0.2396	0.4288	0.4751	0.516	0.6587
1000	0.08563	0.03202	0.02447	0.06219	0.08027	0.1033	0.2307
1020	0.175	0.06846	0.05119	0.1275	0.1623	0.2113	0.6151
1040	0.3349	0.06351	0.132	0.2943	0.3416	0.3779	0.4876
1060	0.06655	0.05036	0.007737	0.03419	0.05247	0.08215	0.5825
1080	0.3759	0.1117	0.0922	0.2942	0.3804	0.4567	0.7176
1100	0.407	0.1189	0.04456	0.3374	0.4264	0.4877	0.7591
1120	0.6742	0.06167	0.4228	0.6327	0.678	0.7179	0.8594
1140	0.5766	0.0546	0.3788	0.5445	0.5756	0.6102	0.8158
1160	0.3605	0.1155	0.06369	0.291	0.3639	0.4394	0.6423
1180	0.5822	0.1124	0.1818	0.5116	0.595	0.6695	0.8321
1200	0.1872	0.09557	0.01495	0.1108	0.174	0.2627	0.5644
1220	0.8292	0.06231	0.2932	0.8027	0.8383	0.8701	0.9447
1240	0.4439	0.1038	0.1574	0.3692	0.4418	0.5166	0.7429
1260	0.2696	0.04436	0.08116	0.2475	0.2863	0.3037	0.3188
1280	0.4576	0.0847	0.1115	0.4059	0.462	0.514	0.6672
1300	0.6755	0.06672	0.3389	0.6436	0.6922	0.7219	0.8082
1320	0.52	0.09544	0.05596	0.4751	0.5432	0.5872	0.7821
1340	0.00609	0.006535	0.0005892	0.002656	0.0042	0.007115	0.08513
1360	0.5098	0.1239	0.1421	0.4218	0.5123	0.6065	0.8073
1380	0.4784	0.09616	0.2044	0.4105	0.481	0.5438	0.7299
1400	0.6558	0.05107	0.4361	0.6243	0.6576	0.6915	0.7787
1420	0.529	0.06748	0.2048	0.4893	0.5343	0.5722	0.6944
1440	0.4811	0.1189	0.1626	0.3975	0.4838	0.5635	0.7847
1460	0.537	0.09245	0.2189	0.4721	0.5393	0.6003	0.789
1480	0.5268	0.1797	0.04257	0.3944	0.5425	0.6696	0.9059
1500	0.2494	0.05244	0.0775	0.2119	0.2484	0.2874	0.4549
1520	0.4743	0.1352	0.1186	0.3744	0.4747	0.5811	0.7872
1540	0.09282	0.05749	0.01702	0.05545	0.07809	0.1139	0.5581
1560	0.0008873	0.0006553	0.0001459	0.0004685	0.0007119	0.001086	0.007101
1580	0.5646	0.2013	0.09403	0.3931	0.5919	0.7474	0.8817
1600	0.6352	0.1275	0.2835	0.546	0.6316	0.7346	0.9491
1620	0.7469	0.1129	0.2962	0.6793	0.7728	0.8339	0.9236
1640	0.464	0.09259	0.1656	0.4039	0.4806	0.5321	0.6712
1660	0.5521	0.07568	0.2423	0.5016	0.5548	0.6054	0.737
1680	0.2365	0.06717	0.07399	0.188	0.2276	0.2753	0.4736
1700	0.6447	0.05855	0.3589	0.6157	0.6561	0.6841	0.8016
1720	0.6364	0.05554	0.3703	0.6002	0.6411	0.6778	0.7467
1740	0.2968	0.06881	0.04311	0.2603	0.3131	0.3401	0.5143
1760	0.4678	0.08945	0.2184	0.4023	0.4514	0.5185	0.8472
1780	0.4965	0.1182	0.0947	0.4233	0.4976	0.5757	0.7864
1800	0.606	0.07271	0.345	0.56	0.609	0.6509	0.8378
1820	0.4306	0.08622	0.08214	0.383	0.4457	0.4922	0.6897
1840	0.768	0.0847	0.2851	0.7168	0.7822	0.8299	0.968
1860	0.02467	0.02768	0.002175	0.00964	0.01596	0.02847	0.2831
1880	0.1029	0.08835	0.01335	0.04731	0.07429	0.1236	0.6409
1900	0.01721	0.01158	0.003364	0.01003	0.01419	0.02076	0.1308
1920	0.166	0.08691	0.01442	0.1005	0.1461	0.2127	0.5354
1940	0.1332	0.05448	0.02785	0.09262	0.1259	0.1673	0.3266
1960	0.3337	0.08939	0.1248	0.2656	0.3256	0.3924	0.7079
1980	0.03839	0.01633	0.01025	0.02762	0.03486	0.04548	0.1747
2000	0.4794	0.1452	0.1073	0.3624	0.504	0.5902	0.8253
2020	0.06244	0.03685	0.01182	0.03906	0.05353	0.07289	0.2827
2040	0.3175	0.04122	0.1163	0.3005	0.3213	0.3388	0.5146
2060	0.3408	0.04165	0.1891	0.3172	0.3458	0.3668	0.4887
2080	0.3512	0.1439	0.06539	0.244	0.3347	0.4339	0.8656
2100	0.5326	0.05676	0.2872	0.5016	0.5396	0.5712	0.704
2120	0.4986	0.1433	0.0507	0.4029	0.5174	0.6174	0.7687
2140	0.03487	0.02824	0.002573	0.01721	0.02685	0.04228	0.2505
2160	0.224	0.05804	0.07898	0.1835	0.2243	0.2661	0.3787
2180	0.5061	0.0689	0.2714	0.4594	0.5112	0.5525	0.7251
2200	0.2774	0.06051	0.1192	0.2324	0.2812	0.3237	0.4796
2220	0.08072	0.02431	0.02506	0.06405	0.07703	0.09313	0.2044
2240	0.2793	0.09036	0.06934	0.2136	0.2704	0.3414	0.6165
2260	0.7294	0.06463	0.5199	0.686	0.7358	0.7751	0.8836
2280	0.7541	0.08557	0.3014	0.7147	0.7723	0.8153	0.8942
2300	0.7165	0.04992	0.4857	0.6867	0.7152	0.7462	0.8923
2320	0.6365	0.08973	0.2463	0.5832	0.6434	0.7028	0.816
2340	0.05771	0.04207	0.009189	0.03084	0.04545	0.0693	0.4553
2360	0.3519	0.1491	0.05048	0.2379	0.3497	0.4661	0.718
2380	0.2817	0.09651	0.07094	0.2055	0.2824	0.3519	0.5915
2400	0.06492	0.08456	0.001918	0.01497	0.03242	0.07601	0.5441
2420	0.6628	0.1581	0.1054	0.5639	0.7061	0.7859	0.9178
2440	0.4209	0.1826	0.06527	0.2712	0.3984	0.5693	0.8481
2460	0.7245	0.07713	0.4199	0.6801	0.7365	0.7782	0.924
2480	0.213	0.1217	0.02	0.1252	0.184	0.2685	0.7758
2500	0.5452	0.03468	0.4333	0.5222	0.5446	0.5679	0.6844
2520	0.6618	0.1055	0.1681	0.6103	0.6807	0.7365	0.8571
2540	0.594	0.1066	0.2866	0.5239	0.6018	0.6763	0.8509
2560	0.7252	0.1281	0.1591	0.6883	0.7645	0.8048	0.9441
2580	0.4859	0.1435	0.1021	0.3809	0.4988	0.5974	0.8453
2600	0.09458	0.03822	0.02661	0.06883	0.0878	0.1128	0.3799
2620	0.6699	0.1862	0.1572	0.5379	0.7371	0.8223	0.923
2640	0.171	0.09253	0.02309	0.1028	0.1506	0.2156	0.5898
2660	0.6445	0.05224	0.398	0.6223	0.6537	0.6803	0.7441
2680	0.01565	0.009407	0.002609	0.0095	0.01349	0.01906	0.09527
2700	0.5108	0.1409	0.1026	0.408	0.5035	0.6135	0.864
2720	0.8341	0.05311	0.6075	0.8018	0.8368	0.8731	0.9484
2740	0.5995	0.1205	0.2612	0.5186	0.599	0.6893	0.9007
2760	0.4827	0.07668	0.2136	0.4335	0.4925	0.5411	0.6657
2780	0.0283	0.01792	0.004221	0.01698	0.02398	0.03418	0.1897
2800	0.6089	0.05697	0.3431	0.5766	0.6159	0.6457	0.7451
2820	0.174	0.05806	0.05944	0.1322	0.1662	0.2047	0.4231
2840	0.07851	0.03197	0.02638	0.05635	0.0721	0.09347	0.2548
2860	0.7175	0.07253	0.3735	0.6861	0.7308	0.7639	0.8786
2880	0.1966	0.03634	0.1045	0.1709	0.194	0.2195	0.3539
2900	0.4806	0.08475	0.1726	0.43	0.4885	0.5441	0.7101
2920	0.4693	0.1163	0.1917	0.3834	0.4646	0.5489	0.8098
2940	0.5691	0.1089	0.1289	0.5155	0.604	0.6477	0.7468
2960	0.3728	0.08544	0.1377	0.3104	0.3689	0.431	0.7251
2980	0.4246	0.122	0.08636	0.3439	0.4269	0.4979	0.8439
3000	0.08638	0.04374	0.01486	0.0545	0.07587	0.1097	0.3078
3020	0.2233	0.1181	0.02411	0.126	0.208	0.3105	0.6842
3040	0.003674	0.002274	0.0004413	0.002111	0.003089	0.004502	0.01622
3060	0.08103	0.05342	0.008525	0.04565	0.06702	0.1003	0.5703
3080	0.746	0.1447	0.2343	0.687	0.795	0.8498	0.9458
3100	0.2593	0.05702	0.1209	0.2199	0.2542	0.2895	0.481
3120	0.5494	0.05442	0.3168	0.5147	0.5543	0.5838	0.7088
3140	0.1423	0.07999	0.01628	0.08384	0.125	0.1809	0.4982
3160	0.5327	0.06998	0.3314	0.4874	0.5303	0.573	0.7597
3180	0.8158	0.06941	0.3677	0.7881	0.8275	0.8606	0.9364
3200	0.3752	0.1233	0.09305	0.2921	0.3746	0.4504	0.8174
3220	0.5758	0.06569	0.2789	0.5448	0.5856	0.6184	0.7574
3240	0.8846	0.05052	0.5574	0.8593	0.8959	0.921	0.9645
3260	0.07297	0.1004	0.001809	0.01638	0.0347	0.07837	0.5573
3280	0.3731	0.06965	0.1429	0.3279	0.3711	0.4165	0.6324
3300	0.6438	0.1014	0.2216	0.6053	0.6755	0.7107	0.8734
3320	0.3142	0.1264	0.05636	0.2204	0.3002	0.3941	0.796
3340	0.6316	0.0545	0.4061	0.6007	0.6365	0.669	0.7861
3360	0.5912	0.05279	0.3173	0.5645	0.595	0.6265	0.7617
3380	0.1261	0.08857	0.01773	0.06529	0.1013	0.1548	0.7036
3400	0.5167	0.1501	0.119	0.4036	0.5417	0.6374	0.8201
3420	0.7813	0.02673	0.6588	0.7652	0.7818	0.7975	0.8981
3440	0.7635	0.05062	0.5303	0.7369	0.7678	0.7986	0.8851
3460	0.1161	0.07214	0.03291	0.07106	0.09465	0.1329	0.5732
3480	0.0824	0.03263	0.0246	0.05922	0.07707	0.0993	0.2217
3500	0.404	0.1369	0.09787	0.3045	0.3942	0.4899	0.8857
3520	0.004233	0.003656	0.0005575	0.001962	0.003125	0.005086	0.02545
3540	0.6408	0.08456	0.3337	0.5881	0.652	0.7028	0.8625
3560	0.4698	0.08882	0.1458	0.4183	0.4836	0.5337	0.6694
3580	0.8362	0.06579	0.3653	0.8081	0.8479	0.8797	0.9583
3600	0.4802	0.1375	0.1114	0.3768	0.4797	0.589	0.7981
3620	0.6625	0.1269	0.2387	0.5986	0.6963	0.7548	0.8571
3640	0.6083	0.07895	0.2776	0.5651	0.6209	0.6647	0.7634
3660	0.3086	0.04012	0.1383	0.2859	0.317	0.3329	0.4202
3680	0.7235	0.04889	0.5434	0.692	0.7273	0.7563	0.8488
3700	0.4285	0.05776	0.2243	0.3908	0.4268	0.4679	0.58
3720	0.1687	0.07655	0.0411	0.1142	0.1567	0.2052	0.6072
3740	0.1243	0.05271	0.0208	0.08509	0.1156	0.1555	0.3062
3760	0.04282	0.0196	0.008291	0.02895	0.0391	0.05242	0.1687
3780	0.621	0.05333	0.4194	0.5843	0.6218	0.659	0.7697
3800	0.6175	0.1217	0.211	0.5372	0.639	0.7077	0.8639
3820	0.4101	0.07381	0.2232	0.3568	0.4064	0.456	0.7149
3840	0.5219	0.05843	0.3129	0.4857	0.528	0.5634	0.673
3860	0.005456	0.006495	0.0004569	0.002454	0.003877	0.006122	0.09637
3880	0.6579	0.06305	0.3007	0.6344	0.6743	0.6989	0.7785
3900	0.4671	0.08751	0.2042	0.4075	0.4648	0.5336	0.705
3920	0.5659	0.1418	0.1162	0.4623	0.5813	0.6722	0.8516
3940	0.7751	0.05	0.4089	0.7544	0.7815	0.8039	0.906
3960	0.4068	0.07448	0.187	0.359	0.4139	0.4594	0.5756
3980	0.594	0.1269	0.1668	0.5146	0.6156	0.6902	0.8208
4000	0.7723	0.0911	0.222	0.7273	0.7944	0.8365	0.9348
4020	0.2673	0.08123	0.07265	0.2083	0.2568	0.3149	0.5589
4040	0.03765	0.03324	0.003703	0.01732	0.02798	0.04402	0.3021
4060	0.5398	0.06732	0.2642	0.505	0.5397	0.5848	0.7458
4080	0.2863	0.09978	0.06096	0.2099	0.2726	0.3542	0.6551
4100	0.006552	0.003794	0.001452	0.004192	0.005708	0.007718	0.05035
4120	0.3675	0.1052	0.1222	0.2912	0.3752	0.4407	0.6626
4140	0.1547	0.05955	0.03466	0.1099	0.1463	0.193	0.4097
4160	0.6459	0.05621	0.2668	0.6193	0.6552	0.6828	0.7578
4180	0.4045	0.07979	0.1312	0.3532	0.3969	0.4501	0.67
4200	0.4743	0.04531	0.3436	0.4414	0.47	0.5059	0.6436
4220	0.1309	0.05507	0.03712	0.09079	0.1196	0.1616	0.3895
4240	0.5337	0.1113	0.0744	0.4719	0.5529	0.6092	0.7529
4260	0.1956	0.1076	0.01144	0.1075	0.1766	0.2753	0.4848
4280	0.4643	0.08554	0.1143	0.4217	0.485	0.5242	0.6104
4300	0.2268	0.07849	0.0665	0.1683	0.2133	0.2701	0.5216
4320	0.4373	0.08149	0.1552	0.3919	0.4554	0.4989	0.6438
4340	0.2274	0.06698	0.05995	0.1759	0.2242	0.2803	0.5237
4360	0.4663	0.06692	0.1891	0.4302	0.4768	0.5116	0.6124
4380	0.1947	0.09691	0.02138	0.1177	0.1787	0.2572	0.6042
4400	0.7972	0.05461	0.6126	0.7614	0.8003	0.8337	0.9582
4420	0.8146	0.07139	0.4863	0.7764	0.834	0.8644	0.9445
4440	0.6522	0.09507	0.1725	0.6136	0.6705	0.7147	0.8362
4460	0.2052	0.1189	0.03169	0.1142	0.1762	0.2734	0.6974
4480	0.1983	0.1013	0.05306	0.1304	0.1729	0.2376	0.7157
4500	0.5536	0.0713	0.3545	0.5031	0.5537	0.6008	0.7849
4520	0.5383	0.08358	0.2392	0.4846	0.5438	0.6023	0.732
4540	0.04561	0.0198	0.01043	0.0319	0.04111	0.05621	0.1706
4560	0.1402	0.09129	0.02261	0.07861	0.1117	0.169	0.6335
4580	0.5019	0.06553	0.2452	0.4626	0.5018	0.5421	0.8182
4600	0.5295	0.07686	0.2777	0.479	0.5253	0.5805	0.8065
4620	0.4324	0.08614	0.1827	0.3746	0.4369	0.4944	0.7062
4640	0.666	0.04564	0.2757	0.6499	0.674	0.6958	0.7604
4660	0.7899	0.0449	0.5366	0.7653	0.7957	0.8175	0.9584
4680	0.1902	0.0962	0.01877	0.1048	0.1826	0.2811	0.6267
4700	0.8272	0.0665	0.3794	0.7942	0.8345	0.8715	0.9568
4720	0.1922	0.07645	0.02392	0.1314	0.1897	0.2552	0.4388
4740	0.5944	0.06611	0.3999	0.5517	0.5964	0.6425	0.7542
4760	0.6941	0.05756	0.5062	0.6565	0.6956	0.7299	0.8985
4780	0.3492	0.1384	0.0709	0.2418	0.3296	0.4415	0.761
4800	0.007243	0.003354	0.001473	0.004932	0.006468	0.008708	0.02801
4820	0.4548	0.07402	0.1687	0.4085	0.4565	0.5052	0.769
4840	0.01319	0.01523	0.0007388	0.004721	0.008788	0.0153	0.1673
4860	0.2894	0.05913	0.1282	0.2483	0.2888	0.3279	0.4813
4880	0.5991	0.1064	0.1682	0.5408	0.6144	0.6731	0.7866
4900	0.4512	0.1487	0.09313	0.3412	0.4681	0.5746	0.7606
4920	0.3089	0.1179	0.03565	0.2236	0.3149	0.3968	0.6487
4940	0.5567	0.05592	0.305	0.5297	0.5645	0.5916	0.6942
4960	0.6385	0.04784	0.4453	0.6136	0.6443	0.6712	0.7592
4980	0.1983	0.06955	0.05935	0.1473	0.1866	0.2394	0.5081
5000	0.01162	0.005907	0.003114	0.008026	0.0105	0.01393	0.1133
5020	0.1357	0.05675	0.03839	0.09417	0.1245	0.1669	0.4452
5040	0.335	0.1185	0.07597	0.2506	0.3246	0.4122	0.6794
5060	0.6519	0.08273	0.281	0.5994	0.6634	0.7115	0.8463
5080	0.09521	0.05586	0.01514	0.0572	0.08079	0.1163	0.4889
5100	0.3615	0.1031	0.1167	0.2853	0.3518	0.4276	0.7073
5120	0.3433	0.1099	0.06472	0.2638	0.3407	0.4137	0.6676
5140	0.1697	0.06571	0.0416	0.1219	0.1606	0.2126	0.4121
5160	0.4028	0.08553	0.1206	0.3438	0.4103	0.4708	0.5921
5180	0.835	0.08827	0.442	0.7998	0.8559	0.8966	0.9761
5200	0.1607	0.03802	0.06898	0.1337	0.1564	0.1855	0.3185
5220	0.3737	0.1169	0.06837	0.2891	0.3674	0.452	0.6927
5240	0.5209	0.1345	0.09615	0.4303	0.5199	0.6144	0.8742
5260	0.04714	0.0193	0.01315	0.034	0.04355	0.05698	0.1621
5280	0.4592	0.1324	0.07087	0.3759	0.4757	0.5624	0.7015
5300	0.2168	0.07885	0.05067	0.1601	0.2079	0.2674	0.5065
5320	0.02951	0.03537	0.001399	0.00988	0.01799	0.03358	0.2993
5340	0.5229	0.0899	0.2229	0.4604	0.5217	0.5874	0.7704
5360	0.1422	0.08282	0.01495	0.07768	0.1201	0.193	0.5115
5380	0.1053	0.04692	0.03061	0.07269	0.09449	0.1247	0.3138
5400	0.3255	0.1335	0.05834	0.2142	0.3186	0.4353	0.6499
5420	0.4097	0.06312	0.1137	0.3754	0.415	0.4502	0.5702
5440	0.004336	0.002991	0.0007277	0.002497	0.003609	0.005482	0.03182
5460	0.2816	0.1483	0.03541	0.1601	0.2612	0.3873	0.7357
5480	0.5333	0.1925	0.1368	0.3771	0.5162	0.6865	0.9468
5500	0.5081	0.08085	0.1986	0.4661	0.5164	0.5614	0.7638
5520	0.626	0.04791	0.4203	0.6004	0.6324	0.6618	0.7172
5540	0.7164	0.05039	0.4569	0.6979	0.7267	0.7477	0.8419
5560	0.5579	0.047	0.2837	0.5417	0.5671	0.5881	0.654
5580	0.5051	0.04798	0.2906	0.4802	0.5144	0.5381	0.6176
5600	0.8818	0.06699	0.5223	0.8454	0.8985	0.9322	0.979
5620	0.4934	0.0552	0.3399	0.4557	0.4915	0.5312	0.6613
5640	0.5318	0.06953	0.2987	0.4887	0.5322	0.579	0.715
5660	0.4025	0.1203	0.1043	0.3101	0.4099	0.4951	0.7089
5680	0.5412	0.1307	0.1833	0.4499	0.5485	0.6435	0.8194
5700	0.6831	0.05469	0.5076	0.6465	0.6856	0.7213	0.8381
5720	0.03149	0.02446	0.005613	0.01675	0.02467	0.03835	0.2669
5740	0.4798	0.03998	0.314	0.4576	0.4868	0.507	0.5955
5760	0.5658	0.05977	0.3784	0.5229	0.5649	0.6028	0.7527
5780	0.05861	0.04185	0.008802	0.03263	0.04669	0.07122	0.3516
5800	0.5442	0.04628	0.3972	0.5136	0.5457	0.5734	0.7546
5820	0.7237	0.06416	0.502	0.6862	0.7279	0.7652	0.9004
5840	0.7204	0.06727	0.3765	0.69	0.7342	0.7625	0.8891
5860	0.4701	0.1035	0.1297	0.3995	0.4824	0.5433	0.798
5880	0.1719	0.07374	0.02528	0.1142	0.1668	0.2221	0.3826
5900	0.7223	0.04548	0.5498	0.6925	0.7202	0.7498	0.8742
5920	0.00102	0.00102	0.0001173	0.000519	0.0007806	0.001225	0.01958
5940	0.6206	0.09182	0.3071	0.5605	0.6309	0.6956	0.7973
5960	0.787	0.05429	0.5183	0.7586	0.7944	0.8209	0.9012
5980	0.01687	0.01573	0.002205	0.008068	0.01252	0.01962	0.1571
6000	0.5382	0.07156	0.224	0.5046	0.5484	0.5818	0.8155
6020	0.5803	0.1176	0.1776	0.4972	0.5832	0.6724	0.8359
6040	0.621	0.1371	0.1113	0.5495	0.6525	0.7223	0.8669
6060	0.7225	0.03417	0.5755	0.7011	0.7219	0.741	0.844
6080	0.2486	0.1078	0.045	0.1655	0.2265	0.328	0.7559
6100	0.2412	0.117	0.04627	0.1558	0.2167	0.2988	0.8165
6120	0.2461	0.07364	0.06484	0.1922	0.2454	0.2987	0.505
6140	0.0856	0.04485	0.01821	0.05548	0.0749	0.1038	0.5211
6160	0.5638	0.1053	0.2158	0.4958	0.5634	0.6336	0.841
6180	0.4822	0.1039	0.109	0.4322	0.5044	0.5505	0.7625
6200	0.4199	0.1188	0.1378	0.333	0.409	0.5034	0.7445
6220	0.6596	0.0492	0.3598	0.6361	0.6668	0.6919	0.7817
6240	0.684	0.07586	0.3291	0.6327	0.6859	0.7391	0.8598
6260	0.8663	0.08525	0.419	0.8375	0.8916	0.9247	0.9775
6280	0.6914	0.09078	0.3766	0.632	0.6991	0.7554	0.9347
6300	0.7135	0.1648	0.1812	0.5926	0.7507	0.8545	0.9521
6320	0.09663	0.06431	0.01196	0.053	0.08007	0.1233	0.5292
6340	0.4888	0.1184	0.1204	0.4093	0.4933	0.5694	0.8031
6360	0.5521	0.0576	0.326	0.5099	0.5555	0.5939	0.7069
6380	0.8133	0.05882	0.3986	0.779	0.8174	0.8526	0.9603
6400	0.5277	0.124	0.1138	0.4605	0.549	0.6185	0.7962
6420	0.0842	0.06553	0.009249	0.04275	0.06735	0.1044	0.6417
6440	0.7894	0.09383	0.3251	0.7434	0.8022	0.8577	0.9602
6460	0.713	0.1154	0.2117	0.6657	0.7384	0.7922	0.9207
6480	0.4106	0.1719	0.04561	0.2789	0.4072	0.5553	0.742
6500	0.7799	0.06639	0.3975	0.7541	0.7903	0.8199	0.9277
6520	0.4669	0.03721	0.3117	0.4431	0.4731	0.4947	0.5579
6540	0.1535	0.08129	0.03812	0.09696	0.1315	0.1905	0.6088
6560	0.4732	0.1205	0.144	0.3798	0.4822	0.5645	0.733
6580	0.7256	0.1039	0.2243	0.6694	0.7399	0.8039	0.932
6600	0.001719	0.001201	0.0003296	0.001034	0.001444	0.002082	0.0186
6620	0.02658	0.02784	0.002809	0.01112	0.01836	0.03209	0.3104
6640	0.08456	0.04343	0.01652	0.05253	0.07475	0.1065	0.3511
6660	0.2645	0.06567	0.08084	0.2182	0.2617	0.3097	0.5277
6680	0.4172	0.04541	0.236	0.3892	0.4173	0.4463	0.5447
6700	0.5912	0.1153	0.215	0.5099	0.6023	0.6767	0.8884
6720	0.4519	0.04748	0.2702	0.4239	0.4545	0.4834	0.6206
6740	0.5457	0.03118	0.4135	0.5264	0.5454	0.5642	0.6704
6760	0.3989	0.09805	0.1008	0.3335	0.4156	0.4749	0.5774
6780	0.04556	0.02139	0.01153	0.02967	0.04141	0.05764	0.1757
6800	0.5946	0.06429	0.2758	0.565	0.6029	0.6373	0.7412
6820	0.009134	0.0105	0.0008574	0.004435	0.006783	0.01057	0.2176
6840	0.1676	0.08155	0.02325	0.09689	0.16	0.2332	0.3324
6860	0.3286	0.08124	0.07102	0.2719	0.3291	0.3858	0.5158
6880	0.2879	0.1049	0.05596	0.2062	0.2825	0.3619	0.6755
6900	0.5467	0.1021	0.203	0.475	0.5522	0.62	0.8386
6920	0.3726	0.03873	0.2096	0.3488	0.3732	0.397	0.4887
6940	0.003228	0.001648	0.0007898	0.002165	0.002851	0.003914	0.019
6960	0.375	0.1044	0.05148	0.3142	0.3909	0.4435	0.7107
6980	0.5209	0.07513	0.2337	0.4741	0.532	0.5747	0.6718
7000	0.7552	0.06914	0.3944	0.713	0.7607	0.8025	0.9371
7020	0.02087	0.02194	0.001524	0.00928	0.01487	0.02422	0.3374
7040	0.5898	0.1073	0.255	0.526	0.5941	0.6601	0.848
7060	0.08227	0.07198	0.005869	0.03363	0.05681	0.1034	0.4269
7080	0.6367	0.07689	0.3818	0.5866	0.6361	0.6907	0.8434
7100	0.6856	0.07406	0.4188	0.6394	0.6936	0.7385	0.8401
7120	0.09641	0.07305	0.009166	0.048	0.07476	0.1215	0.4449
7140	0.6395	0.09291	0.3284	0.5778	0.6428	0.7104	0.8512
7160	0.3185	0.1496	0.05182	0.1987	0.2948	0.4196	0.772
7180	0.2758	0.09024	0.07326	0.2085	0.2622	0.3342	0.601
7200	0.664	0.04116	0.4163	0.645	0.6721	0.6908	0.756
7220	0.4045	0.104	0.07141	0.3414	0.4087	0.4687	0.8078
7240	0.4669	0.105	0.1612	0.3916	0.4647	0.5351	0.8548
7260	0.4677	0.09789	0.1693	0.3911	0.476	0.5545	0.6605
7280	0.3729	0.1796	0.03215	0.2345	0.3609	0.4911	0.9034
7300	0.7337	0.06831	0.4469	0.6992	0.7406	0.7792	0.9356
7320	0.2412	0.06324	0.0458	0.1987	0.2587	0.2958	0.3493
7340	0.5829	0.07839	0.3171	0.5305	0.5862	0.6389	0.8721
7360	0.7042	0.05358	0.4186	0.676	0.7128	0.7418	0.8622
7380	0.4273	0.1777	0.09107	0.2841	0.4044	0.5603	0.8878
7400	0.5291	0.06132	0.1424	0.5061	0.5431	0.5664	0.6502
7420	0.509	0.1014	0.1792	0.4471	0.5104	0.5777	0.8282
7440	0.6996	0.05534	0.4818	0.6684	0.7107	0.7399	0.8451
7460	0.1253	0.04535	0.02483	0.09172	0.1205	0.1545	0.3099
7480	0.5588	0.1312	0.1504	0.481	0.5838	0.6522	0.8486
7500	0.004101	0.003221	0.0004426	0.002004	0.003194	0.005379	0.03716
7520	0.5473	0.03826	0.3594	0.5232	0.5486	0.5733	0.6846
7540	0.04342	0.03062	0.003713	0.02222	0.03543	0.0555	0.2146
7560	0.5758	0.1365	0.2371	0.4797	0.5795	0.6762	0.9073
7580	0.2852	0.07839	0.0924	0.2295	0.2846	0.345	0.479
7600	0.645	0.1546	0.1861	0.5321	0.6608	0.7684	0.9501
7620	0.5749	0.08721	0.2472	0.5233	0.5863	0.6363	0.7692
7640	0.4324	0.1439	0.09915	0.3232	0.4348	0.5362	0.8742
7660	0.7581	0.07323	0.3188	0.7173	0.7677	0.8103	0.907
7680	0.5789	0.1121	0.09467	0.5435	0.6078	0.6522	0.7594
7700	0.2683	0.08524	0.08887	0.2093	0.2571	0.3189	0.6634
7720	0.6529	0.07438	0.2546	0.6091	0.6623	0.7055	0.8092
7740	0.6193	0.04885	0.4664	0.5879	0.6202	0.6541	0.7394
7760	0.6246	0.1283	0.1487	0.5524	0.6456	0.7176	0.8747
7780	0.4561	0.08336	0.11	0.4098	0.4657	0.5114	0.8378
7800	0.2599	0.06716	0.07606	0.2092	0.2634	0.3116	0.4391
7820	0.5274	0.08827	0.2348	0.4755	0.532	0.5916	0.7316
7840	0.003384	0.001588	0.0008363	0.002321	0.003031	0.003972	0.01651
7860	0.6344	0.1724	0.1443	0.5204	0.6592	0.7757	0.9361
7880	0.2643	0.1011	0.04482	0.1843	0.2578	0.3397	0.5576
7900	0.595	0.1319	0.1989	0.4993	0.612	0.6969	0.8635
7920	0.7111	0.1317	0.1678	0.6298	0.7304	0.8056	0.9662
7940	0.51	0.04462	0.3288	0.4823	0.5103	0.537	0.6687
7960	0.3247	0.143	0.02766	0.2122	0.319	0.4379	0.697
7980	0.6852	0.05637	0.4841	0.6506	0.6934	0.7263	0.8027
8000	0.1058	0.06915	0.02063	0.06078	0.08375	0.1274	0.4364
8020	0.6088	0.05251	0.4505	0.5737	0.6134	0.6449	0.738
8040	0.3207	0.1219	0.08129	0.2266	0.3029	0.4093	0.6405
8060	0.527	0.07418	0.2748	0.4754	0.5294	0.5781	0.7677
8080	0.6223	0.03774	0.5017	0.5952	0.6207	0.6472	0.7465
8100	0.4454	0.08937	0.1813	0.38	0.4487	0.5068	0.7378
8120	0.2449	0.09533	0.0496	0.1703	0.2344	0.3125	0.5157
8140	0.6769	0.06655	0.4005	0.6306	0.6787	0.7218	0.8696
8160	0.3184	0.1215	0.06596	0.2281	0.3005	0.3869	0.7846
8180	0.4832	0.02035	0.3872	0.471	0.4834	0.4949	0.6032
8200	0.7681	0.06372	0.3631	0.7393	0.7804	0.8088	0.9116
8220	0.7547	0.0708	0.3838	0.7183	0.7693	0.8035	0.9056
8240	0.03374	0.02476	0.004282	0.01756	0.02725	0.04234	0.2017
8260	0.02019	0.01309	0.003742	0.01185	0.01713	0.024	0.1459
8280	0.6246	0.07046	0.3979	0.5749	0.6243	0.6728	0.8375
8300	0.73	0.05382	0.4177	0.7101	0.7395	0.7618	0.8874
8320	0.7403	0.06427	0.5086	0.7006	0.7485	0.7881	0.8714
8340	0.3945	0.07607	0.2016	0.3403	0.3901	0.4402	0.6718
8360	0.1122	0.06239	0.02116	0.07204	0.09828	0.1342	0.5389
8380	0.1058	0.05091	0.02882	0.07125	0.09386	0.1246	0.3831
8400	0.46	0.06883	0.1367	0.4202	0.4675	0.5105	0.6084
8420	0.6309	0.05245	0.3981	0.5978	0.6329	0.6678	0.7783
8440	0.5202	0.07383	0.2667	0.4712	0.5174	0.5685	0.7739
8460	0.126	0.04988	0.03578	0.08951	0.1173	0.1515	0.4226
8480	0.8529	0.05393	0.379	0.8194	0.8587	0.8917	0.9628
8500	0.3587	0.03164	0.2479	0.3397	0.3567	0.3738	0.5435
8520	0.6044	0.1616	0.1729	0.489	0.6146	0.7313	0.9061
8540	0.5455	0.03274	0.425	0.5249	0.5462	0.5665	0.6677
8560	0.1519	0.09358	0.02498	0.08384	0.1258	0.1957	0.5917
8580	0.5926	0.08798	0.2926	0.5405	0.6032	0.6534	0.7929
8600	0.6372	0.08224	0.354	0.585	0.6496	0.7023	0.8307
8620	0.8422	0.05357	0.6806	0.8061	0.8444	0.8794	0.9702
8640	0.1969	0.08948	0.02783	0.1279	0.1888	0.2628	0.5083
8660	0.2241	0.1055	0.0324	0.1378	0.2076	0.2954	0.5416
8680	0.8697	0.06773	0.3958	0.8342	0.8824	0.9174	0.9727
8700	0.4706	0.0565	0.269	0.4315	0.4726	0.5079	0.6166
8720	0.0939	0.04125	0.02342	0.06323	0.08628	0.1135	0.4109
8740	0.6972	0.04439	0.492	0.67	0.7025	0.7301	0.8084
8760	0.04133	0.02898	0.005223	0.02174	0.03386	0.05253	0.3177
8780	0.5918	0.05952	0.3877	0.5542	0.5937	0.6341	0.765
8800	0.02799	0.01679	0.004273	0.01659	0.02374	0.03509	0.1464
8820	0.03651	0.03629	0.002337	0.01386	0.02409	0.04535	0.2545
8840	0.6441	0.1437	0.1028	0.58	0.6888	0.7475	0.8803
8860	0.2472	0.143	0.01929	0.1372	0.2114	0.3323	0.7263
8880	0.1065	0.05221	0.03107	0.07157	0.09442	0.1259	0.3934
8900	0.5713	0.05177	0.3223	0.5413	0.5729	0.6035	0.7422
8920	0.3881	0.07834	0.1584	0.3316	0.3822	0.4412	0.6482
8940	0.1814	0.06378	0.04082	0.1338	0.175	0.2273	0.3559
8960	0.1977	0.08374	0.02996	0.1365	0.1842	0.2453	0.5238
8980	0.01645	0.01286	0.002435	0.008772	0.0133	0.02006	0.1966
9000	0.009848	0.006003	0.001816	0.005925	0.00846	0.01226	0.0606
9020	0.08262	0.05918	0.01115	0.04395	0.06652	0.1032	0.4285
9040	0.3752	0.06734	0.1651	0.332	0.375	0.4214	0.6119
9060	0.4022	0.1436	0.02573	0.3064	0.4425	0.5165	0.6377
9080	0.5452	0.08183	0.2506	0.4923	0.5516	0.6012	0.7688
9100	0.5954	0.1676	0.08657	0.4904	0.6558	0.7233	0.8446
9120	0.709	0.07361	0.2963	0.6762	0.7241	0.7602	0.8596
9140	0.6206	0.2173	0.09693	0.4505	0.6583	0.8091	0.9676
9160	0.4897	0.07482	0.3056	0.4377	0.4779	0.532	0.7968
9180	0.1075	0.04159	0.02614	0.07702	0.1022	0.1326	0.2672
9200	0.1937	0.05041	0.07358	0.1574	0.1919	0.2248	0.391
9220	0.03821	0.02233	0.00656	0.02326	0.03287	0.04636	0.1745
9240	0.3474	0.1388	0.08758	0.2418	0.3271	0.4352	0.8889
9260	0.4288	0.06905	0.2048	0.3819	0.4351	0.48	0.6115
9280	0.5599	0.08677	0.2672	0.507	0.5669	0.6183	0.8225
9300	0.5416	0.07503	0.3116	0.4929	0.5476	0.5945	0.7438
9320	0.0563	0.04747	0.00457	0.02525	0.04056	0.07155	0.4142
9340	0.01091	0.00676	0.001975	0.006841	0.009521	0.01303	0.1143
9360	0.5792	0.1558	0.1321	0.4658	0.6311	0.7021	0.8898
9380	0.3747	0.06158	0.2113	0.3319	0.3657	0.411	0.5916
9400	0.5109	0.05289	0.2998	0.4793	0.5201	0.5449	0.6845
9420	0.3389	0.116	0.1016	0.2517	0.3315	0.4193	0.7427
9440	0.01715	0.01989	0.0005751	0.006394	0.01102	0.01938	0.2166
9460	0.7121	0.0764	0.2778	0.683	0.7283	0.761	0.8478
9480	0.5762	0.04954	0.3785	0.5469	0.5781	0.6064	0.7435
9500	0.4173	0.1424	0.06462	0.3194	0.4067	0.5128	0.8533
9520	0.06975	0.05064	0.01116	0.03466	0.05406	0.08861	0.3851
9540	0.3534	0.07992	0.08239	0.2968	0.349	0.4059	0.6026
9560	0.2135	0.1354	0.01415	0.1063	0.1805	0.2967	0.7139
9580	0.2918	0.1847	0.05372	0.1478	0.2297	0.4039	0.8278
9600	0.2691	0.05337	0.06144	0.2402	0.2854	0.3113	0.354
9620	0.5668	0.07404	0.286	0.5243	0.5771	0.6212	0.7312
9640	0.4748	0.1336	0.1277	0.3759	0.4777	0.5733	0.793
9660	0.006601	0.004499	0.001047	0.00367	0.005525	0.008213	0.03931
9680	0.2979	0.1073	0.05799	0.2099	0.2945	0.3785	0.5564
9700	0.3272	0.1244	0.07119	0.2343	0.3115	0.41	0.7081
9720	0.8427	0.1232	0.1655	0.8	0.8832	0.9259	0.9831
9740	0.5737	0.05973	0.307	0.54	0.5772	0.6134	0.7907
9760	0.6344	0.1125	0.1669	0.5598	0.6383	0.7184	0.8719
9780	0.4296	0.05726	0.25	0.3908	0.4342	0.4717	0.6212
9800	0.0008483	0.0005657	7.23e-05	0.0004888	0.0007009	0.001049	0.005316
9820	0.6112	0.1343	0.2018	0.5151	0.6072	0.7108	0.9265
9840	0.3529	0.09696	0.1149	0.2763	0.3606	0.433	0.5508
9860	0.7159	0.0565	0.4887	0.6827	0.7232	0.7532	0.8566
9880	0.2554	0.1656	0.01975	0.1253	0.2127	0.3613	0.719
9900	0.3456	0.09094	0.04656	0.2857	0.355	0.4044	0.6633
9920	0.3785	0.09024	0.1099	0.3135	0.3834	0.4457	0.6273
9940	0.6402	0.0627	0.2881	0.6066	0.6492	0.683	0.8105
9960	0.03743	0.02987	0.003143	0.01664	0.02821	0.04812	0.2092
9980	0.02034	0.02562	0.0007517	0.00612	0.0114	0.02479	0.2478
