idx	predict	radius	unperturbed predict	time
0	0	1.76	0	0:01:15.605502
20	0	0.441	0	0:01:15.491408
40	0	0.464	0	0:01:15.244853
60	1	0.755	1	0:01:15.353241
80	1	1.15	1	0:01:15.231551
100	0	1.65	0	0:01:15.223935
120	1	0.337	1	0:01:15.302991
140	0	1.11	0	0:01:15.242798
160	1	1.21	1	0:01:15.285445
180	1	1.59	1	0:01:15.051331
200	-1	0.0	1	0:01:15.092632
220	1	1.57	1	0:01:15.078871
240	1	1.89	1	0:01:15.054751
260	0	0.467	0	0:01:15.208771
280	1	1.84	1	0:01:15.234382
300	0	0.209	0	0:01:15.179665
320	0	1.35	0	0:01:15.143103
340	0	1.51	0	0:01:15.285641
360	0	0.665	0	0:01:15.343493
380	0	1.12	0	0:01:15.485160
400	1	1.89	1	0:01:15.398243
420	0	0.741	0	0:01:15.267371
440	1	1.49	1	0:01:15.334849
460	1	0.351	1	0:01:15.083879
480	1	0.363	1	0:01:15.115222
500	0	0.926	0	0:01:15.234896
520	1	1.23	1	0:01:15.217363
540	1	0.838	1	0:01:15.201007
560	1	1.86	1	0:01:15.253517
580	0	0.998	0	0:01:15.094081
600	1	0.335	1	0:01:15.030043
620	0	1.2	0	0:01:15.291266
640	1	0.765	1	0:01:15.019017
660	1	1.47	1	0:01:15.157189
680	0	0.524	0	0:01:15.121004
700	1	0.669	1	0:01:15.144650
720	0	0.929	0	0:01:15.213158
740	0	0.446	0	0:01:15.296403
760	0	0.511	0	0:01:15.179784
780	1	0.598	1	0:01:15.283175
800	1	1.89	1	0:01:15.092843
820	0	1.22	0	0:01:15.140023
840	1	1.89	1	0:01:15.229512
860	0	0.146	0	0:01:15.197217
880	1	1.89	1	0:01:15.032579
900	0	1.16	0	0:01:15.292012
920	0	1.78	0	0:01:15.039696
940	1	1.86	1	0:01:15.097200
960	0	0.221	0	0:01:15.246393
980	0	0.191	0	0:01:15.256839
1000	1	1.89	1	0:01:15.077820
1020	1	1.42	1	0:01:15.138124
1040	1	1.01	1	0:01:15.171858
1060	1	1.57	1	0:01:15.000929
1080	1	0.303	1	0:01:15.187061
1100	1	0.12	1	0:01:15.129510
1120	0	1.42	0	0:01:15.177393
1140	0	1.14	0	0:01:15.105839
1160	1	0.384	1	0:01:15.201640
1180	0	0.539	0	0:01:15.142813
1200	1	1.22	1	0:01:15.287863
1220	0	1.72	0	0:01:15.676739
1240	1	0.0142	1	0:01:15.259306
1260	1	1.89	1	0:01:15.785584
1280	0	0.0664	0	0:01:15.422227
1300	0	1.14	0	0:01:15.104645
1320	0	0.452	0	0:01:15.203536
1340	1	1.89	1	0:01:15.282832
1360	0	0.269	0	0:01:15.249738
1380	0	0.137	0	0:01:15.329904
1400	0	1.62	0	0:01:16.207129
1420	0	0.57	0	0:01:15.693443
1440	0	0.128	0	0:01:15.814948
1460	0	0.437	0	0:01:15.886271
1480	0	0.209	0	0:01:15.846881
1500	1	1.8	1	0:01:15.848592
1520	0	0.0881	0	0:01:15.885495
1540	1	1.51	1	0:01:16.520218
1560	1	1.89	1	0:01:17.566442
1580	0	0.229	0	0:01:15.853413
1600	0	0.693	0	0:01:16.122344
1620	0	1.06	0	0:01:16.058158
1640	0	0.149	0	0:01:15.796290
1660	0	0.653	0	0:01:15.979605
1680	1	1.26	1	0:01:15.835743
1700	0	1.12	0	0:01:15.725505
1720	0	1.27	0	0:01:16.251932
1740	1	1.19	1	0:01:15.837616
1760	-1	0.0	-1	0:01:16.075554
1780	0	0.226	0	0:01:15.958492
1800	0	1.02	0	0:01:15.780579
1820	1	0.0279	1	0:01:15.952079
1840	0	1.28	0	0:01:16.008968
1860	1	1.79	1	0:01:15.790143
1880	1	1.07	1	0:01:16.111590
1900	1	1.89	1	0:01:16.029050
1920	1	1.2	1	0:01:15.724714
1940	1	1.89	1	0:01:16.202246
1960	1	0.587	1	0:01:15.725175
1980	1	1.89	1	0:01:15.826650
2000	0	0.118	0	0:01:16.292808
2020	1	1.89	1	0:01:15.671252
2040	1	1.32	1	0:01:16.075837
2060	1	1.31	1	0:01:16.057550
2080	1	0.403	1	0:01:15.749363
2100	0	0.703	0	0:01:16.424817
2120	0	0.229	0	0:01:15.861407
2140	1	1.89	1	0:01:15.695202
2160	1	1.86	1	0:01:16.457054
2180	0	0.437	0	0:01:15.768817
2200	1	1.46	1	0:01:15.936117
2220	1	1.89	1	0:01:16.191260
2240	1	0.866	1	0:01:15.902406
2260	0	1.66	0	0:01:16.249729
2280	0	1.24	0	0:01:16.122156
2300	0	1.77	0	0:01:15.774332
2320	0	0.838	0	0:01:16.429523
2340	1	1.54	1	0:01:15.808191
2360	1	0.257	1	0:01:16.152729
2380	1	0.869	1	0:01:16.094815
2400	1	1.32	1	0:01:15.841031
2420	0	0.59	0	0:01:16.184515
2440	1	0.0704	1	0:01:15.961520
2460	0	1.31	0	0:01:15.917338
2480	1	0.795	1	0:01:16.262516
2500	0	1.37	0	0:01:15.768143
2520	0	0.833	0	0:01:15.828317
2540	0	0.625	0	0:01:16.366917
2560	0	0.789	0	0:01:15.938128
2580	0	0.142	0	0:01:16.063974
2600	1	1.84	1	0:01:16.129814
2620	0	0.472	0	0:01:15.745314
2640	1	1.08	1	0:01:16.074218
2660	0	1.31	0	0:01:16.139157
2680	1	1.89	1	0:01:15.769293
2700	0	0.189	0	0:01:16.403023
2720	0	1.86	0	0:01:15.849922
2740	0	0.651	0	0:01:15.987350
2760	0	0.21	0	0:01:16.112840
2780	1	1.89	1	0:01:15.802211
2800	0	1.11	0	0:01:15.959661
2820	1	1.59	1	0:01:16.067860
2840	1	1.89	1	0:01:15.777071
2860	0	1.12	0	0:01:16.038451
2880	1	1.89	1	0:01:16.161706
2900	0	0.225	0	0:01:15.868080
2920	0	0.0419	0	0:01:16.480102
2940	0	0.536	0	0:01:15.848978
2960	1	0.426	1	0:01:16.219898
2980	1	0.0936	1	0:01:16.119599
3000	1	1.89	1	0:01:15.752803
3020	1	0.923	1	0:01:16.018996
3040	1	1.89	1	0:01:16.026482
3060	1	1.42	1	0:01:15.763555
3080	0	0.817	0	0:01:16.282164
3100	1	1.38	1	0:01:15.782672
3120	0	0.851	0	0:01:16.171581
3140	1	1.43	1	0:01:16.081591
3160	0	0.597	0	0:01:15.781408
3180	0	1.33	0	0:01:16.214648
3200	1	0.323	1	0:01:16.107749
3220	0	0.817	0	0:01:15.689681
3240	0	1.76	0	0:01:16.117534
3260	1	1.13	1	0:01:16.068035
3280	1	0.577	1	0:01:15.770075
3300	0	0.808	0	0:01:16.324142
3320	1	0.523	1	0:01:15.915660
3340	0	1.19	0	0:01:15.891620
3360	0	1.02	0	0:01:16.179875
3380	1	1.21	1	0:01:15.835324
3400	0	0.229	0	0:01:16.107848
3420	0	1.89	0	0:01:16.036003
3440	0	1.59	0	0:01:15.917796
3460	1	1.27	1	0:01:15.991765
3480	1	1.89	1	0:01:16.089772
3500	1	0.183	1	0:01:15.914940
3520	1	1.89	1	0:01:16.288065
3540	0	0.964	0	0:01:15.769384
3560	0	0.195	0	0:01:16.092270
3580	0	1.6	0	0:01:15.993144
3600	0	0.0844	0	0:01:15.880836
3620	0	0.692	0	0:01:16.127135
3640	0	0.871	0	0:01:16.014468
3660	1	1.55	1	0:01:15.673746
3680	0	1.8	0	0:01:16.273128
3700	1	0.191	1	0:01:15.862155
3720	1	1.26	1	0:01:16.162375
3740	1	1.89	1	0:01:16.034762
3760	1	1.89	1	0:01:15.806221
3780	0	1.55	0	0:01:16.076497
3800	0	0.6	0	0:01:16.116349
3820	1	0.306	1	0:01:15.751868
3840	0	0.564	0	0:01:16.026909
3860	1	1.89	1	0:01:16.019190
3880	0	1.17	0	0:01:15.727967
3900	-1	0.0	0	0:01:16.355028
3920	0	0.389	0	0:01:15.860677
3940	0	1.7	0	0:01:15.953649
3960	1	0.253	1	0:01:16.039181
3980	0	0.565	0	0:01:15.890958
4000	0	1.24	0	0:01:16.053438
4020	1	0.969	1	0:01:16.033185
4040	1	1.89	1	0:01:15.777388
4060	0	0.713	0	0:01:16.334649
4080	1	0.742	1	0:01:15.783560
4100	1	1.89	1	0:01:16.003624
4120	1	0.378	1	0:01:16.072551
4140	1	1.86	1	0:01:15.736110
4160	0	1.18	0	0:01:16.161988
4180	1	0.351	1	0:01:16.148951
4200	0	0.22	0	0:01:15.773030
4220	1	1.73	1	0:01:15.967857
4240	0	0.398	0	0:01:16.209960
4260	1	1.17	1	0:01:15.698813
4280	0	0.172	0	0:01:16.341393
4300	1	1.08	1	0:01:15.685135
4320	-1	0.0	-1	0:01:15.963768
4340	1	1.6	1	0:01:15.973492
4360	0	0.172	0	0:01:15.899427
4380	1	1.12	1	0:01:16.017472
4400	0	1.89	0	0:01:16.091769
4420	0	1.48	0	0:01:15.766346
4440	0	0.906	0	0:01:16.312666
4460	1	0.816	1	0:01:15.782359
4480	1	0.932	1	0:01:16.111562
4500	0	0.722	0	0:01:15.968625
4520	0	0.5	0	0:01:15.864173
4540	1	1.89	1	0:01:15.903670
4560	1	1.05	1	0:01:16.033090
4580	0	0.407	0	0:01:15.757644
4600	0	0.51	0	0:01:16.379524
4620	1	0.0621	1	0:01:15.786188
4640	0	1.2	0	0:01:16.299895
4660	0	1.61	0	0:01:15.996366
4680	1	1.46	1	0:01:15.733769
4700	0	1.4	0	0:01:16.152295
4720	1	1.89	1	0:01:16.015761
4740	0	1.08	0	0:01:15.818805
4760	0	1.64	0	0:01:16.221801
4780	1	0.409	1	0:01:15.972792
4800	1	1.89	1	0:01:15.891999
4820	0	0.0463	0	0:01:16.043334
4840	1	1.89	1	0:01:16.045707
4860	1	1.23	1	0:01:15.873992
4880	0	0.602	0	0:01:16.441954
4900	-1	0.0	-1	0:01:15.985782
4920	1	0.575	1	0:01:16.056620
4940	0	0.839	0	0:01:16.030959
4960	0	1.37	0	0:01:15.724287
4980	1	1.41	1	0:01:16.138888
5000	1	1.89	1	0:01:16.077481
5020	1	1.53	1	0:01:15.668004
5040	1	0.457	1	0:01:16.057252
5060	0	0.967	0	0:01:16.066299
5080	1	1.5	1	0:01:15.772678
5100	1	0.403	1	0:01:16.279634
5120	1	0.48	1	0:01:15.782802
5140	1	1.74	1	0:01:16.204296
5160	1	0.218	1	0:01:16.141830
5180	0	1.32	0	0:01:15.756876
5200	1	1.89	1	0:01:16.057713
5220	1	0.305	1	0:01:15.985143
5240	0	0.244	0	0:01:15.826115
5260	1	1.89	1	0:01:16.252131
5280	0	0.0928	0	0:01:15.861071
5300	1	1.24	1	0:01:16.268795
5320	1	1.58	1	0:01:15.964209
5340	0	0.397	0	0:01:15.764369
5360	1	1.53	1	0:01:16.132331
5380	1	1.89	1	0:01:16.123266
5400	1	0.392	1	0:01:15.941244
5420	1	0.326	1	0:01:16.113708
5440	1	1.89	1	0:01:15.965243
5460	1	0.486	1	0:01:15.931557
5480	0	0.119	0	0:01:16.423087
5500	0	0.389	0	0:01:15.717665
5520	0	1.3	0	0:01:16.145218
5540	0	1.42	0	0:01:16.077477
5560	0	0.884	0	0:01:15.782305
5580	0	0.582	0	0:01:16.183500
5600	0	1.73	0	0:01:16.059719
5620	0	0.378	0	0:01:15.816372
5640	0	0.588	0	0:01:16.083122
5660	1	0.168	1	0:01:16.028946
5680	0	0.322	0	0:01:16.070486
5700	0	1.58	0	0:01:16.000805
5720	1	1.86	1	0:01:15.780648
5740	0	0.413	0	0:01:15.985492
5760	0	1.02	0	0:01:16.007396
5780	1	1.62	1	0:01:15.745400
5800	0	0.945	0	0:01:15.999323
5820	0	1.6	0	0:01:15.990782
5840	0	1.19	0	0:01:15.794727
5860	0	0.114	0	0:01:16.216775
5880	1	1.59	1	0:01:15.732558
5900	0	1.82	0	0:01:16.062469
5920	1	1.89	1	0:01:16.059992
5940	0	0.818	0	0:01:15.837351
5960	0	1.69	0	0:01:16.146544
5980	1	1.89	1	0:01:15.931999
6000	0	0.646	0	0:01:15.767671
6020	0	0.521	0	0:01:16.083295
6040	0	0.592	0	0:01:16.083682
6060	0	1.89	0	0:01:15.735746
6080	1	0.893	1	0:01:16.749722
6100	1	0.757	1	0:01:16.074412
6120	1	1.27	1	0:01:16.048089
6140	1	1.8	1	0:01:16.807937
6160	0	0.549	0	0:01:15.811848
6180	0	0.249	0	0:01:16.027098
6200	1	0.119	1	0:01:16.016093
6220	0	1.33	0	0:01:15.745608
6240	0	1.34	0	0:01:16.024853
6260	0	1.46	0	0:01:16.003081
6280	0	1.29	0	0:01:15.785420
6300	0	0.636	0	0:01:16.397946
6320	1	1.58	1	0:01:16.203684
6340	0	0.135	0	0:01:16.106417
6360	0	0.844	0	0:01:16.585302
6380	0	1.59	0	0:01:15.786329
6400	0	0.361	0	0:01:17.736711
6420	1	1.44	1	0:01:17.638277
6440	0	1.3	0	0:01:15.872759
6460	0	0.898	0	0:01:16.071220
6480	1	0.0875	1	0:01:15.992235
6500	0	1.41	0	0:01:15.678720
6520	0	0.29	0	0:01:16.522529
6540	1	1.31	1	0:01:15.738555
6560	0	0.105	0	0:01:17.106228
6580	0	1.03	0	0:01:15.997201
6600	1	1.89	1	0:01:15.729200
6620	1	1.72	1	0:01:15.981315
6640	1	1.89	1	0:01:15.953711
6660	1	1.46	1	0:01:15.714384
6680	1	0.376	1	0:01:16.055693
6700	0	0.539	0	0:01:16.378394
6720	0	0.0622	0	0:01:17.005378
6740	0	1.37	0	0:01:16.446698
6760	1	0.18	1	0:01:16.483997
6780	1	1.86	1	0:01:16.002968
6800	0	0.858	0	0:01:16.316335
6820	1	1.86	1	0:01:15.648438
6840	1	1.89	1	0:01:16.035516
6860	1	0.741	1	0:01:16.028826
6880	1	0.744	1	0:01:15.742136
6900	0	0.448	0	0:01:16.003915
6920	1	1.01	1	0:01:16.676098
6940	1	1.89	1	0:01:15.741439
6960	1	0.33	1	0:01:16.139891
6980	0	0.45	0	0:01:16.089864
7000	0	1.56	0	0:01:16.077044
7020	1	1.76	1	0:01:16.924457
7040	0	0.668	0	0:01:15.919343
7060	1	1.58	1	0:01:16.022415
7080	0	1.12	0	0:01:16.083921
7100	0	1.22	0	0:01:15.892476
7120	1	1.38	1	0:01:15.977433
7140	0	0.945	0	0:01:16.098528
7160	1	0.401	1	0:01:16.164606
7180	1	0.815	1	0:01:15.943483
7200	0	1.49	0	0:01:15.968749
7220	1	0.203	1	0:01:16.739052
7240	0	0.0608	0	0:01:16.121351
7260	0	0.0964	0	0:01:15.811647
7280	1	0.253	1	0:01:16.263237
7300	0	1.31	0	0:01:16.113355
7320	1	1.89	1	0:01:15.767623
7340	0	0.785	0	0:01:16.149332
7360	0	1.44	0	0:01:16.045289
7380	1	0.11	1	0:01:16.090267
7400	0	0.71	0	0:01:16.551280
7420	0	0.279	0	0:01:16.553033
7440	0	1.63	0	0:01:16.136057
7460	1	1.89	1	0:01:17.215724
7480	0	0.398	0	0:01:15.940052
7500	1	1.89	1	0:01:16.156925
7520	0	1.17	0	0:01:16.154025
7540	1	1.89	1	0:01:15.733075
7560	0	0.442	0	0:01:16.263968
7580	1	1.07	1	0:01:16.590066
7600	0	0.561	0	0:01:16.330146
7620	0	0.648	0	0:01:16.149253
7640	-1	0.0	1	0:01:16.112396
7660	0	1.43	0	0:01:16.134156
7680	0	0.576	0	0:01:16.127285
7700	1	0.967	1	0:01:15.840323
7720	0	0.999	0	0:01:16.201077
7740	0	1.55	0	0:01:16.210773
7760	0	0.608	0	0:01:16.161842
7780	0	0.104	0	0:01:16.116527
7800	1	1.53	1	0:01:15.865283
7820	0	0.436	0	0:01:16.118927
7840	1	1.89	1	0:01:16.973971
7860	0	0.467	0	0:01:15.828209
7880	1	0.845	1	0:01:16.157228
7900	0	0.504	0	0:01:16.758755
7920	0	0.884	0	0:01:17.249297
7940	0	0.663	0	0:01:16.991147
7960	1	0.353	1	0:01:16.311389
7980	0	1.6	0	0:01:16.106415
8000	1	1.4	1	0:01:16.078397
8020	0	1.33	0	0:01:15.878670
8040	1	0.478	1	0:01:16.435493
8060	0	0.473	0	0:01:18.369492
8080	0	1.73	0	0:01:15.784304
8100	-1	0.0	-1	0:01:16.049411
8120	1	1.06	1	0:01:15.966411
8140	0	1.42	0	0:01:16.038205
8160	1	0.507	1	0:01:17.403711
8180	0	0.833	0	0:01:17.360227
8200	0	1.47	0	0:01:17.302728
8220	0	1.39	0	0:01:16.117492
8240	1	1.86	1	0:01:15.786065
8260	1	1.86	1	0:01:16.036845
8280	0	1.28	0	0:01:16.277669
8300	0	1.48	0	0:01:16.068851
8320	0	1.63	0	0:01:15.922218
8340	1	0.357	1	0:01:16.392118
8360	1	1.37	1	0:01:16.015776
8380	1	1.72	1	0:01:15.946410
8400	0	0.149	0	0:01:15.780251
8420	0	1.37	0	0:01:16.157255
8440	0	0.497	0	0:01:16.210829
8460	1	1.72	1	0:01:15.768632
8480	0	1.77	0	0:01:16.981723
8500	1	1.14	1	0:01:16.267511
8520	0	0.41	0	0:01:17.432130
8540	0	1.47	0	0:01:16.839448
8560	1	1.15	1	0:01:16.799394
8580	0	0.725	0	0:01:17.327402
8600	0	0.963	0	0:01:18.960792
8620	0	1.89	0	0:01:15.719783
8640	1	1.29	1	0:01:16.902422
8660	1	1.0	1	0:01:17.255857
8680	0	1.45	0	0:01:17.560467
8700	0	0.204	0	0:01:16.920480
8720	1	1.86	1	0:01:15.842199
8740	0	1.66	0	0:01:16.941577
8760	1	1.89	1	0:01:19.022040
8780	0	1.13	0	0:01:15.865092
8800	1	1.89	1	0:01:15.942953
8820	1	1.72	1	0:01:16.052561
8840	0	0.586	0	0:01:16.043597
8860	1	0.647	1	0:01:16.097058
8880	1	1.55	1	0:01:16.052623
8900	0	1.02	0	0:01:16.074298
8920	1	0.406	1	0:01:15.980792
8940	1	1.89	1	0:01:15.730727
8960	1	1.2	1	0:01:15.931298
8980	1	1.89	1	0:01:16.059047
9000	1	1.89	1	0:01:15.914937
9020	1	1.43	1	0:01:16.062270
9040	1	0.545	1	0:01:16.174086
9060	1	0.0252	1	0:01:16.227906
9080	0	0.554	0	0:01:16.130691
9100	0	0.374	0	0:01:15.784570
9120	0	1.19	0	0:01:16.101720
9140	0	0.331	0	0:01:16.069240
9160	0	0.24	0	0:01:15.718136
9180	1	1.89	1	0:01:16.063548
9200	1	1.84	1	0:01:17.110310
9220	1	1.89	1	0:01:16.325402
9240	1	0.367	1	0:01:15.886109
9260	1	0.0787	1	0:01:16.336170
9280	0	0.611	0	0:01:16.092629
9300	0	0.606	0	0:01:17.469050
9320	1	1.66	1	0:01:16.853429
9340	1	1.89	1	0:01:17.624336
9360	0	0.373	0	0:01:17.230684
9380	1	0.557	1	0:01:16.097824
9400	0	0.575	0	0:01:15.656078
9420	1	0.468	1	0:01:16.097727
9440	1	1.89	1	0:01:16.128959
9460	0	1.11	0	0:01:16.352235
9480	0	1.07	0	0:01:15.790479
9500	1	0.171	1	0:01:15.986457
9520	1	1.49	1	0:01:15.919388
9540	1	0.609	1	0:01:15.787148
9560	1	0.726	1	0:01:16.063559
9580	1	0.411	1	0:01:17.863062
9600	1	1.89	1	0:01:17.818485
9620	0	0.698	0	0:01:16.159363
9640	0	0.134	0	0:01:15.938883
9660	1	1.89	1	0:01:16.137383
9680	1	0.655	1	0:01:16.120293
9700	1	0.45	1	0:01:15.709701
9720	0	1.07	0	0:01:16.159229
9740	0	0.932	0	0:01:16.212453
9760	0	0.749	0	0:01:16.049349
9780	1	0.134	1	0:01:15.871222
9800	1	1.89	1	0:01:16.123712
9820	0	0.578	0	0:01:17.308249
9840	1	0.411	1	0:01:16.819595
9860	0	1.54	0	0:01:18.341907
9880	1	0.525	1	0:01:17.801736
9900	1	0.612	1	0:01:17.913389
9920	1	0.369	1	0:01:17.523109
9940	0	1.07	0	0:01:16.274608
9960	1	1.89	1	0:01:16.231946
9980	1	1.89	1	0:01:16.461752
