idx	predict	radius	unperturbed predict	time
0	0	3.51	0	0:02:55.771495
100	1	3.79	1	0:02:52.450041
200	0	3.79	0	0:02:52.273057
300	1	2.35	1	0:02:52.728912
400	-1	0.0	0	0:02:52.222675
500	1	3.79	1	0:02:52.570413
600	0	3.72	0	0:02:52.173651
700	1	1.8	1	0:02:52.657448
800	0	0.528	0	0:03:00.199703
900	0	2.3	0	0:03:01.149101
1000	0	3.55	0	0:03:00.929769
1100	1	3.79	1	0:03:00.685614
1200	1	3.33	1	0:03:01.419681
1300	0	3.79	0	0:03:00.900791
1400	0	3.79	0	0:03:01.310937
1500	0	3.3	0	0:03:00.670124
1600	0	1.22	0	0:03:00.619926
1700	0	3.51	0	0:03:00.883226
1800	1	3.72	1	0:03:00.869295
1900	0	3.79	0	0:03:00.553600
2000	0	3.72	0	0:02:59.512233
2100	0	3.79	0	0:02:52.264607
2200	1	0.665	1	0:02:52.122288
2300	1	3.79	1	0:02:52.117838
2400	0	3.79	0	0:02:51.973453
2500	0	3.79	0	0:02:52.449372
2600	1	2.25	1	0:02:51.914241
2700	1	3.79	1	0:02:51.972955
2800	1	3.79	1	0:02:52.025501
2900	0	3.67	0	0:02:52.048617
3000	1	3.79	1	0:02:52.330888
3100	0	0.0627	0	0:02:51.925097
3200	1	1.46	1	0:02:52.171871
3300	0	3.72	0	0:02:52.108570
3400	1	2.37	1	0:02:52.443692
3500	1	3.79	1	0:02:51.901422
3600	1	1.71	1	0:02:52.432567
3700	1	0.552	1	0:02:52.137192
3800	0	0.286	0	0:02:52.517346
3900	1	3.79	1	0:02:52.721612
4000	1	3.79	1	0:02:52.050268
4100	1	2.38	1	0:02:51.984950
4200	0	1.8	0	0:02:52.114109
4300	0	2.64	0	0:02:52.353512
4400	0	0.362	0	0:02:52.053691
4500	-1	0.0	0	0:02:52.780646
4600	0	2.58	0	0:02:51.857782
4700	1	3.79	1	0:02:52.008580
4800	1	3.79	1	0:02:52.727187
4900	0	2.76	0	0:02:52.536792
5000	1	3.79	1	0:02:52.003787
5100	0	1.54	0	0:02:52.236444
5200	0	0.0258	-1	0:02:52.231595
5300	1	2.5	1	0:02:52.182399
5400	0	2.39	0	0:02:52.082160
5500	1	3.53	1	0:02:52.445751
5600	0	3.79	0	0:02:52.079475
5700	0	3.16	0	0:02:52.155377
5800	1	3.06	1	0:02:52.417512
5900	0	1.95	0	0:02:52.368823
6000	0	3.79	0	0:02:52.098083
6100	0	2.55	0	0:02:52.465096
6200	0	3.79	0	0:02:52.535274
6300	0	2.03	0	0:02:52.216828
6400	1	3.79	1	0:02:52.539873
6500	1	3.72	1	0:02:52.220945
6600	1	3.79	1	0:02:52.124147
6700	0	3.06	0	0:02:52.460912
6800	1	3.79	1	0:02:52.101043
6900	1	2.86	1	0:02:52.049365
7000	1	3.79	1	0:02:52.243155
7100	1	1.42	1	0:02:54.901418
7200	1	3.26	1	0:02:54.471601
7300	0	2.96	0	0:02:52.628528
7400	1	3.79	1	0:02:52.342163
7500	0	3.79	0	0:02:52.524919
7600	1	3.79	1	0:02:52.522586
7700	1	1.35	1	0:02:52.379028
7800	1	3.79	1	0:02:52.339635
7900	0	2.66	0	0:02:52.604066
8000	1	3.63	1	0:02:52.298427
8100	0	0.151	0	0:02:53.049095
8200	0	0.891	0	0:02:52.297832
8300	1	2.85	1	0:02:52.695309
8400	0	3.79	0	0:02:52.254236
8500	0	0.683	0	0:02:52.320915
8600	0	1.67	0	0:02:52.174689
8700	1	0.566	1	0:02:52.558516
8800	1	3.72	1	0:02:52.501322
8900	1	2.51	1	0:02:52.441317
9000	0	3.55	0	0:02:52.404017
9100	0	3.79	0	0:02:52.951014
9200	0	2.5	0	0:02:52.342578
9300	1	3.79	1	0:02:52.193058
9400	0	2.6	0	0:02:52.514734
9500	1	3.79	1	0:02:52.269105
9600	0	2.91	0	0:02:52.233237
9700	0	3.79	0	0:02:52.200154
9800	1	0.171	1	0:02:52.208878
9900	0	1.39	0	0:02:52.214908
10000	0	0.877	0	0:02:52.652857
10100	1	1.46	1	0:02:52.544130
10200	1	3.72	1	0:02:52.094559
10300	1	1.27	1	0:02:52.644739
10400	0	2.97	0	0:02:52.217078
10500	0	2.89	0	0:02:55.374721
10600	1	0.439	1	0:02:56.545291
10700	0	2.93	0	0:02:55.932338
10800	0	1.63	0	0:02:54.036987
10900	1	3.79	1	0:02:52.770192
11000	0	1.87	0	0:02:54.092212
11100	0	1.31	0	0:02:52.733238
11200	0	3.79	0	0:02:53.312541
11300	1	1.78	1	0:02:52.347026
11400	0	3.48	0	0:02:52.263104
11500	1	3.79	1	0:02:53.586762
11600	1	3.79	1	0:03:00.577806
11700	1	1.67	1	0:03:04.055570
11800	0	3.79	0	0:03:04.681461
11900	1	3.79	1	0:02:59.052567
12000	1	3.79	1	0:02:56.692384
12100	1	0.713	1	0:02:58.523476
12200	1	0.94	1	0:02:56.863172
12300	0	2.33	0	0:02:58.645621
12400	1	3.79	1	0:02:53.260422
12500	0	3.79	0	0:02:52.625060
12600	0	0.0983	0	0:02:52.140764
12700	0	1.73	0	0:02:52.006219
12800	1	3.79	1	0:02:52.110204
12900	0	3.79	0	0:02:52.129853
13000	1	3.13	1	0:02:52.310170
13100	1	3.46	1	0:02:52.405351
13200	1	3.79	1	0:02:52.177265
13300	1	3.79	1	0:02:52.305777
13400	0	3.79	0	0:02:52.103113
13500	1	2.63	1	0:02:52.315630
13600	-1	0.0	0	0:02:52.377126
13700	1	3.35	1	0:02:52.056992
13800	1	0.53	1	0:02:52.155368
13900	1	1.17	1	0:02:52.357832
14000	0	3.11	0	0:02:52.177270
14100	1	3.79	1	0:02:52.741963
14200	1	3.79	1	0:02:52.424409
14300	1	3.79	1	0:02:52.147536
14400	0	0.371	0	0:02:52.513035
14500	1	3.79	1	0:02:52.375625
14600	1	3.79	1	0:02:52.321460
14700	1	1.78	1	0:02:52.614605
14800	0	0.276	0	0:02:52.167268
14900	0	3.79	0	0:02:52.286052
15000	1	2.03	1	0:02:52.281137
15100	1	0.0356	-1	0:02:52.104807
15200	0	1.84	0	0:02:52.242535
15300	0	1.85	0	0:02:52.732252
15400	1	3.79	1	0:02:52.253522
15500	1	0.525	1	0:02:52.199198
15600	0	3.79	0	0:02:52.265896
15700	1	3.79	1	0:02:52.657830
15800	1	3.67	1	0:02:52.430392
15900	0	0.989	0	0:02:52.365769
16000	1	3.15	1	0:02:52.469486
16100	1	0.989	1	0:02:52.347010
16200	1	3.79	1	0:02:52.390781
16300	1	3.53	1	0:02:52.403863
16400	1	3.72	1	0:02:52.310436
16500	0	3.79	0	0:02:52.262928
16600	0	2.99	0	0:02:52.381711
16700	0	2.6	0	0:02:54.375898
16800	1	0.0782	1	0:02:54.052581
16900	0	3.79	0	0:02:54.730790
17000	1	3.79	1	0:02:54.153889
17100	0	0.586	0	0:02:54.318487
17200	0	1.06	0	0:02:53.971623
17300	0	2.0	0	0:02:54.473932
17400	1	3.79	1	0:02:53.994248
17500	1	3.79	1	0:02:54.203245
17600	0	3.63	0	0:02:54.165282
17700	-1	0.0	-1	0:02:54.603910
17800	0	3.79	0	0:02:54.753461
17900	1	2.68	1	0:02:54.734791
18000	0	2.41	0	0:02:54.227957
18100	1	3.79	1	0:02:54.474218
18200	0	1.03	0	0:02:54.344572
18300	0	2.63	0	0:02:54.582858
18400	1	1.07	1	0:02:54.324702
18500	1	3.79	1	0:02:54.609859
18600	0	2.47	0	0:02:54.538586
18700	0	3.79	0	0:02:54.558298
18800	-1	0.0	-1	0:02:54.342169
18900	0	3.72	0	0:02:54.551874
19000	1	0.376	1	0:02:54.496753
19100	0	0.502	0	0:02:54.463366
19200	0	2.95	0	0:02:54.484436
19300	1	2.6	1	0:02:54.370733
19400	0	1.12	0	0:02:54.842023
19500	1	1.66	1	0:02:54.658944
19600	1	0.533	1	0:02:54.550027
19700	0	3.79	0	0:02:54.375915
19800	1	3.79	1	0:02:54.396079
19900	0	3.22	0	0:02:54.736387
20000	0	0.385	0	0:02:54.925186
20100	0	1.4	0	0:02:54.639516
20200	1	1.93	1	0:02:54.574762
20300	1	0.95	1	0:02:54.581397
20400	0	3.01	0	0:02:54.210811
20500	0	3.04	0	0:02:54.463119
20600	0	3.79	0	0:02:54.185088
20700	0	1.5	0	0:02:54.457263
20800	1	3.79	1	0:02:54.106894
20900	1	3.6	1	0:02:53.976610
21000	0	3.79	0	0:02:54.652223
21100	0	3.79	0	0:02:54.122660
21200	0	3.48	0	0:02:54.437238
21300	1	1.19	1	0:02:54.550152
21400	1	1.56	1	0:02:54.080789
21500	0	2.07	0	0:02:54.003152
21600	0	3.79	0	0:02:54.498667
21700	0	2.88	0	0:02:55.382248
21800	1	1.78	1	0:02:56.163169
21900	1	1.63	1	0:02:56.898624
22000	0	3.6	0	0:02:56.792943
22100	1	3.79	1	0:02:56.460952
22200	0	3.79	0	0:02:56.839264
22300	0	3.79	0	0:02:56.379706
22400	0	2.51	0	0:02:54.376437
22500	0	3.72	0	0:02:52.075911
22600	0	3.79	0	0:02:52.455819
22700	1	3.67	1	0:02:52.364260
22800	0	2.62	0	0:02:52.335729
22900	0	0.286	0	0:02:52.171542
23000	1	1.43	1	0:02:52.240322
23100	0	3.79	0	0:02:52.512209
23200	0	1.03	0	0:02:52.107892
23300	1	0.646	1	0:02:52.322191
23400	1	3.79	1	0:02:52.159558
23500	0	3.79	0	0:02:52.113873
23600	1	3.79	1	0:02:52.045970
23700	0	2.45	0	0:02:52.547592
23800	1	1.44	1	0:02:52.189779
23900	1	1.97	1	0:02:52.475322
24000	0	1.14	0	0:02:52.248948
24100	0	3.72	0	0:02:52.289264
24200	1	3.79	1	0:02:51.909469
24300	1	3.6	1	0:02:52.822531
24400	0	3.06	0	0:02:52.401146
24500	0	2.51	0	0:02:52.351514
24600	1	1.84	1	0:02:52.258569
24700	1	1.62	1	0:02:52.510268
24800	0	2.16	0	0:02:52.152693
24900	1	0.775	1	0:02:52.445713
25000	0	0.195	0	0:02:52.632490
25100	0	1.19	0	0:02:52.627839
25200	0	2.2	0	0:02:52.418452
25300	0	3.11	0	0:02:52.490799
25400	1	3.79	1	0:02:52.168221
25500	1	3.18	1	0:02:52.348035
25600	0	3.79	0	0:02:52.343531
25700	1	3.79	1	0:02:52.268748
25800	0	3.79	0	0:02:52.598127
25900	1	3.79	1	0:02:52.244640
26000	0	1.5	0	0:02:51.941508
26100	0	3.67	0	0:02:52.137065
26200	0	3.79	0	0:02:51.991519
26300	1	3.72	1	0:02:52.362509
26400	0	3.79	0	0:02:52.069486
26500	0	3.79	0	0:02:52.368429
26600	0	0.359	0	0:02:51.923450
26700	0	3.79	0	0:02:52.024359
26800	0	0.402	0	0:02:51.931856
26900	1	3.79	1	0:02:51.952024
27000	1	3.72	1	0:02:52.086008
27100	0	3.72	0	0:02:51.998849
27200	0	0.504	0	0:02:52.186078
27300	-1	0.0	1	0:02:51.976040
27400	1	2.78	1	0:02:52.392462
27500	1	3.79	1	0:02:52.437109
27600	1	3.79	1	0:02:52.213861
27700	0	0.746	0	0:02:52.584356
27800	1	3.31	1	0:02:51.953106
27900	0	3.79	0	0:02:52.089772
28000	1	0.885	1	0:02:52.081660
28100	1	1.04	1	0:02:52.377661
28200	0	3.79	0	0:02:51.840451
28300	0	3.79	0	0:02:52.310385
28400	1	1.11	1	0:02:52.114644
28500	0	1.13	0	0:02:52.450656
28600	1	2.53	1	0:02:52.128831
28700	1	3.79	1	0:02:51.777715
28800	0	3.79	0	0:02:52.279673
28900	0	3.79	0	0:02:51.988043
29000	0	3.1	0	0:02:52.014451
29100	0	3.49	0	0:02:52.190310
29200	0	3.79	0	0:02:51.885152
29300	1	3.79	1	0:02:52.186383
29400	1	3.79	1	0:02:52.242311
29500	1	3.79	1	0:02:52.111134
29600	0	1.4	0	0:02:52.478680
29700	0	0.241	0	0:02:52.305679
29800	0	3.28	0	0:02:52.235222
29900	0	0.92	0	0:02:53.391083
30000	1	1.06	1	0:02:52.308631
30100	1	2.71	1	0:02:52.509684
30200	0	3.79	0	0:02:52.289356
30300	0	0.491	0	0:02:52.297034
30400	0	3.79	0	0:02:52.074339
30500	0	3.0	0	0:02:52.476562
30600	1	3.79	1	0:02:52.441521
30700	0	3.79	0	0:02:52.336598
30800	0	3.79	0	0:02:52.059619
30900	0	3.79	0	0:02:52.747530
31000	0	3.79	0	0:02:52.198810
31100	1	3.79	1	0:02:52.146026
31200	0	3.79	0	0:02:52.079361
31300	0	3.79	0	0:02:52.482033
31400	0	3.79	0	0:02:52.060742
31500	0	3.72	0	0:02:52.378250
31600	1	3.79	1	0:02:52.299225
31700	1	3.79	1	0:02:52.199640
31800	1	3.79	1	0:02:52.136200
31900	1	1.95	1	0:02:52.424565
32000	1	2.35	1	0:02:52.007364
32100	1	3.79	1	0:02:52.336804
32200	1	3.79	1	0:02:52.131567
32300	1	0.936	1	0:02:52.318183
32400	0	2.59	0	0:02:52.258644
32500	0	3.79	0	0:02:52.340742
32600	0	1.59	0	0:02:52.288591
32700	1	3.79	1	0:02:52.220854
32800	1	3.79	1	0:02:52.081820
32900	1	3.79	1	0:02:52.773165
33000	0	2.79	0	0:02:52.262382
33100	0	3.79	0	0:02:52.150324
33200	1	0.303	1	0:02:52.393446
33300	1	3.79	1	0:02:52.121326
33400	0	2.94	0	0:02:52.244912
33500	1	2.74	1	0:02:52.222523
33600	1	1.64	1	0:02:52.368139
33700	1	0.511	1	0:02:52.343470
33800	0	3.53	0	0:02:52.074503
33900	0	2.77	0	0:02:52.067006
34000	0	3.79	0	0:02:51.992841
34100	1	3.79	1	0:02:51.904021
34200	0	3.79	0	0:02:52.051367
34300	0	3.79	0	0:02:51.785193
34400	1	3.79	1	0:02:51.834939
34500	0	2.71	0	0:02:52.022847
34600	0	3.72	0	0:02:52.185322
34700	1	3.79	1	0:02:51.839487
34800	0	3.79	0	0:02:52.009655
34900	1	3.79	1	0:02:52.000804
35000	1	2.49	1	0:02:52.302693
35100	1	0.295	1	0:02:52.084725
35200	0	2.66	0	0:02:52.248794
35300	0	2.82	0	0:02:52.105931
35400	1	3.79	1	0:02:52.255783
35500	0	3.79	0	0:02:52.413476
35600	0	2.32	0	0:02:51.874951
35700	1	3.72	1	0:02:52.058056
35800	1	2.91	1	0:02:52.047096
35900	0	3.72	0	0:02:51.782100
36000	1	2.34	1	0:02:51.840694
36100	0	0.0919	0	0:02:52.093084
36200	1	3.79	1	0:02:51.984610
36300	0	3.72	0	0:02:52.043955
36400	0	3.67	0	0:02:51.919069
36500	0	1.23	0	0:02:51.874766
36600	1	3.79	1	0:02:51.933289
36700	1	3.79	1	0:02:52.390393
36800	1	3.79	1	0:02:52.457031
36900	0	3.79	0	0:02:52.224749
37000	0	3.79	0	0:02:52.118795
37100	0	3.48	0	0:02:52.519514
37200	1	0.879	1	0:02:51.891891
37300	1	3.79	1	0:02:52.481253
37400	0	1.2	0	0:02:52.250101
37500	0	3.28	0	0:02:52.030405
37600	0	2.42	0	0:02:52.018651
37700	0	2.72	0	0:02:52.153856
37800	1	1.52	1	0:02:51.930859
37900	0	3.79	0	0:02:52.232198
38000	0	1.03	0	0:02:52.456697
38100	0	3.58	0	0:02:52.210951
38200	0	3.79	0	0:02:52.477699
38300	1	3.79	1	0:02:52.306877
38400	0	3.11	0	0:02:51.927998
38500	0	2.65	0	0:02:51.996345
38600	0	3.72	0	0:02:52.690517
38700	0	3.79	0	0:02:52.135824
38800	0	2.58	0	0:02:52.070571
38900	0	3.63	0	0:02:52.267544
39000	1	3.79	1	0:02:52.074180
39100	0	0.37	0	0:02:51.939501
39200	0	2.82	0	0:02:52.064117
39300	0	2.69	0	0:02:52.366524
39400	0	3.79	0	0:02:52.406512
39500	1	2.3	1	0:02:52.388679
39600	0	1.89	0	0:02:52.252817
39700	0	0.529	0	0:02:52.219572
39800	1	3.72	1	0:02:52.125677
39900	1	3.58	1	0:02:52.100573
40000	1	3.79	1	0:02:52.404471
40100	0	0.102	0	0:02:51.833518
40200	0	1.63	0	0:02:52.169536
40300	-1	0.0	1	0:02:52.043962
40400	0	3.79	0	0:02:52.058149
40500	1	3.79	1	0:02:52.296623
40600	1	3.79	1	0:02:51.973165
40700	1	1.6	1	0:02:52.047409
40800	1	2.11	1	0:02:52.236807
40900	0	2.98	0	0:02:51.859205
41000	0	1.32	0	0:02:52.173141
41100	1	0.665	1	0:02:52.347205
41200	0	3.79	0	0:02:51.981010
41300	1	3.79	1	0:02:51.961214
41400	1	3.49	1	0:02:52.416897
41500	0	3.79	0	0:02:51.926310
41600	1	3.79	1	0:02:52.019791
41700	0	3.79	0	0:02:51.998799
41800	0	3.02	0	0:02:52.365591
41900	0	3.79	0	0:02:51.946950
42000	0	3.79	0	0:02:52.344915
42100	0	3.2	0	0:02:52.058114
42200	0	2.06	0	0:02:52.325818
42300	0	1.71	0	0:02:52.250108
42400	0	3.79	0	0:02:52.219658
42500	0	3.6	0	0:02:51.730909
42600	1	3.72	1	0:02:52.094228
42700	0	2.54	0	0:02:52.132731
42800	0	3.02	0	0:02:52.034576
42900	0	3.79	0	0:02:51.956369
43000	1	2.92	1	0:02:51.839035
43100	1	2.59	1	0:02:52.190060
43200	0	3.79	0	0:02:52.810982
43300	0	3.79	0	0:02:53.522948
43400	0	1.42	0	0:02:53.441419
43500	0	3.79	0	0:02:53.571115
43600	0	3.79	0	0:02:53.181772
43700	1	3.32	1	0:02:53.623930
43800	0	2.67	0	0:02:52.804847
43900	1	3.72	1	0:02:53.061410
44000	0	2.74	0	0:02:53.077037
44100	0	3.79	0	0:02:52.663133
44200	0	3.67	0	0:02:52.905412
44300	1	3.79	1	0:02:52.403510
44400	1	1.15	1	0:02:52.302035
44500	1	1.03	1	0:02:53.220526
44600	1	3.06	1	0:02:52.649782
44700	1	0.746	1	0:02:53.101958
44800	0	3.79	0	0:02:53.051783
44900	0	2.86	0	0:02:53.002308
45000	1	2.4	1	0:02:52.866921
45100	1	3.79	1	0:02:52.838559
45200	0	3.72	0	0:02:53.134696
45300	1	3.79	1	0:02:53.147273
45400	1	3.72	1	0:02:52.964385
45500	1	3.79	1	0:02:52.996303
45600	0	3.79	0	0:02:52.786689
45700	1	0.178	1	0:02:53.227980
45800	1	3.79	1	0:02:53.217822
45900	1	0.23	1	0:02:53.046290
46000	0	3.79	0	0:02:52.438810
46100	1	1.23	1	0:02:53.306430
46200	1	0.884	1	0:02:53.108875
46300	1	3.79	1	0:02:52.486106
46400	0	2.12	0	0:02:53.371037
46500	1	1.38	1	0:02:52.616936
46600	1	0.825	1	0:02:52.923689
46700	-1	0.0	1	0:02:52.841043
46800	0	1.15	0	0:02:53.206344
46900	0	1.86	0	0:02:53.297473
47000	0	3.63	0	0:02:52.575385
47100	1	3.79	1	0:02:53.364516
47200	1	3.79	1	0:02:53.043413
47300	1	3.79	1	0:02:52.844591
47400	1	3.79	1	0:02:53.663395
47500	1	2.97	1	0:02:54.320298
47600	1	3.79	1	0:02:54.736460
47700	0	3.79	0	0:02:53.581969
47800	1	3.79	1	0:02:56.266970
47900	1	3.79	1	0:02:56.316877
48000	0	3.58	0	0:02:56.283056
48100	0	3.72	0	0:02:55.875180
48200	0	3.72	0	0:02:56.043279
48300	0	3.79	0	0:02:55.966176
48400	0	3.25	0	0:02:56.061102
48500	1	3.79	1	0:02:53.495185
48600	1	3.2	1	0:02:52.133485
48700	1	3.79	1	0:02:51.961151
48800	0	3.58	0	0:02:52.002209
48900	0	3.79	0	0:02:52.070327
49000	1	3.79	1	0:02:52.011072
49100	0	3.79	0	0:02:51.981896
49200	1	3.79	1	0:02:52.437442
49300	1	3.79	1	0:02:52.089309
49400	1	0.101	1	0:02:51.921219
49500	1	3.79	1	0:02:52.347200
49600	1	3.28	1	0:02:52.056253
49700	1	3.41	1	0:02:51.849064
49800	0	3.42	0	0:02:52.095218
49900	1	3.79	1	0:02:52.007401
