idx	mean	std	min	25 percentile	50 percentile	75 percentile	max
0	0.6859	0.0293	0.5797	0.6675	0.6858	0.7045	0.7724
100	0.2897	0.01653	0.2246	0.2792	0.2907	0.302	0.3306
200	0.8324	0.02481	0.7197	0.8224	0.836	0.8482	0.8768
300	0.3369	0.05109	0.1995	0.3005	0.3317	0.3723	0.4903
400	0.5033	0.1286	0.1973	0.4135	0.513	0.5994	0.747
500	0.07233	0.02566	0.02007	0.05293	0.06876	0.08791	0.1653
600	0.7305	0.02603	0.6413	0.715	0.7342	0.7478	0.7946
700	0.3415	0.08277	0.1088	0.2826	0.3491	0.4066	0.5305
800	0.5487	0.1147	0.1557	0.4643	0.562	0.6357	0.8117
900	0.6275	0.04924	0.4714	0.5929	0.6309	0.6621	0.7762
1000	0.7823	0.03507	0.5789	0.7671	0.788	0.8042	0.8653
1100	0.2855	0.02028	0.1996	0.274	0.2872	0.299	0.3367
1200	0.06306	0.06072	0.003504	0.02276	0.0425	0.07984	0.4081
1300	0.7347	0.02948	0.6041	0.7168	0.7372	0.7554	0.8056
1400	0.7659	0.01991	0.7014	0.7521	0.7662	0.7803	0.8121
1500	0.6351	0.02944	0.5118	0.6158	0.6376	0.6541	0.7397
1600	0.5425	0.04661	0.265	0.5193	0.5469	0.5735	0.6626
1700	0.7201	0.03755	0.5144	0.6977	0.7236	0.7449	0.8154
1800	0.1649	0.02864	0.113	0.1466	0.1584	0.1757	0.3055
1900	0.6475	0.0358	0.5286	0.6235	0.6464	0.6699	0.7575
2000	0.64	0.02329	0.564	0.6274	0.6428	0.6548	0.7246
2100	0.7112	0.03012	0.5971	0.6937	0.7114	0.7313	0.8203
2200	0.4611	0.04076	0.352	0.4332	0.4598	0.4872	0.5902
2300	0.2983	0.03391	0.1892	0.2763	0.2981	0.3223	0.4064
2400	0.8893	0.01429	0.8204	0.8812	0.891	0.8981	0.9272
2500	0.6727	0.01797	0.6092	0.6618	0.6739	0.6847	0.7204
2600	0.3799	0.04104	0.2502	0.3516	0.3799	0.4065	0.4953
2700	0.05954	0.01612	0.02599	0.0483	0.05747	0.06967	0.1249
2800	0.1931	0.02816	0.101	0.1725	0.194	0.2119	0.2661
2900	0.7118	0.03574	0.6006	0.6909	0.7139	0.736	0.8009
3000	0.2938	0.02009	0.2212	0.2804	0.293	0.308	0.3532
3100	0.4946	0.04676	0.3657	0.4631	0.4981	0.5256	0.6273
3200	0.3901	0.06859	0.2537	0.3366	0.3864	0.44	0.5911
3300	0.7406	0.03718	0.5763	0.7224	0.748	0.7656	0.8237
3400	0.299	0.06953	0.1506	0.2483	0.2889	0.3473	0.5175
3500	0.1998	0.03838	0.09958	0.1742	0.1942	0.2226	0.3144
3600	0.3655	0.06686	0.2245	0.3165	0.3574	0.4047	0.648
3700	0.4417	0.07788	0.2364	0.3892	0.4414	0.4932	0.6642
3800	0.5158	0.0739	0.2939	0.466	0.5163	0.5712	0.6888
3900	0.2792	0.02412	0.1907	0.2636	0.2815	0.295	0.3602
4000	0.007859	0.004639	0.001315	0.004893	0.006908	0.009387	0.03545
4100	0.3542	0.05049	0.2236	0.3209	0.3483	0.3788	0.5628
4200	0.6417	0.08036	0.3883	0.587	0.6444	0.7008	0.8258
4300	0.6972	0.04761	0.4592	0.6716	0.7049	0.7296	0.7996
4400	0.4976	0.05487	0.2507	0.4692	0.5053	0.5385	0.6066
4500	0.4835	0.08138	0.1545	0.4403	0.5014	0.5399	0.6496
4600	0.6504	0.04482	0.4706	0.6247	0.658	0.6825	0.7517
4700	0.127	0.02241	0.04489	0.1135	0.1313	0.1427	0.1872
4800	0.0002157	0.0001028	5.216e-05	0.0001408	0.0001891	0.000277	0.0006849
4900	0.6062	0.03906	0.4833	0.5796	0.6065	0.6326	0.7129
5000	0.01571	0.01125	0.002126	0.008142	0.01286	0.01929	0.08033
5100	0.58	0.05786	0.3615	0.5453	0.5822	0.6187	0.7283
5200	0.492	0.07245	0.2665	0.4403	0.4948	0.5377	0.6874
5300	0.3322	0.05652	0.1858	0.2917	0.3293	0.3672	0.5371
5400	0.6681	0.05751	0.4541	0.6385	0.6786	0.7085	0.7954
5500	0.163	0.04071	0.1101	0.1354	0.1536	0.1774	0.4503
5600	0.8634	0.01945	0.777	0.854	0.8658	0.8776	0.8988
5700	0.6089	0.02541	0.509	0.5936	0.6094	0.625	0.6821
5800	0.153	0.06913	0.03392	0.1018	0.1368	0.1901	0.4441
5900	0.5965	0.05029	0.4366	0.5663	0.6001	0.6316	0.7158
6000	0.7122	0.02386	0.6207	0.6989	0.7149	0.7284	0.7729
6100	0.5784	0.02857	0.4673	0.5594	0.5798	0.5983	0.6517
6200	0.769	0.01835	0.7066	0.7573	0.771	0.7813	0.8158
6300	0.6133	0.04889	0.3378	0.5865	0.6199	0.6476	0.7428
6400	0.074	0.0222	0.02995	0.05917	0.06983	0.08493	0.1825
6500	0.262	0.03653	0.09153	0.2448	0.2648	0.2827	0.3544
6600	0.1423	0.01658	0.09077	0.132	0.1438	0.1541	0.1749
6700	0.6748	0.04002	0.4845	0.655	0.6817	0.7018	0.7484
6800	0.002178	0.001631	0.0002312	0.001031	0.001709	0.002779	0.01263
6900	0.2532	0.06457	0.07313	0.2119	0.2554	0.2922	0.5243
7000	0.06296	0.01193	0.03118	0.05402	0.06235	0.07145	0.09548
7100	0.4083	0.05766	0.2469	0.3682	0.4042	0.448	0.6025
7200	0.2124	0.06232	0.08876	0.1635	0.2043	0.2527	0.4098
7300	0.6901	0.04823	0.5135	0.6643	0.6967	0.7249	0.7913
7400	0.01158	0.006279	0.001231	0.007086	0.01025	0.01467	0.04349
7500	0.7569	0.02856	0.6777	0.7376	0.7577	0.7755	0.839
7600	0.1096	0.006189	0.07957	0.1066	0.1101	0.1132	0.1291
7700	0.4331	0.0413	0.3141	0.4037	0.4319	0.4575	0.5754
7800	0.06272	0.01683	0.03109	0.05063	0.06066	0.07258	0.1307
7900	0.6419	0.05808	0.4282	0.6038	0.6416	0.6781	0.8194
8000	0.2338	0.05394	0.1084	0.1948	0.2331	0.2674	0.4121
8100	0.5073	0.07049	0.3151	0.4573	0.5055	0.5566	0.7642
8200	0.5727	0.08575	0.3868	0.5106	0.5619	0.6228	0.8471
8300	0.3519	0.03973	0.2472	0.325	0.3475	0.3746	0.5577
8400	0.8058	0.01926	0.7152	0.7962	0.809	0.8183	0.8598
8500	0.5406	0.07767	0.358	0.4847	0.5357	0.5919	0.8154
8600	0.5542	0.03785	0.4158	0.5306	0.5573	0.5808	0.6597
8700	0.4545	0.05898	0.2827	0.409	0.4552	0.499	0.6091
8800	0.249	0.05046	0.1439	0.2102	0.2471	0.2815	0.4381
8900	0.2717	0.07656	0.1007	0.2111	0.2626	0.3224	0.5195
9000	0.6983	0.06585	0.524	0.6473	0.6984	0.7458	0.869
9100	0.7652	0.0237	0.6695	0.7493	0.7677	0.7816	0.8223
9200	0.5974	0.03677	0.4826	0.5743	0.5978	0.6259	0.6887
9300	0.3414	0.02763	0.2531	0.3229	0.343	0.3619	0.3937
9400	0.6679	0.03843	0.5049	0.6489	0.6726	0.6944	0.7483
9500	0.049	0.01762	0.0182	0.03676	0.04617	0.05853	0.1367
9600	0.5764	0.03229	0.491	0.5545	0.5728	0.5961	0.7021
9700	0.7255	0.03369	0.5824	0.706	0.731	0.7493	0.7977
9800	0.4834	0.04467	0.3388	0.4563	0.4845	0.5153	0.6261
9900	0.5948	0.07948	0.3806	0.5435	0.5918	0.6509	0.8344
10000	0.5219	0.03642	0.4219	0.4983	0.5235	0.5454	0.6459
10100	0.4482	0.0277	0.3697	0.4291	0.4488	0.4669	0.557
10200	0.1858	0.02827	0.1355	0.1669	0.1808	0.1975	0.3769
10300	0.4337	0.04386	0.2864	0.4075	0.4351	0.4641	0.5573
10400	0.6706	0.05515	0.5065	0.6325	0.6722	0.7116	0.7977
10500	0.678	0.05572	0.4425	0.644	0.681	0.7228	0.7895
10600	0.4648	0.07586	0.2706	0.4076	0.4572	0.5103	0.7254
10700	0.5861	0.03497	0.5107	0.5621	0.5837	0.6067	0.7311
10800	0.5454	0.02831	0.422	0.5292	0.5482	0.5653	0.6124
10900	0.136	0.01454	0.1009	0.1263	0.1344	0.1455	0.1876
11000	0.7139	0.09114	0.3884	0.6672	0.7367	0.7811	0.8427
11100	0.5537	0.04632	0.4114	0.5231	0.5587	0.5871	0.6566
11200	0.7793	0.02681	0.6897	0.7618	0.7791	0.7975	0.8448
11300	0.4157	0.04408	0.2521	0.3895	0.4187	0.4451	0.5189
11400	0.695	0.03322	0.5333	0.6795	0.7005	0.718	0.7671
11500	0.1669	0.03176	0.1135	0.1439	0.1617	0.1826	0.3042
11600	0.3392	0.02644	0.2254	0.3213	0.3406	0.3583	0.4079
11700	0.441	0.02788	0.3551	0.423	0.4391	0.459	0.5398
11800	0.7412	0.02738	0.64	0.7248	0.745	0.7615	0.7972
11900	0.2224	0.0144	0.1923	0.2126	0.2198	0.2296	0.2822
12000	0.236	0.02227	0.1861	0.2209	0.2341	0.2494	0.3157
12100	0.4758	0.02161	0.3986	0.4637	0.4764	0.4901	0.5316
12200	0.4033	0.08615	0.136	0.3451	0.4061	0.4666	0.6182
12300	0.5982	0.04015	0.4775	0.572	0.598	0.624	0.7337
12400	0.2055	0.0242	0.1664	0.1891	0.2003	0.2181	0.3627
12500	0.8302	0.02868	0.6603	0.8136	0.8347	0.8503	0.898
12600	0.4922	0.05572	0.3222	0.4537	0.4926	0.5339	0.6252
12700	0.6205	0.06274	0.4086	0.5855	0.6287	0.6669	0.7455
12800	0.2204	0.0268	0.146	0.2026	0.2197	0.2374	0.2937
12900	0.6671	0.03383	0.5467	0.6482	0.6713	0.6911	0.7468
13000	0.1761	0.06148	0.06992	0.1354	0.1626	0.2016	0.5198
13100	0.2004	0.05654	0.08512	0.161	0.1908	0.2337	0.4471
13200	0.259	0.01774	0.2135	0.246	0.2576	0.2695	0.328
13300	0.2689	0.02324	0.2002	0.2543	0.2672	0.2824	0.3662
13400	0.6633	0.02473	0.5913	0.6472	0.6641	0.6818	0.7219
13500	0.345	0.04995	0.2152	0.3088	0.3429	0.3787	0.4908
13600	0.502	0.06328	0.3705	0.4562	0.4892	0.5405	0.7052
13700	0.2733	0.03655	0.1736	0.2475	0.2715	0.2934	0.4541
13800	0.439	0.08022	0.2115	0.3857	0.4386	0.4943	0.6233
13900	0.3861	0.08056	0.2092	0.3225	0.3823	0.4391	0.6409
14000	0.7465	0.04907	0.4691	0.7227	0.7576	0.7783	0.8344
14100	0.1613	0.002919	0.1471	0.1596	0.1614	0.1631	0.1692
14200	0.001003	0.0004339	0.0003184	0.0006884	0.0009118	0.001211	0.003521
14300	0.1687	0.05281	0.04996	0.1277	0.1606	0.2034	0.3568
14400	0.5457	0.1292	0.2101	0.448	0.5519	0.6498	0.8055
14500	0.1005	0.01201	0.07071	0.09188	0.1005	0.1091	0.135
14600	0.09281	0.01523	0.0612	0.08342	0.09041	0.0989	0.2065
14700	0.3015	0.09244	0.1002	0.232	0.2908	0.3564	0.588
14800	0.515	0.08684	0.2577	0.4529	0.5174	0.5798	0.7223
14900	0.756	0.03406	0.6057	0.7342	0.7604	0.7785	0.8436
15000	0.2925	0.09268	0.09059	0.2232	0.2828	0.3561	0.5635
15100	0.4894	0.03162	0.3763	0.4686	0.4897	0.5119	0.5881
15200	0.583	0.04304	0.3793	0.562	0.5895	0.6124	0.6834
15300	0.6523	0.07715	0.3732	0.6037	0.6609	0.708	0.8199
15400	0.3115	0.02041	0.2573	0.298	0.3103	0.3252	0.3847
15500	0.4653	0.04011	0.3147	0.4421	0.4673	0.4923	0.5688
15600	0.8807	0.02351	0.775	0.8683	0.8838	0.8982	0.9314
15700	0.3081	0.0348	0.2032	0.2841	0.3069	0.3314	0.4217
15800	0.291	0.04147	0.162	0.2633	0.289	0.3171	0.462
15900	0.5835	0.09114	0.1621	0.5356	0.5987	0.6521	0.732
16000	0.1475	0.05948	0.03971	0.1069	0.1342	0.1735	0.4135
16100	0.4441	0.04345	0.3267	0.4133	0.4414	0.4716	0.629
16200	0.0282	0.004886	0.01379	0.02477	0.02765	0.03129	0.04375
16300	0.1554	0.04355	0.0963	0.1261	0.1417	0.1725	0.3888
16400	0.1075	0.04481	0.02961	0.07374	0.0998	0.1313	0.3027
16500	0.641	0.03634	0.53	0.6168	0.6425	0.6653	0.7365
16600	0.6048	0.03436	0.4893	0.5821	0.602	0.6243	0.7318
16700	0.6969	0.04744	0.4742	0.6688	0.7056	0.7299	0.7881
16800	0.4823	0.06785	0.2712	0.4366	0.4845	0.5282	0.7156
16900	0.7229	0.01689	0.6668	0.7129	0.7232	0.7339	0.768
17000	0.002325	0.0008392	0.0006536	0.00175	0.002192	0.002824	0.007234
17100	0.5134	0.04086	0.3844	0.4863	0.5173	0.5413	0.6018
17200	0.5548	0.05922	0.3769	0.5204	0.5523	0.5965	0.7021
17300	0.5729	0.03753	0.4482	0.5499	0.5761	0.5994	0.6705
17400	0.1862	0.02203	0.1327	0.1718	0.1835	0.2001	0.2742
17500	0.008189	0.003846	0.001908	0.005587	0.007241	0.009889	0.02828
17600	0.7415	0.02695	0.5843	0.7291	0.7461	0.7591	0.7938
17700	0.4872	0.04272	0.3524	0.4605	0.4878	0.5171	0.5932
17800	0.709	0.02584	0.6274	0.6936	0.7095	0.7264	0.7701
17900	0.2713	0.06446	0.141	0.2254	0.2606	0.3092	0.5689
18000	0.6317	0.05163	0.3971	0.5991	0.6373	0.6688	0.745
18100	0.003222	0.002153	0.0004736	0.001708	0.002663	0.003933	0.01891
18200	0.5873	0.0897	0.3162	0.5221	0.5975	0.6584	0.7715
18300	0.6627	0.05223	0.4781	0.6339	0.6671	0.7025	0.7819
18400	0.3643	0.108	0.1093	0.2821	0.3577	0.4442	0.675
18500	0.07445	0.0165	0.03941	0.06327	0.07295	0.08388	0.1431
18600	0.6103	0.04524	0.4377	0.5828	0.614	0.6411	0.7105
18700	0.8063	0.02812	0.6687	0.7926	0.8126	0.8258	0.8617
18800	0.4873	0.04983	0.3405	0.4539	0.4933	0.5253	0.6029
18900	0.7318	0.0276	0.5647	0.7152	0.736	0.7501	0.8011
19000	0.4769	0.04992	0.333	0.441	0.4751	0.5116	0.6855
19100	0.5453	0.1407	0.1204	0.453	0.5626	0.6555	0.8365
19200	0.6902	0.05424	0.4725	0.6559	0.6914	0.7291	0.8419
19300	0.3209	0.05142	0.2102	0.2847	0.3163	0.3475	0.5618
19400	0.6142	0.1032	0.1772	0.5525	0.6306	0.6924	0.8123
19500	0.4247	0.04326	0.289	0.3957	0.4289	0.454	0.558
19600	0.4329	0.08909	0.1717	0.3702	0.4333	0.5032	0.6375
19700	0.7225	0.02553	0.6425	0.7069	0.7237	0.7406	0.7774
19800	0.002886	0.001979	0.0003728	0.001628	0.002374	0.003476	0.0155
19900	0.7863	0.04643	0.5797	0.7624	0.7952	0.8167	0.8776
20000	0.5297	0.08387	0.2856	0.4774	0.5293	0.5883	0.7283
20100	0.6048	0.07995	0.3113	0.5579	0.6199	0.6633	0.763
20200	0.2815	0.0983	0.07886	0.206	0.2633	0.3477	0.5788
20300	0.4356	0.0549	0.1994	0.3977	0.4363	0.4697	0.62
20400	0.7291	0.0323	0.4857	0.7141	0.7339	0.7503	0.7893
20500	0.7373	0.04587	0.502	0.7228	0.7476	0.7674	0.8175
20600	0.7475	0.03893	0.6195	0.7238	0.748	0.7744	0.8441
20700	0.5516	0.03908	0.4263	0.5256	0.5504	0.5803	0.6605
20800	0.1511	0.04161	0.06488	0.1216	0.1462	0.177	0.3091
20900	0.3869	0.02477	0.3178	0.37	0.3869	0.4037	0.4556
21000	0.8398	0.01671	0.7869	0.8302	0.8406	0.8514	0.8833
21100	0.8702	0.01468	0.7902	0.8625	0.8727	0.8801	0.8956
21200	0.637	0.04111	0.5138	0.6078	0.636	0.6646	0.7556
21300	0.3637	0.1092	0.135	0.282	0.3574	0.4412	0.7312
21400	0.3744	0.07996	0.05748	0.3236	0.3788	0.4318	0.6097
21500	0.7333	0.09425	0.3727	0.6709	0.7513	0.8062	0.8965
21600	0.6485	0.01639	0.5801	0.6389	0.6493	0.6593	0.7025
21700	0.6283	0.02934	0.5075	0.6124	0.6322	0.6479	0.6927
21800	0.387	0.05396	0.2358	0.3511	0.3819	0.4192	0.5599
21900	0.43	0.03802	0.2484	0.4066	0.43	0.4536	0.5688
22000	0.7134	0.0312	0.5307	0.6974	0.7158	0.7332	0.7829
22100	0.2646	0.03129	0.1845	0.2429	0.2623	0.2862	0.3664
22200	0.8194	0.01248	0.7759	0.8119	0.8203	0.8281	0.8552
22300	0.7554	0.01992	0.6923	0.7429	0.7552	0.7687	0.8128
22400	0.6063	0.03734	0.4841	0.5863	0.6113	0.6293	0.7154
22500	0.7577	0.03008	0.6407	0.7408	0.7612	0.7794	0.8239
22600	0.7516	0.01845	0.6888	0.7405	0.7517	0.7646	0.8038
22700	0.3603	0.02488	0.2868	0.3432	0.3598	0.3757	0.4708
22800	0.5856	0.02887	0.4947	0.5673	0.5897	0.6068	0.6582
22900	0.5009	0.03944	0.3648	0.4734	0.5008	0.5276	0.5986
23000	0.4255	0.04524	0.3127	0.3943	0.4222	0.4534	0.5906
23100	0.8499	0.02001	0.7541	0.8389	0.8542	0.8636	0.8854
23200	0.5339	0.04534	0.3623	0.5074	0.5392	0.5655	0.6307
23300	0.3999	0.1343	0.05416	0.2931	0.3939	0.499	0.7303
23400	0.1936	0.01881	0.1408	0.1813	0.1933	0.2079	0.2585
23500	0.8203	0.02816	0.7366	0.8024	0.8227	0.8383	0.8926
23600	0.1991	0.04118	0.1181	0.1707	0.1948	0.2211	0.3669
23700	0.6016	0.0356	0.433	0.5796	0.6017	0.6244	0.7208
23800	0.3054	0.1143	0.05823	0.2185	0.301	0.3847	0.6554
23900	0.4309	0.02643	0.3606	0.4133	0.4313	0.4469	0.5204
24000	0.5597	0.0602	0.359	0.5231	0.5637	0.6058	0.6868
24100	0.6389	0.03426	0.5143	0.6167	0.6416	0.6627	0.7374
24200	0.1419	0.01731	0.09992	0.1305	0.1405	0.1527	0.2044
24300	0.1277	0.02234	0.09781	0.115	0.1214	0.1336	0.3225
24400	0.7092	0.05179	0.5026	0.6774	0.7183	0.7458	0.8158
24500	0.6934	0.04868	0.3343	0.6693	0.699	0.7256	0.7921
24600	0.2937	0.1	0.08533	0.2152	0.2878	0.3664	0.5657
24700	0.3896	0.065	0.1912	0.3453	0.391	0.4313	0.5484
24800	0.5496	0.02599	0.4753	0.5331	0.5503	0.5678	0.6535
24900	0.4177	0.09195	0.1741	0.3497	0.4189	0.4833	0.6765
25000	0.5027	0.1482	0.1243	0.3942	0.5271	0.6156	0.7725
25100	0.5388	0.03959	0.3957	0.5147	0.5431	0.5683	0.6338
25200	0.6484	0.05568	0.4575	0.6149	0.6585	0.689	0.7704
25300	0.6403	0.0294	0.4988	0.6212	0.6411	0.6604	0.7163
25400	0.1079	0.008478	0.0825	0.102	0.1078	0.1134	0.1327
25500	0.2906	0.05374	0.1396	0.2535	0.2845	0.328	0.5016
25600	0.7417	0.01956	0.6515	0.7297	0.7435	0.7559	0.7863
25700	0.0004413	0.0001648	0.0001061	0.0003199	0.0004081	0.0005317	0.001134
25800	0.8033	0.02502	0.718	0.7872	0.8066	0.8222	0.8594
25900	0.01631	0.005685	0.00611	0.01233	0.01524	0.01921	0.03922
26000	0.612	0.08171	0.2547	0.5538	0.6132	0.6693	0.8086
26100	0.7134	0.02529	0.623	0.6993	0.7155	0.7312	0.7767
26200	0.7336	0.02544	0.6424	0.7189	0.7365	0.7533	0.7931
26300	0.3358	0.02076	0.2869	0.3208	0.3338	0.3477	0.4116
26400	0.7539	0.02591	0.657	0.7377	0.7567	0.7714	0.835
26500	0.683	0.02408	0.5926	0.6685	0.6864	0.7007	0.7456
26600	0.5283	0.1084	0.2	0.4637	0.543	0.6071	0.7564
26700	0.8564	0.01664	0.767	0.8471	0.8588	0.8675	0.9034
26800	0.5138	0.06548	0.2611	0.4699	0.5211	0.5603	0.6533
26900	0.07503	0.02109	0.03691	0.05908	0.07127	0.08789	0.1602
27000	0.09298	0.04411	0.0203	0.06183	0.08347	0.1136	0.4241
27100	0.6916	0.03601	0.5451	0.67	0.696	0.7161	0.7772
27200	0.5274	0.06273	0.3625	0.4798	0.5267	0.5739	0.6916
27300	0.4792	0.06461	0.3073	0.4306	0.4784	0.5247	0.6678
27400	0.2672	0.07775	0.07359	0.2087	0.2672	0.3235	0.4919
27500	0.1021	0.03177	0.04276	0.08139	0.09643	0.118	0.2541
27600	0.02859	0.00978	0.01057	0.02154	0.02724	0.03426	0.08356
27700	0.577	0.1022	0.2378	0.5046	0.5763	0.6545	0.7868
27800	0.3867	0.02876	0.2887	0.3676	0.3877	0.4047	0.4623
27900	0.7474	0.03221	0.6414	0.7241	0.7506	0.7717	0.8184
28000	0.4049	0.08233	0.1869	0.345	0.404	0.4637	0.6145
28100	0.4238	0.06499	0.2438	0.3776	0.4231	0.4714	0.5724
28200	0.8906	0.01889	0.7883	0.8814	0.8933	0.9046	0.9295
28300	0.7651	0.03349	0.6595	0.7438	0.77	0.7908	0.8307
28400	0.4247	0.05662	0.2802	0.3874	0.4256	0.465	0.5698
28500	0.5267	0.02907	0.4416	0.5062	0.529	0.5488	0.6108
28600	0.3964	0.03437	0.2848	0.3725	0.3945	0.4192	0.4958
28700	0.0123	0.005532	0.003208	0.008414	0.01131	0.01472	0.03878
28800	0.7705	0.01535	0.7068	0.7636	0.7731	0.7804	0.7989
28900	0.7948	0.01882	0.686	0.784	0.7973	0.8069	0.8422
29000	0.6994	0.04624	0.516	0.6722	0.7013	0.7311	0.8064
29100	0.8075	0.03657	0.6225	0.7919	0.8145	0.8328	0.876
29200	0.6801	0.01973	0.615	0.6688	0.6804	0.6924	0.7405
29300	0.1638	0.0354	0.08352	0.1407	0.1617	0.1793	0.3266
29400	0.3123	0.04409	0.1784	0.2821	0.3161	0.3428	0.4132
29500	0.1307	0.0248	0.06508	0.1124	0.1305	0.1475	0.219
29600	0.5212	0.02208	0.4182	0.5062	0.5219	0.5368	0.5909
29700	0.5057	0.06924	0.2889	0.4631	0.5053	0.5556	0.6649
29800	0.648	0.03912	0.5117	0.6214	0.6494	0.6762	0.7317
29900	0.506	0.01686	0.4549	0.4933	0.5074	0.5182	0.571
30000	0.3995	0.08764	0.1398	0.3392	0.4007	0.4612	0.617
30100	0.2881	0.0645	0.1412	0.2414	0.2841	0.3294	0.5055
30200	0.7695	0.01875	0.7067	0.7577	0.7702	0.7803	0.8202
30300	0.5062	0.04379	0.2658	0.4814	0.5165	0.5358	0.5896
30400	0.7297	0.02832	0.6418	0.71	0.731	0.7469	0.8129
30500	0.6011	0.0319	0.4974	0.5803	0.6026	0.6236	0.6818
30600	0.05392	0.03184	0.006066	0.0317	0.04662	0.06654	0.2149
30700	0.7811	0.02203	0.7046	0.7686	0.7831	0.7959	0.8421
30800	0.8142	0.01755	0.7456	0.8032	0.8163	0.8264	0.8565
30900	0.7955	0.02062	0.689	0.7853	0.7978	0.8095	0.84
31000	0.7573	0.02077	0.6893	0.7435	0.7571	0.7713	0.8244
31100	0.006419	0.002825	0.001629	0.004413	0.005811	0.007636	0.0203
31200	0.7431	0.01925	0.6793	0.7306	0.744	0.7573	0.7858
31300	0.7206	0.0118	0.6845	0.713	0.7212	0.7288	0.7518
31400	0.6963	0.01977	0.6183	0.6845	0.6979	0.7096	0.7523
31500	0.7066	0.0266	0.611	0.6905	0.7099	0.7257	0.7803
31600	0.335	0.008697	0.3099	0.3289	0.3345	0.3406	0.3668
31700	0.06182	0.01416	0.02688	0.05158	0.06064	0.0699	0.1224
31800	0.09192	0.004345	0.07518	0.08927	0.0922	0.09502	0.1038
31900	0.391	0.04977	0.2619	0.3547	0.3891	0.4247	0.5413
32000	0.1166	0.09449	0.01255	0.05383	0.08687	0.1465	0.6365
32100	0.04733	0.01258	0.02021	0.03846	0.04591	0.0542	0.1071
32200	0.2625	0.02862	0.1969	0.242	0.2592	0.2788	0.3563
32300	0.4255	0.06512	0.2797	0.3767	0.4264	0.4691	0.6071
32400	0.6164	0.04844	0.4869	0.5835	0.6164	0.6455	0.7577
32500	0.874	0.01905	0.8185	0.8613	0.8744	0.8893	0.9182
32600	0.7009	0.1222	0.2882	0.6291	0.7276	0.7944	0.8801
32700	0.3147	0.01458	0.2657	0.3053	0.3144	0.3252	0.3506
32800	0.3287	0.01233	0.2846	0.3209	0.3296	0.3374	0.3614
32900	0.006182	0.001743	0.00288	0.004948	0.005919	0.007108	0.01617
33000	0.5983	0.03666	0.499	0.5734	0.5992	0.6245	0.6895
33100	0.778	0.01821	0.7189	0.7659	0.7777	0.7901	0.8275
33200	0.4712	0.06894	0.3171	0.4187	0.4708	0.5236	0.6776
33300	0.2517	0.02787	0.1792	0.2335	0.2498	0.2698	0.3454
33400	0.6081	0.03429	0.4606	0.5864	0.6097	0.6301	0.6974
33500	0.2717	0.06104	0.1365	0.2302	0.2619	0.3045	0.5377
33600	0.4414	0.02909	0.366	0.4218	0.441	0.46	0.5286
33700	0.4588	0.06511	0.2216	0.4139	0.4587	0.5015	0.6485
33800	0.6766	0.04352	0.5236	0.6457	0.682	0.7096	0.7729
33900	0.6915	0.05197	0.4712	0.6633	0.6996	0.728	0.8056
34000	0.8979	0.005599	0.8764	0.8947	0.8986	0.9019	0.9098
34100	0.2847	0.02689	0.1963	0.2667	0.2845	0.3016	0.3724
34200	0.5965	0.02021	0.5165	0.5833	0.5963	0.6097	0.6633
34300	0.7854	0.03264	0.6641	0.7674	0.7897	0.81	0.8566
34400	0.01025	0.005722	0.001428	0.006418	0.008901	0.01289	0.04217
34500	0.7429	0.06208	0.4027	0.7075	0.7571	0.7894	0.8489
34600	0.6088	0.01914	0.5352	0.5968	0.6083	0.6219	0.6618
34700	0.0003375	0.0003357	2.068e-05	0.0001416	0.0002404	0.0004233	0.003508
34800	0.8424	0.01927	0.7853	0.83	0.8438	0.8555	0.8868
34900	0.2209	0.02488	0.1684	0.2037	0.218	0.2345	0.3462
35000	0.4029	0.04012	0.2301	0.3798	0.4073	0.4298	0.5005
35100	0.4631	0.06531	0.2931	0.4196	0.4609	0.5067	0.6702
35200	0.669	0.04984	0.4867	0.643	0.6766	0.7048	0.7597
35300	0.5977	0.02957	0.4967	0.5784	0.6025	0.6179	0.6701
35400	0.1555	0.0401	0.06816	0.1271	0.1512	0.1801	0.2801
35500	0.6661	0.02618	0.5766	0.6505	0.6666	0.6834	0.7251
35600	0.5735	0.03075	0.4446	0.5561	0.5753	0.5958	0.6705
35700	0.1613	0.05621	0.04177	0.12	0.1555	0.1965	0.3722
35800	0.42	0.02527	0.3289	0.4032	0.4208	0.4374	0.4948
35900	0.7799	0.03649	0.6129	0.7595	0.7881	0.8071	0.8511
36000	0.4141	0.03916	0.2134	0.3951	0.4188	0.441	0.5013
36100	0.4868	0.1161	0.1378	0.4022	0.5066	0.5828	0.6985
36200	0.04207	0.008579	0.02483	0.03615	0.04084	0.04677	0.08427
36300	0.6662	0.0336	0.5587	0.6435	0.6665	0.6863	0.7744
36400	0.6454	0.02499	0.5563	0.6301	0.6475	0.6623	0.7118
36500	0.5569	0.05358	0.4063	0.5181	0.5568	0.5978	0.704
36600	0.05589	0.01831	0.01617	0.04342	0.05494	0.0662	0.1242
36700	0.2237	0.03622	0.08731	0.2005	0.2237	0.2485	0.3259
36800	0.001705	0.002935	1.797e-05	0.0002734	0.0007116	0.001733	0.0285
36900	0.8614	0.02008	0.7198	0.8495	0.8654	0.8752	0.9017
37000	0.8304	0.01385	0.7795	0.8214	0.8303	0.8396	0.8722
37100	0.817	0.03696	0.6145	0.8016	0.8246	0.8412	0.8878
37200	0.4217	0.07785	0.2359	0.3614	0.4135	0.4742	0.6957
37300	5.996e-06	4.333e-06	7.789e-07	3.313e-06	4.786e-06	7.363e-06	3.583e-05
37400	0.5215	0.02648	0.4541	0.5023	0.5194	0.5396	0.6122
37500	0.7038	0.04837	0.5571	0.6768	0.7112	0.7407	0.8144
37600	0.614	0.0353	0.4731	0.5933	0.6171	0.6372	0.7059
37700	0.5509	0.02053	0.486	0.5369	0.5498	0.5641	0.6086
37800	0.3462	0.08708	0.1316	0.2852	0.334	0.4098	0.6168
37900	0.7516	0.0234	0.6745	0.7371	0.7526	0.7676	0.8154
38000	0.5138	0.02229	0.4369	0.4983	0.5141	0.5294	0.572
38100	0.616	0.02816	0.5134	0.598	0.6166	0.635	0.6857
38200	0.736	0.03313	0.6269	0.7138	0.7359	0.7589	0.823
38300	0.03766	0.01394	0.0116	0.02814	0.03583	0.04497	0.1202
38400	0.6592	0.04537	0.4983	0.633	0.6635	0.6896	0.7664
38500	0.6659	0.05096	0.4611	0.6366	0.672	0.7037	0.7813
38600	0.5825	0.01936	0.5239	0.5695	0.5822	0.5946	0.6378
38700	0.8094	0.02542	0.6964	0.7944	0.8111	0.8277	0.8709
38800	0.6154	0.03798	0.474	0.5898	0.6203	0.6435	0.7049
38900	0.6512	0.02719	0.546	0.6368	0.6529	0.6701	0.7162
39000	0.2113	0.008694	0.1857	0.2058	0.2102	0.2161	0.2693
39100	0.502	0.0296	0.4043	0.4817	0.5016	0.5213	0.5998
39200	0.5654	0.02735	0.4879	0.5481	0.5646	0.5825	0.6725
39300	0.6125	0.03603	0.4787	0.5943	0.618	0.6381	0.6992
39400	0.7647	0.03659	0.5977	0.7442	0.77	0.7906	0.848
39500	0.4033	0.03624	0.2985	0.377	0.4021	0.4259	0.5156
39600	0.5771	0.04061	0.4042	0.5539	0.5833	0.6062	0.666
39700	0.5274	0.07229	0.2517	0.4816	0.5344	0.5783	0.7224
39800	0.05334	0.04104	0.007133	0.02659	0.04296	0.06545	0.3426
39900	0.3554	0.03181	0.2406	0.3352	0.3566	0.3746	0.4532
40000	0.08322	0.03346	0.01857	0.05863	0.07895	0.102	0.2031
40100	0.5033	0.0851	0.2641	0.4467	0.508	0.5604	0.7132
40200	0.5496	0.03304	0.4476	0.5283	0.5516	0.5721	0.6328
40300	0.485	0.06884	0.2839	0.4365	0.4831	0.532	0.6911
40400	0.7791	0.01918	0.7185	0.7661	0.781	0.7929	0.8279
40500	0.1013	0.000319	0.1003	0.1011	0.1013	0.1015	0.1024
40600	0.001364	0.0008787	0.0002048	0.0007259	0.001137	0.001721	0.006215
40700	0.4276	0.03972	0.2508	0.4019	0.4302	0.4544	0.5336
40800	0.4145	0.0459	0.233	0.3888	0.4213	0.4476	0.5216
40900	0.6249	0.03189	0.5019	0.6082	0.6299	0.6464	0.6912
41000	0.5634	0.04932	0.3953	0.5312	0.5682	0.598	0.6793
41100	0.4155	0.09149	0.1341	0.3524	0.4136	0.4783	0.6666
41200	0.8651	0.01675	0.7934	0.8561	0.8667	0.8766	0.9039
41300	0.1249	0.01245	0.09533	0.1158	0.1233	0.1315	0.172
41400	0.3819	0.03465	0.2519	0.3605	0.3857	0.4061	0.4587
41500	0.8408	0.01212	0.7872	0.8332	0.8428	0.8488	0.8673
41600	0.143	0.0285	0.07624	0.1231	0.1405	0.1629	0.2421
41700	0.6607	0.02269	0.5885	0.6452	0.6611	0.6772	0.7128
41800	0.6995	0.05217	0.4976	0.6678	0.7063	0.7381	0.7977
41900	0.7706	0.02857	0.6847	0.751	0.772	0.7903	0.8497
42000	0.6857	0.02355	0.5951	0.6704	0.6867	0.7024	0.7623
42100	0.6291	0.038	0.4892	0.6033	0.6314	0.6554	0.7184
42200	0.6131	0.05024	0.4491	0.583	0.6172	0.6493	0.7647
42300	0.5699	0.03911	0.4112	0.5471	0.5761	0.598	0.6498
42400	0.7061	0.01799	0.636	0.6945	0.7076	0.7197	0.7418
42500	0.6731	0.02754	0.5594	0.6573	0.6755	0.6906	0.7565
42600	0.06011	0.04635	0.008137	0.03149	0.0442	0.0716	0.3261
42700	0.7031	0.06176	0.437	0.6636	0.7123	0.7506	0.8158
42800	0.6977	0.04252	0.4346	0.6777	0.7084	0.7269	0.7767
42900	0.7714	0.02017	0.6364	0.761	0.7736	0.7843	0.8101
43000	0.3627	0.05104	0.2046	0.3314	0.3656	0.3993	0.5017
43100	0.4329	0.02388	0.3538	0.4184	0.4337	0.449	0.5152
43200	0.8231	0.02712	0.7079	0.8091	0.8259	0.8404	0.9019
43300	0.8133	0.01882	0.6515	0.8034	0.8143	0.8256	0.8513
43400	0.5352	0.02891	0.4495	0.5146	0.5368	0.5549	0.6245
43500	0.7308	0.03809	0.6022	0.7053	0.7312	0.7575	0.8395
43600	0.7512	0.02755	0.6632	0.733	0.751	0.7714	0.8316
43700	0.253	0.06574	0.1112	0.2063	0.245	0.2984	0.4843
43800	0.6549	0.05933	0.4286	0.6198	0.6568	0.6938	0.8292
43900	0.1931	0.03553	0.1231	0.1674	0.1855	0.2114	0.3264
44000	0.6643	0.04563	0.5	0.6396	0.6695	0.6977	0.7508
44100	0.7746	0.02693	0.6591	0.7585	0.7766	0.793	0.8416
44200	0.7848	0.04161	0.5868	0.7657	0.7933	0.8125	0.871
44300	0.1997	0.03961	0.09355	0.1712	0.1979	0.223	0.3755
44400	0.4121	0.06609	0.2424	0.3651	0.4108	0.4583	0.6105
44500	0.3972	0.08567	0.1469	0.3364	0.4001	0.4563	0.6102
44600	0.3421	0.03638	0.2363	0.3177	0.3396	0.3635	0.4728
44700	0.4634	0.03782	0.3525	0.4376	0.4617	0.4865	0.6041
44800	0.8749	0.02247	0.7737	0.8647	0.8797	0.8896	0.9176
44900	0.6471	0.04069	0.5097	0.6216	0.6515	0.6756	0.7381
45000	0.2849	0.1134	0.02883	0.2002	0.3001	0.3757	0.5146
45100	0.1784	0.02473	0.1142	0.162	0.1783	0.1934	0.2597
45200	0.6624	0.03196	0.5734	0.6406	0.6651	0.686	0.742
45300	0.2214	0.05448	0.0714	0.1844	0.2276	0.2628	0.3563
45400	0.2722	0.03951	0.1878	0.2435	0.2705	0.2981	0.4202
45500	0.06098	0.01912	0.02531	0.04698	0.05872	0.07009	0.1447
45600	0.7117	0.02439	0.6218	0.6974	0.7125	0.7286	0.7748
45700	0.4509	0.1456	0.08419	0.3414	0.4613	0.566	0.7395
45800	0.03707	0.01319	0.01319	0.02738	0.03508	0.04343	0.08877
45900	0.4591	0.1287	0.09922	0.3732	0.4667	0.5569	0.7468
46000	0.8148	0.02502	0.6583	0.8021	0.8159	0.8311	0.8779
46100	0.4239	0.05351	0.2614	0.3902	0.4248	0.4621	0.5725
46200	0.3931	0.1003	0.1157	0.3199	0.3853	0.4689	0.6363
46300	0.08067	0.01604	0.04425	0.06948	0.07884	0.09048	0.1517
46400	0.6224	0.0524	0.415	0.5896	0.6284	0.6583	0.7579
46500	0.4346	0.0404	0.2894	0.4057	0.4345	0.4633	0.5375
46600	0.4466	0.04739	0.2714	0.4179	0.4489	0.4756	0.5809
46700	0.4855	0.04344	0.3505	0.4557	0.4829	0.5144	0.6385
46800	0.586	0.07775	0.3277	0.5361	0.604	0.647	0.7165
46900	0.5927	0.04731	0.435	0.5615	0.5969	0.625	0.7042
47000	0.6508	0.03407	0.5426	0.6282	0.6517	0.6752	0.7415
47100	0.09038	0.01987	0.04147	0.07621	0.09005	0.1028	0.1514
47200	0.1515	0.04013	0.06625	0.1216	0.1469	0.1743	0.2855
47300	0.05586	0.01044	0.03197	0.04933	0.05441	0.06134	0.1127
47400	0.09777	0.02317	0.04809	0.08014	0.09627	0.1105	0.2069
47500	0.418	0.02316	0.3252	0.4036	0.4185	0.4326	0.5008
47600	0.008074	0.0044	0.001961	0.004993	0.007062	0.01013	0.03208
47700	0.7503	0.01931	0.6913	0.7376	0.7525	0.7646	0.7939
47800	0.196	0.03984	0.1138	0.1687	0.1939	0.2186	0.4182
47900	0.2371	0.04113	0.1319	0.2093	0.2353	0.2629	0.3877
48000	0.6906	0.02885	0.5776	0.6743	0.6925	0.711	0.7681
48100	0.7193	0.02896	0.5835	0.7043	0.7241	0.7403	0.7818
48200	0.7802	0.03745	0.6103	0.7591	0.7859	0.8066	0.8521
48300	0.7671	0.03044	0.6331	0.7484	0.7714	0.7897	0.8345
48400	0.6458	0.02924	0.5194	0.631	0.6508	0.6647	0.7161
48500	0.09721	0.0275	0.04524	0.07805	0.09211	0.1109	0.2155
48600	0.3536	0.0361	0.2539	0.3286	0.3544	0.3758	0.469
48700	0.1046	0.04866	0.02523	0.07048	0.0948	0.1272	0.2911
48800	0.7051	0.03987	0.5511	0.6791	0.7089	0.7339	0.7877
48900	0.7236	0.02507	0.6382	0.7068	0.7244	0.7405	0.7965
49000	0.04797	0.02394	0.01078	0.03103	0.04284	0.05769	0.1546
49100	0.751	0.02337	0.6686	0.7356	0.7537	0.7663	0.8087
49200	0.003474	0.001441	0.0009983	0.002486	0.003164	0.004202	0.01005
49300	0.0001323	8.306e-05	2.201e-05	7.428e-05	0.0001093	0.0001616	0.0005601
49400	0.4835	0.06183	0.2957	0.4445	0.4888	0.5285	0.6501
49500	0.2473	0.02183	0.1858	0.2325	0.246	0.262	0.3164
49600	0.1618	0.07214	0.04123	0.1122	0.1441	0.2015	0.4315
49700	0.07139	0.05455	0.006236	0.03527	0.05514	0.09047	0.4292
49800	0.74	0.0435	0.5543	0.7139	0.7464	0.7692	0.8373
49900	0.1037	0.004887	0.09512	0.1005	0.1029	0.1057	0.1268
