idx	label	predict	radius	correct	unperturbed predict	unperturbed correct	time
0	0	-1	0.0	0	0	1	0:02:55.771495
100	2	2	2.16	1	2	1	0:02:52.450041
200	4	-1	0.0	0	33	0	0:02:52.273057
300	6	69	1.2	0	69	0	0:02:52.728912
400	8	8	1.9	1	8	1	0:02:52.222675
500	10	10	3.79	1	10	1	0:02:52.570413
600	12	-1	0.0	0	448	0	0:02:52.173651
700	14	14	1.77	1	14	1	0:02:52.657448
800	16	16	2.38	1	16	1	0:03:00.199703
900	18	99	0.474	0	99	0	0:03:01.149101
1000	20	20	1.32	1	20	1	0:03:00.929769
1100	22	16	0.257	0	16	0	0:03:00.685614
1200	24	24	3.72	1	24	1	0:03:01.419681
1300	26	26	0.0485	1	26	1	0:03:00.900791
1400	28	68	0.0495	0	68	0	0:03:01.310937
1500	30	30	0.349	1	30	1	0:03:00.670124
1600	32	26	0.36	0	26	0	0:03:00.619926
1700	34	-1	0.0	0	305	0	0:03:00.883226
1800	36	37	0.686	0	37	0	0:03:00.869295
1900	38	125	0.631	0	125	0	0:03:00.553600
2000	40	59	0.9	0	59	0	0:02:59.512233
2100	42	364	0.318	0	364	0	0:02:52.264607
2200	44	44	1.59	1	44	1	0:02:52.122288
2300	46	40	3.13	0	40	0	0:02:52.117838
2400	48	-1	0.0	0	58	0	0:02:51.973453
2500	50	135	0.0946	0	135	0	0:02:52.449372
2600	52	329	0.504	0	329	0	0:02:51.914241
2700	54	57	3.79	0	57	0	0:02:51.972955
2800	56	56	3.25	1	56	1	0:02:52.025501
2900	58	114	1.17	0	114	0	0:02:52.048617
3000	60	61	0.905	0	61	0	0:02:52.330888
3100	62	61	1.88	0	61	0	0:02:51.925097
3200	64	64	2.27	1	64	1	0:02:52.171871
3300	66	274	0.0222	0	274	0	0:02:52.108570
3400	68	111	3.4	0	111	0	0:02:52.443692
3500	70	70	3.79	1	70	1	0:02:51.901422
3600	72	72	3.79	1	72	1	0:02:52.432567
3700	74	78	1.91	0	78	0	0:02:52.137192
3800	76	306	0.713	0	306	0	0:02:52.517346
3900	78	70	0.257	0	70	0	0:02:52.721612
4000	80	80	3.79	1	80	1	0:02:52.050268
4100	82	82	3.1	1	82	1	0:02:51.984950
4200	84	108	1.8	0	108	0	0:02:52.114109
4300	86	-1	0.0	0	327	0	0:02:52.353512
4400	88	88	1.2	1	88	1	0:02:52.053691
4500	90	90	1.23	1	90	1	0:02:52.780646
4600	92	92	0.0158	1	92	1	0:02:51.857782
4700	94	92	1.27	0	92	0	0:02:52.008580
4800	96	96	3.79	1	96	1	0:02:52.727187
4900	98	147	1.61	0	147	0	0:02:52.536792
5000	100	100	3.79	1	100	1	0:02:52.003787
5100	102	316	0.893	0	316	0	0:02:52.236444
5200	104	342	1.54	0	342	0	0:02:52.231595
5300	106	106	3.6	1	106	1	0:02:52.182399
5400	108	470	2.21	0	470	0	0:02:52.082160
5500	110	115	0.185	0	115	0	0:02:52.445751
5600	112	-1	0.0	0	-1	0	0:02:52.079475
5700	114	988	0.238	0	988	0	0:02:52.155377
5800	116	116	3.79	1	116	1	0:02:52.417512
5900	118	118	0.354	1	118	1	0:02:52.368823
6000	120	397	0.134	0	397	0	0:02:52.098083
6100	122	122	0.377	1	122	1	0:02:52.465096
6200	124	599	0.0212	0	599	0	0:02:52.535274
6300	126	-1	0.0	0	363	0	0:02:52.216828
6400	128	128	3.79	1	128	1	0:02:52.539873
6500	130	129	0.59	0	129	0	0:02:52.220945
6600	132	132	1.59	1	132	1	0:02:52.124147
6700	134	127	0.035	0	127	0	0:02:52.460912
6800	136	136	3.79	1	136	1	0:02:52.101043
6900	138	138	1.19	1	138	1	0:02:52.049365
7000	140	140	3.79	1	140	1	0:02:52.243155
7100	142	135	0.473	0	135	0	0:02:54.901418
7200	144	331	3.35	0	331	0	0:02:54.471601
7300	146	-1	0.0	0	83	0	0:02:52.628528
7400	148	148	3.79	1	148	1	0:02:52.342163
7500	150	-1	0.0	0	336	0	0:02:52.524919
7600	152	152	0.695	1	152	1	0:02:52.522586
7700	154	-1	0.0	0	186	0	0:02:52.379028
7800	156	156	3.72	1	156	1	0:02:52.339635
7900	158	-1	0.0	0	174	0	0:02:52.604066
8000	160	160	2.41	1	160	1	0:02:52.298427
8100	162	162	2.99	1	162	1	0:02:53.049095
8200	164	217	1.46	0	217	0	0:02:52.297832
8300	166	162	2.17	0	162	0	0:02:52.695309
8400	168	-1	0.0	0	341	0	0:02:52.254236
8500	170	352	1.08	0	352	0	0:02:52.320915
8600	172	246	0.027	0	246	0	0:02:52.174689
8700	174	174	0.779	1	174	1	0:02:52.558516
8800	176	176	3.31	1	176	1	0:02:52.501322
8900	178	178	2.31	1	178	1	0:02:52.441317
9000	180	-1	0.0	0	243	0	0:02:52.404017
9100	182	-1	0.0	0	760	0	0:02:52.951014
9200	184	189	0.477	0	189	0	0:02:52.342578
9300	186	203	0.479	0	203	0	0:02:52.193058
9400	188	472	0.918	0	472	0	0:02:52.514734
9500	190	190	3.79	1	190	1	0:02:52.269105
9600	192	199	0.149	0	199	0	0:02:52.233237
9700	194	-1	0.0	0	649	0	0:02:52.200154
9800	196	199	1.75	0	199	0	0:02:52.208878
9900	198	-1	0.0	0	245	0	0:02:52.214908
10000	200	200	0.494	1	200	1	0:02:52.652857
10100	202	182	0.314	0	182	0	0:02:52.544130
10200	204	204	0.0856	1	204	1	0:02:52.094559
10300	206	213	1.49	0	213	0	0:02:52.644739
10400	208	205	1.4	0	205	0	0:02:52.217078
10500	210	210	0.808	1	210	1	0:02:55.374721
10600	212	198	1.89	0	198	0	0:02:56.545291
10700	214	-1	0.0	0	214	1	0:02:55.932338
10800	216	216	0.314	1	216	1	0:02:54.036987
10900	218	218	3.79	1	218	1	0:02:52.770192
11000	220	220	1.78	1	220	1	0:02:54.092212
11100	222	296	1.13	0	296	0	0:02:52.733238
11200	224	384	0.226	0	384	0	0:02:53.312541
11300	226	226	1.51	1	226	1	0:02:52.347026
11400	228	228	0.277	1	228	1	0:02:52.263104
11500	230	230	3.72	1	230	1	0:02:53.586762
11600	232	232	1.75	1	232	1	0:03:00.577806
11700	234	214	0.414	0	214	0	0:03:04.055570
11800	236	-1	0.0	0	164	0	0:03:04.681461
11900	238	241	3.06	0	241	0	0:02:59.052567
12000	240	238	3.79	0	238	0	0:02:56.692384
12100	242	171	0.113	0	171	0	0:02:58.523476
12200	244	244	2.12	1	244	1	0:02:56.863172
12300	246	251	0.54	0	251	0	0:02:58.645621
12400	248	248	2.5	1	248	1	0:02:53.260422
12500	250	384	0.726	0	384	0	0:02:52.625060
12600	252	244	3.79	0	244	0	0:02:52.140764
12700	254	34	1.37	0	34	0	0:02:52.006219
12800	256	256	3.79	1	256	1	0:02:52.110204
12900	258	232	2.72	0	232	0	0:02:52.129853
13000	260	260	2.41	1	260	1	0:02:52.310170
13100	262	262	3.79	1	262	1	0:02:52.405351
13200	264	232	1.86	0	232	0	0:02:52.177265
13300	266	266	3.28	1	266	1	0:02:52.305777
13400	268	122	0.185	0	122	0	0:02:52.103113
13500	270	270	2.66	1	270	1	0:02:52.315630
13600	272	352	0.896	0	352	0	0:02:52.377126
13700	274	274	2.08	1	274	1	0:02:52.056992
13800	276	276	0.926	1	276	1	0:02:52.155368
13900	278	278	2.67	1	278	1	0:02:52.357832
14000	280	280	0.803	1	280	1	0:02:52.177270
14100	282	282	0.704	1	282	1	0:02:52.741963
14200	284	284	3.79	1	284	1	0:02:52.424409
14300	286	286	3.79	1	286	1	0:02:52.147536
14400	288	290	1.59	0	290	0	0:02:52.513035
14500	290	290	3.79	1	290	1	0:02:52.375625
14600	292	290	3.79	0	290	0	0:02:52.321460
14700	294	294	3.79	1	294	1	0:02:52.614605
14800	296	270	0.763	0	270	0	0:02:52.167268
14900	298	-1	0.0	0	346	0	0:02:52.286052
15000	300	300	2.2	1	300	1	0:02:52.281137
15100	302	310	0.882	0	310	0	0:02:52.104807
15200	304	-1	0.0	0	309	0	0:02:52.242535
15300	306	303	0.113	0	303	0	0:02:52.732252
15400	308	303	2.38	0	303	0	0:02:52.253522
15500	310	310	0.191	1	310	1	0:02:52.199198
15600	312	-1	0.0	0	183	0	0:02:52.265896
15700	314	304	3.55	0	304	0	0:02:52.657830
15800	316	318	0.784	0	318	0	0:02:52.430392
15900	318	324	0.926	0	324	0	0:02:52.365769
16000	320	320	3.79	1	320	1	0:02:52.469486
16100	322	-1	0.0	0	-1	0	0:02:52.347010
16200	324	324	3.79	1	324	1	0:02:52.390781
16300	326	322	0.598	0	322	0	0:02:52.403863
16400	328	328	3.79	1	328	1	0:02:52.310436
16500	330	343	1.82	0	343	0	0:02:52.262928
16600	332	-1	0.0	0	265	0	0:02:52.381711
16700	334	334	0.583	1	334	1	0:02:54.375898
16800	336	373	0.639	0	373	0	0:02:54.052581
16900	338	-1	0.0	0	617	0	0:02:54.730790
17000	340	340	3.79	1	340	1	0:02:54.153889
17100	342	342	1.12	1	342	1	0:02:54.318487
17200	344	150	1.72	0	150	0	0:02:53.971623
17300	346	346	0.195	1	346	1	0:02:54.473932
17400	348	348	3.42	1	348	1	0:02:53.994248
17500	350	350	3.79	1	350	1	0:02:54.203245
17600	352	352	0.643	1	352	1	0:02:54.165282
17700	354	354	0.181	1	354	1	0:02:54.603910
17800	356	278	0.107	0	278	0	0:02:54.753461
17900	358	359	3.09	0	359	0	0:02:54.734791
18000	360	289	0.221	0	289	0	0:02:54.227957
18100	362	362	3.79	1	362	1	0:02:54.474218
18200	364	364	2.2	1	364	1	0:02:54.344572
18300	366	-1	0.0	0	-1	0	0:02:54.582858
18400	368	376	3.11	0	376	0	0:02:54.324702
18500	370	370	3.79	1	370	1	0:02:54.609859
18600	372	150	1.2	0	150	0	0:02:54.538586
18700	374	366	0.33	0	366	0	0:02:54.558298
18800	376	376	1.88	1	376	1	0:02:54.342169
18900	378	-1	0.0	0	726	0	0:02:54.551874
19000	380	-1	0.0	0	371	0	0:02:54.496753
19100	382	382	2.51	1	382	1	0:02:54.463366
19200	384	338	1.14	0	338	0	0:02:54.484436
19300	386	101	1.4	0	101	0	0:02:54.370733
19400	388	388	2.08	1	388	1	0:02:54.842023
19500	390	392	1.11	0	392	0	0:02:54.658944
19600	392	397	2.45	0	397	0	0:02:54.550027
19700	394	568	1.07	0	568	0	0:02:54.375915
19800	396	396	3.79	1	396	1	0:02:54.396079
19900	398	398	1.04	1	398	1	0:02:54.736387
20000	400	400	3.67	1	400	1	0:02:54.925186
20100	402	990	1.53	0	990	0	0:02:54.639516
20200	404	404	3.67	1	404	1	0:02:54.574762
20300	406	562	1.56	0	562	0	0:02:54.581397
20400	408	-1	0.0	0	49	0	0:02:54.210811
20500	410	-1	0.0	0	773	0	0:02:54.463119
20600	412	-1	0.0	0	882	0	0:02:54.185088
20700	414	414	1.22	1	414	1	0:02:54.457263
20800	416	416	3.79	1	416	1	0:02:54.106894
20900	418	-1	0.0	0	558	0	0:02:53.976610
21000	420	-1	0.0	0	-1	0	0:02:54.652223
21100	422	604	0.466	0	604	0	0:02:54.122660
21200	424	-1	0.0	0	877	0	0:02:54.437238
21300	426	426	3.4	1	426	1	0:02:54.550152
21400	428	428	0.954	1	428	1	0:02:54.080789
21500	430	430	2.93	1	430	1	0:02:54.003152
21600	432	-1	0.0	0	840	0	0:02:54.498667
21700	434	-1	0.0	0	816	0	0:02:55.382248
21800	436	436	3.63	1	436	1	0:02:56.163169
21900	438	521	1.01	0	521	0	0:02:56.898624
22000	440	440	0.275	1	440	1	0:02:56.792943
22100	442	442	2.46	1	442	1	0:02:56.460952
22200	444	739	1.2	0	739	0	0:02:56.839264
22300	446	718	0.173	0	718	0	0:02:56.379706
22400	448	694	0.841	0	694	0	0:02:54.376437
22500	450	-1	0.0	0	573	0	0:02:52.075911
22600	452	796	0.644	0	796	0	0:02:52.455819
22700	454	582	2.36	0	582	0	0:02:52.364260
22800	456	805	0.285	0	805	0	0:02:52.335729
22900	458	556	1.45	0	556	0	0:02:52.171542
23000	460	976	1.29	0	976	0	0:02:52.240322
23100	462	500	0.174	0	500	0	0:02:52.512209
23200	464	686	1.52	0	686	0	0:02:52.107892
23300	466	466	3.2	1	466	1	0:02:52.322191
23400	468	468	3.79	1	468	1	0:02:52.159558
23500	470	919	0.0743	0	919	0	0:02:52.113873
23600	472	472	3.53	1	472	1	0:02:52.045970
23700	474	-1	0.0	0	-1	0	0:02:52.547592
23800	476	476	3.63	1	476	1	0:02:52.189779
23900	478	492	0.465	0	492	0	0:02:52.475322
24000	480	877	3.58	0	877	0	0:02:52.248948
24100	482	509	2.05	0	509	0	0:02:52.289264
24200	484	871	3.79	0	871	0	0:02:51.909469
24300	486	486	2.01	1	486	1	0:02:52.822531
24400	488	483	1.4	0	483	0	0:02:52.401146
24500	490	293	0.0596	0	293	0	0:02:52.351514
24600	492	779	3.38	0	779	0	0:02:52.258569
24700	494	878	3.31	0	878	0	0:02:52.510268
24800	496	591	0.183	0	591	0	0:02:52.152693
24900	498	498	3.46	1	498	1	0:02:52.445713
25000	500	500	2.44	1	500	1	0:02:52.632490
25100	502	502	1.49	1	502	1	0:02:52.627839
25200	504	766	2.21	0	766	0	0:02:52.418452
25300	506	643	0.147	0	643	0	0:02:52.490799
25400	508	508	3.79	1	508	1	0:02:52.168221
25500	510	510	3.19	1	510	1	0:02:52.348035
25600	512	488	0.0061	0	488	0	0:02:52.343531
25700	514	514	3.79	1	514	1	0:02:52.268748
25800	516	-1	0.0	0	172	0	0:02:52.598127
25900	518	518	3.79	1	518	1	0:02:52.244640
26000	520	532	0.386	0	532	0	0:02:51.941508
26100	522	-1	0.0	0	747	0	0:02:52.137065
26200	524	579	1.01	0	579	0	0:02:51.991519
26300	526	527	1.89	0	527	0	0:02:52.362509
26400	528	478	2.5	0	478	0	0:02:52.069486
26500	530	531	0.0992	0	531	0	0:02:52.368429
26600	532	846	1.87	0	846	0	0:02:51.923450
26700	534	-1	0.0	0	887	0	0:02:52.024359
26800	536	403	1.84	0	403	0	0:02:51.931856
26900	538	538	3.79	1	538	1	0:02:51.952024
27000	540	540	3.79	1	540	1	0:02:52.086008
27100	542	561	0.983	0	561	0	0:02:51.998849
27200	544	926	0.341	0	926	0	0:02:52.186078
27300	546	546	3.45	1	546	1	0:02:51.976040
27400	548	548	3.22	1	548	1	0:02:52.392462
27500	550	505	3.55	0	505	0	0:02:52.437109
27600	552	552	3.79	1	552	1	0:02:52.213861
27700	554	554	1.97	1	554	1	0:02:52.584356
27800	556	790	1.86	0	790	0	0:02:51.953106
27900	558	257	2.09	0	257	0	0:02:52.089772
28000	560	560	3.55	1	560	1	0:02:52.081660
28100	562	562	3.15	1	562	1	0:02:52.377661
28200	564	-1	0.0	0	822	0	0:02:51.840451
28300	566	887	0.244	0	887	0	0:02:52.310385
28400	568	399	3.58	0	399	0	0:02:52.114644
28500	570	482	0.79	0	482	0	0:02:52.450656
28600	572	784	0.439	0	784	0	0:02:52.128831
28700	574	574	3.79	1	574	1	0:02:51.777715
28800	576	437	0.00971	0	437	0	0:02:52.279673
28900	578	894	0.0517	0	894	0	0:02:51.988043
29000	580	580	0.22	1	580	1	0:02:52.014451
29100	582	994	0.641	0	994	0	0:02:52.190310
29200	584	684	0.342	0	684	0	0:02:51.885152
29300	586	586	1.97	1	586	1	0:02:52.186383
29400	588	588	3.55	1	588	1	0:02:52.242311
29500	590	590	3.79	1	590	1	0:02:52.111134
29600	592	868	1.34	0	868	0	0:02:52.478680
29700	594	612	1.69	0	612	0	0:02:52.305679
29800	596	825	3.06	0	825	0	0:02:52.235222
29900	598	664	2.15	0	664	0	0:02:53.391083
30000	600	417	3.27	0	417	0	0:02:52.308631
30100	602	602	3.79	1	602	1	0:02:52.509684
30200	604	799	0.397	0	799	0	0:02:52.289356
30300	606	606	2.04	1	606	1	0:02:52.297034
30400	608	523	0.349	0	523	0	0:02:52.074339
30500	610	610	3.39	1	610	1	0:02:52.476562
30600	612	612	3.79	1	612	1	0:02:52.441521
30700	614	-1	0.0	0	400	0	0:02:52.336598
30800	616	-1	0.0	0	568	0	0:02:52.059619
30900	618	823	0.00422	0	823	0	0:02:52.747530
31000	620	617	1.18	0	617	0	0:02:52.198810
31100	622	622	3.79	1	622	1	0:02:52.146026
31200	624	-1	0.0	0	453	0	0:02:52.079361
31300	626	692	0.808	0	692	0	0:02:52.482033
31400	628	737	0.515	0	737	0	0:02:52.060742
31500	630	703	1.54	0	703	0	0:02:52.378250
31600	632	754	0.23	0	754	0	0:02:52.299225
31700	634	489	3.79	0	489	0	0:02:52.199640
31800	636	636	3.79	1	636	1	0:02:52.136200
31900	638	445	1.96	0	445	0	0:02:52.424565
32000	640	640	3.79	1	640	1	0:02:52.007364
32100	642	642	3.79	1	642	1	0:02:52.336804
32200	644	644	0.788	1	644	1	0:02:52.131567
32300	646	-1	0.0	0	-1	0	0:02:52.318183
32400	648	648	1.16	1	648	1	0:02:52.258644
32500	650	546	0.435	0	546	0	0:02:52.340742
32600	652	652	0.497	1	652	1	0:02:52.288591
32700	654	436	2.51	0	436	0	0:02:52.220854
32800	656	656	2.61	1	656	1	0:02:52.081820
32900	658	658	3.79	1	658	1	0:02:52.773165
33000	660	660	1.61	1	660	1	0:02:52.262382
33100	662	999	0.418	0	999	0	0:02:52.150324
33200	664	598	3.05	0	598	0	0:02:52.393446
33300	666	659	0.725	0	659	0	0:02:52.121326
33400	668	123	0.0858	0	123	0	0:02:52.244912
33500	670	670	2.17	1	670	1	0:02:52.222523
33600	672	979	2.99	0	979	0	0:02:52.368139
33700	674	532	0.858	0	532	0	0:02:52.343470
33800	676	-1	0.0	0	125	0	0:02:52.074503
33900	678	678	2.51	1	678	1	0:02:52.067006
34000	680	438	0.0381	0	438	0	0:02:51.992841
34100	682	657	1.78	0	657	0	0:02:51.904021
34200	684	875	1.04	0	875	0	0:02:52.051367
34300	686	-1	0.0	0	-1	0	0:02:51.785193
34400	688	688	3.79	1	688	1	0:02:51.834939
34500	690	690	2.02	1	690	1	0:02:52.022847
34600	692	-1	0.0	0	798	0	0:02:52.185322
34700	694	694	3.79	1	694	1	0:02:51.839487
34800	696	-1	0.0	0	75	0	0:02:52.009655
34900	698	663	3.79	0	663	0	0:02:52.000804
35000	700	831	0.978	0	831	0	0:02:52.302693
35100	702	702	1.55	1	702	1	0:02:52.084725
35200	704	877	2.14	0	877	0	0:02:52.248794
35300	706	536	0.854	0	536	0	0:02:52.105931
35400	708	682	3.79	0	682	0	0:02:52.255783
35500	710	748	0.67	0	748	0	0:02:52.413476
35600	712	441	0.952	0	441	0	0:02:51.874951
35700	714	714	3.79	1	714	1	0:02:52.058056
35800	716	497	0.971	0	497	0	0:02:52.047096
35900	718	-1	0.0	0	497	0	0:02:51.782100
36000	720	-1	0.0	0	441	0	0:02:51.840694
36100	722	722	1.54	1	722	1	0:02:52.093084
36200	724	780	3.79	0	780	0	0:02:51.984610
36300	726	415	0.117	0	415	0	0:02:52.043955
36400	728	-1	0.0	0	719	0	0:02:51.919069
36500	730	856	3.67	0	856	0	0:02:51.874766
36600	732	732	3.79	1	732	1	0:02:51.933289
36700	734	734	1.87	1	734	1	0:02:52.390393
36800	736	736	3.79	1	736	1	0:02:52.457031
36900	738	-1	0.0	0	115	0	0:02:52.224749
37000	740	-1	0.0	0	617	0	0:02:52.118795
37100	742	-1	0.0	0	466	0	0:02:52.519514
37200	744	442	1.34	0	442	0	0:02:51.891891
37300	746	746	3.79	1	746	1	0:02:52.481253
37400	748	748	0.978	1	748	1	0:02:52.250101
37500	750	259	0.943	0	259	0	0:02:52.030405
37600	752	423	0.189	0	423	0	0:02:52.018651
37700	754	477	1.41	0	477	0	0:02:52.153856
37800	756	756	3.79	1	756	1	0:02:51.930859
37900	758	-1	0.0	0	726	0	0:02:52.232198
38000	760	799	2.29	0	799	0	0:02:52.456697
38100	762	762	0.113	1	762	1	0:02:52.210951
38200	764	650	0.638	0	650	0	0:02:52.477699
38300	766	766	3.79	1	766	1	0:02:52.306877
38400	768	890	0.636	0	890	0	0:02:51.927998
38500	770	770	0.244	1	770	1	0:02:51.996345
38600	772	680	0.353	0	680	0	0:02:52.690517
38700	774	-1	0.0	0	514	0	0:02:52.135824
38800	776	645	1.0	0	645	0	0:02:52.070571
38900	778	747	2.72	0	747	0	0:02:52.267544
39000	780	-1	0.0	0	780	1	0:02:52.074180
39100	782	664	3.31	0	664	0	0:02:51.939501
39200	784	891	0.0798	0	891	0	0:02:52.064117
39300	786	670	0.0479	0	670	0	0:02:52.366524
39400	788	422	0.223	0	422	0	0:02:52.406512
39500	790	791	0.077	0	791	0	0:02:52.388679
39600	792	795	0.376	0	795	0	0:02:52.252817
39700	794	794	1.5	1	794	1	0:02:52.219572
39800	796	796	3.79	1	796	1	0:02:52.125677
39900	798	426	0.656	0	426	0	0:02:52.100573
40000	800	800	3.72	1	800	1	0:02:52.404471
40100	802	802	1.22	1	802	1	0:02:51.833518
40200	804	707	1.82	0	707	0	0:02:52.169536
40300	806	774	1.04	0	774	0	0:02:52.043962
40400	808	-1	0.0	0	643	0	0:02:52.058149
40500	810	810	0.0677	1	810	1	0:02:52.296623
40600	812	812	3.79	1	812	1	0:02:51.973165
40700	814	628	0.0533	0	628	0	0:02:52.047409
40800	816	816	1.59	1	816	1	0:02:52.236807
40900	818	-1	0.0	0	758	0	0:02:51.859205
41000	820	498	2.23	0	498	0	0:02:52.173141
41100	822	822	3.79	1	822	1	0:02:52.347205
41200	824	-1	0.0	0	594	0	0:02:51.981010
41300	826	531	2.31	0	531	0	0:02:51.961214
41400	828	818	2.55	0	818	0	0:02:52.416897
41500	830	-1	0.0	0	928	0	0:02:51.926310
41600	832	832	3.79	1	832	1	0:02:52.019791
41700	834	-1	0.0	0	879	0	0:02:51.998799
41800	836	444	0.969	0	444	0	0:02:52.365591
41900	838	692	0.56	0	692	0	0:02:51.946950
42000	840	-1	0.0	0	455	0	0:02:52.344915
42100	842	975	2.92	0	975	0	0:02:52.058114
42200	844	844	2.48	1	844	1	0:02:52.325818
42300	846	583	0.493	0	583	0	0:02:52.250108
42400	848	788	0.631	0	788	0	0:02:52.219658
42500	850	-1	0.0	0	-1	0	0:02:51.730909
42600	852	852	3.67	1	852	1	0:02:52.094228
42700	854	950	2.44	0	950	0	0:02:52.132731
42800	856	856	0.661	1	856	1	0:02:52.034576
42900	858	-1	0.0	0	915	0	0:02:51.956369
43000	860	941	3.0	0	941	0	0:02:51.839035
43100	862	862	0.561	1	862	1	0:02:52.190060
43200	864	-1	0.0	0	803	0	0:02:52.810982
43300	866	-1	0.0	0	801	0	0:02:53.522948
43400	868	967	1.27	0	967	0	0:02:53.441419
43500	870	723	0.432	0	723	0	0:02:53.571115
43600	872	-1	0.0	0	-1	0	0:02:53.181772
43700	874	874	3.58	1	874	1	0:02:53.623930
43800	876	648	2.93	0	648	0	0:02:52.804847
43900	878	878	3.72	1	878	1	0:02:53.061410
44000	880	621	0.118	0	621	0	0:02:53.077037
44100	882	422	0.285	0	422	0	0:02:52.663133
44200	884	884	0.801	1	884	1	0:02:52.905412
44300	886	886	3.79	1	886	1	0:02:52.403510
44400	888	718	3.79	0	718	0	0:02:52.302035
44500	890	890	1.57	1	890	1	0:02:53.220526
44600	892	-1	0.0	0	663	0	0:02:52.649782
44700	894	894	0.504	1	894	1	0:02:53.101958
44800	896	-1	0.0	0	583	0	0:02:53.051783
44900	898	458	2.48	0	458	0	0:02:53.002308
45000	900	900	1.26	1	900	1	0:02:52.866921
45100	902	902	3.79	1	902	1	0:02:52.838559
45200	904	905	1.13	0	905	0	0:02:53.134696
45300	906	906	1.29	1	906	1	0:02:53.147273
45400	908	895	3.72	0	895	0	0:02:52.964385
45500	910	641	3.79	0	641	0	0:02:52.996303
45600	912	730	0.486	0	730	0	0:02:52.786689
45700	914	914	3.11	1	914	1	0:02:53.227980
45800	916	916	3.79	1	916	1	0:02:53.217822
45900	918	918	2.9	1	918	1	0:02:53.046290
46000	920	-1	0.0	0	862	0	0:02:52.438810
46100	922	922	3.79	1	922	1	0:02:53.306430
46200	924	924	2.76	1	924	1	0:02:53.108875
46300	926	926	3.79	1	926	1	0:02:52.486106
46400	928	332	0.389	0	332	0	0:02:53.371037
46500	930	964	1.26	0	964	0	0:02:52.616936
46600	932	766	0.0705	0	766	0	0:02:52.923689
46700	934	926	1.02	0	926	0	0:02:52.841043
46800	936	936	1.76	1	936	1	0:02:53.206344
46900	938	937	2.73	0	937	0	0:02:53.297473
47000	940	940	0.311	1	940	1	0:02:52.575385
47100	942	942	3.79	1	942	1	0:02:53.364516
47200	944	946	3.36	0	946	0	0:02:53.043413
47300	946	946	3.79	1	946	1	0:02:52.844591
47400	948	948	3.79	1	948	1	0:02:53.663395
47500	950	950	0.0877	1	950	1	0:02:54.320298
47600	952	90	3.79	0	90	0	0:02:54.736460
47700	954	996	0.269	0	996	0	0:02:53.581969
47800	956	956	2.85	1	956	1	0:02:56.266970
47900	958	483	3.79	0	483	0	0:02:56.316877
48000	960	213	0.568	0	213	0	0:02:56.283056
48100	962	962	0.516	1	962	1	0:02:55.875180
48200	964	38	1.45	0	38	0	0:02:56.043279
48300	966	447	0.0664	0	447	0	0:02:55.966176
48400	968	-1	0.0	0	801	0	0:02:56.061102
48500	970	795	3.79	0	795	0	0:02:53.495185
48600	972	979	3.79	0	979	0	0:02:52.133485
48700	974	974	3.79	1	974	1	0:02:51.961151
48800	976	147	0.558	0	147	0	0:02:52.002209
48900	978	-1	0.0	0	693	0	0:02:52.070327
49000	980	980	3.79	1	980	1	0:02:52.011072
49100	982	982	1.21	1	982	1	0:02:51.981896
49200	984	984	3.79	1	984	1	0:02:52.437442
49300	986	986	3.79	1	986	1	0:02:52.089309
49400	988	112	0.527	0	112	0	0:02:51.921219
49500	990	956	1.03	0	956	0	0:02:52.347200
49600	992	992	3.23	1	992	1	0:02:52.056253
49700	994	994	3.36	1	994	1	0:02:51.849064
49800	996	996	1.18	1	996	1	0:02:52.095218
49900	998	987	3.79	0	987	0	0:02:52.007401
