idx	predict	radius	unperturbed predict	time
0	0	3.79	0	0:01:15.191457
20	0	1.25	0	0:01:14.693971
40	0	0.528	0	0:01:14.693031
60	1	0.409	1	0:01:14.544729
80	1	2.5	1	0:01:14.679048
100	0	3.16	0	0:01:14.874594
120	1	1.88	1	0:01:14.526339
140	0	3.19	0	0:01:14.453320
160	1	2.33	1	0:01:14.410577
180	1	3.42	1	0:01:15.919540
200	0	0.28	0	0:01:18.644230
220	1	1.93	1	0:01:16.324269
240	-1	0.0	-1	0:01:18.521180
260	0	0.824	0	0:01:15.066129
280	1	1.22	1	0:01:14.825768
300	0	3.24	0	0:01:14.744413
320	0	2.5	0	0:01:14.518639
340	0	1.81	0	0:01:14.981599
360	0	3.35	0	0:01:15.066457
380	0	3.79	0	0:01:15.531234
400	1	3.67	1	0:01:14.681988
420	0	3.79	0	0:01:14.887682
440	0	0.328	0	0:01:14.543544
460	-1	0.0	1	0:01:15.124400
480	1	2.41	1	0:01:14.864039
500	0	2.21	0	0:01:14.877724
520	0	1.07	0	0:01:15.002222
540	1	2.26	1	0:01:14.520941
560	1	2.91	1	0:01:14.404588
580	0	3.05	0	0:01:14.637665
600	0	1.6	0	0:01:14.712222
620	0	2.39	0	0:01:14.565736
640	0	1.27	0	0:01:14.747294
660	1	0.407	1	0:01:14.631300
680	1	0.298	1	0:01:14.578034
700	0	0.57	0	0:01:14.890638
720	0	0.751	0	0:01:15.020345
740	0	1.05	0	0:01:14.918978
760	0	1.07	0	0:01:14.550764
780	0	0.308	0	0:01:14.836162
800	1	1.99	1	0:01:14.721360
820	0	2.74	0	0:01:15.301414
840	1	3.79	1	0:01:15.092203
860	0	3.43	0	0:01:14.659470
880	1	3.79	1	0:01:14.355349
900	0	3.38	0	0:01:14.952024
920	0	3.32	0	0:01:14.531104
940	-1	0.0	1	0:01:14.452455
960	0	0.417	0	0:01:14.709292
980	0	3.3	0	0:01:14.983644
1000	0	0.0117	-1	0:01:14.481347
1020	0	0.135	0	0:01:14.428562
1040	1	2.44	1	0:01:14.438245
1060	1	2.0	1	0:01:14.751491
1080	0	0.13	0	0:01:15.036032
1100	1	2.36	1	0:01:14.754613
1120	0	3.49	0	0:01:14.676240
1140	0	3.48	0	0:01:14.640103
1160	1	1.83	1	0:01:15.051577
1180	0	2.39	0	0:01:14.477369
1200	1	3.19	1	0:01:14.449867
1220	0	3.12	0	0:01:14.753771
1240	0	2.88	0	0:01:14.845609
1260	1	2.16	1	0:01:14.419280
1280	1	0.58	1	0:01:14.424700
1300	0	3.79	0	0:01:14.521228
1320	1	0.0571	1	0:01:14.587825
1340	1	3.36	1	0:01:14.657717
1360	0	2.7	0	0:01:14.852217
1380	0	2.6	0	0:01:14.948308
1400	0	1.75	0	0:01:14.565869
1420	0	1.47	0	0:01:14.475667
1440	0	0.281	0	0:01:14.486340
1460	0	3.79	0	0:01:14.774449
1480	0	1.37	0	0:01:14.766911
1500	1	1.64	1	0:01:14.576723
1520	0	2.61	0	0:01:14.521604
1540	0	0.386	0	0:01:15.118507
1560	1	3.79	1	0:01:14.917258
1580	0	1.51	0	0:01:14.451601
1600	0	1.85	0	0:01:14.528805
1620	0	1.97	0	0:01:14.632377
1640	0	0.839	0	0:01:14.413272
1660	0	1.85	0	0:01:14.627693
1680	0	1.94	0	0:01:14.416725
1700	0	2.53	0	0:01:14.611164
1720	1	0.525	1	0:01:14.455499
1740	1	3.51	1	0:01:15.119197
1760	0	0.433	0	0:01:15.174505
1780	1	1.73	1	0:01:15.060578
1800	-1	0.0	-1	0:01:14.816921
1820	1	1.15	1	0:01:15.558629
1840	0	2.96	0	0:01:14.661522
1860	1	3.27	1	0:01:15.286662
1880	0	1.86	0	0:01:15.065672
1900	1	3.79	1	0:01:15.079053
1920	0	2.69	0	0:01:15.213578
1940	1	1.96	1	0:01:15.358482
1960	0	2.26	0	0:01:15.066895
1980	0	0.198	0	0:01:15.290257
2000	0	2.88	0	0:01:15.078843
2020	1	3.05	1	0:01:15.391290
2040	1	2.13	1	0:01:15.759201
2060	0	0.197	0	0:01:15.760137
2080	0	1.74	0	0:01:15.049569
2100	0	1.7	0	0:01:15.278980
2120	0	0.404	0	0:01:15.093139
2140	1	2.39	1	0:01:15.109879
2160	1	2.17	1	0:01:16.042629
2180	0	3.79	0	0:01:19.591260
2200	1	3.79	1	0:01:15.398047
2220	0	0.54	0	0:01:15.174601
2240	1	0.538	1	0:01:15.222789
2260	0	3.39	0	0:01:16.246102
2280	0	1.12	0	0:01:15.359859
2300	0	3.79	0	0:01:15.645707
2320	0	1.58	0	0:01:14.908889
2340	1	1.18	1	0:01:16.142245
2360	0	0.688	0	0:01:16.674133
2380	1	3.79	1	0:01:16.833907
2400	1	3.79	1	0:01:17.716053
2420	0	2.13	0	0:01:18.141609
2440	1	0.753	1	0:01:15.681204
2460	0	3.32	0	0:01:16.058958
2480	0	0.267	0	0:01:15.196695
2500	0	2.54	0	0:01:16.499493
2520	1	1.21	1	0:01:15.233084
2540	0	2.54	0	0:01:15.207154
2560	0	3.19	0	0:01:15.107446
2580	-1	0.0	1	0:01:15.431448
2600	1	2.85	1	0:01:15.442574
2620	0	3.29	0	0:01:15.751682
2640	0	0.869	0	0:01:15.328205
2660	0	0.572	0	0:01:15.646557
2680	1	3.43	1	0:01:15.998737
2700	0	1.29	0	0:01:15.632544
2720	0	3.79	0	0:01:15.479053
2740	0	3.19	0	0:01:16.205222
2760	0	3.37	0	0:01:16.486681
2780	1	1.71	1	0:01:15.281444
2800	0	3.6	0	0:01:15.136430
2820	0	3.6	0	0:01:15.495724
2840	1	3.79	1	0:01:16.023781
2860	0	2.1	0	0:01:16.594803
2880	0	1.67	0	0:01:15.157981
2900	0	0.631	0	0:01:15.537565
2920	1	0.162	1	0:01:16.216758
2940	0	1.2	0	0:01:15.639593
2960	1	1.23	1	0:01:16.606627
2980	0	1.85	0	0:01:16.928527
3000	1	1.95	1	0:01:17.504091
3020	0	0.911	0	0:01:18.153583
3040	1	3.51	1	0:01:16.764845
3060	1	0.209	1	0:01:17.105439
3080	0	2.87	0	0:01:16.737498
3100	1	1.65	1	0:01:16.261033
3120	0	3.13	0	0:01:16.690521
3140	1	3.04	1	0:01:16.977232
3160	0	3.43	0	0:01:16.516947
3180	0	2.48	0	0:01:19.698517
3200	0	1.06	0	0:01:15.799290
3220	0	2.03	0	0:01:15.361342
3240	0	3.27	0	0:01:15.157297
3260	1	1.29	1	0:01:15.330584
3280	0	0.326	0	0:01:16.134813
3300	0	3.21	0	0:01:15.187711
3320	0	0.454	0	0:01:15.079451
3340	0	1.77	0	0:01:15.215551
3360	0	3.79	0	0:01:15.228505
3380	1	0.214	1	0:01:15.320272
3400	0	3.51	0	0:01:15.178962
3420	0	3.58	0	0:01:15.254669
3440	0	3.53	0	0:01:15.167057
3460	0	1.7	0	0:01:15.989392
3480	1	2.83	1	0:01:15.116528
3500	0	3.05	0	0:01:15.136775
3520	1	3.72	1	0:01:15.209648
3540	0	3.58	0	0:01:15.372717
3560	1	1.92	1	0:01:14.929345
3580	0	3.38	0	0:01:15.030326
3600	0	2.63	0	0:01:15.171220
3620	0	1.29	0	0:01:15.538340
3640	0	2.46	0	0:01:15.332484
3660	1	2.5	1	0:01:15.325584
3680	0	3.13	0	0:01:15.142165
3700	1	0.414	1	0:01:15.640956
3720	0	1.13	0	0:01:15.303002
3740	1	3.08	1	0:01:15.062371
3760	1	2.29	1	0:01:15.055823
3780	0	0.921	0	0:01:15.246049
3800	0	1.77	0	0:01:15.085749
3820	1	0.232	1	0:01:15.306429
3840	0	1.15	0	0:01:15.819809
3860	1	3.79	1	0:01:15.734231
3880	0	2.31	0	0:01:15.098861
3900	1	1.78	1	0:01:15.114313
3920	1	0.371	1	0:01:15.202678
3940	0	3.6	0	0:01:15.396166
3960	0	1.64	0	0:01:15.015097
3980	0	0.321	0	0:01:15.222893
4000	0	2.26	0	0:01:15.083517
4020	1	3.58	1	0:01:15.797577
4040	1	3.79	1	0:01:15.077450
4060	0	1.95	0	0:01:15.161043
4080	0	0.123	0	0:01:15.446293
4100	1	3.39	1	0:01:15.342831
4120	1	2.5	1	0:01:15.098530
4140	1	3.23	1	0:01:14.884127
4160	0	0.858	0	0:01:15.182277
4180	1	0.593	1	0:01:15.192587
4200	0	0.179	0	0:01:15.268442
4220	1	3.72	1	0:01:14.922585
4240	0	0.347	0	0:01:15.273318
4260	1	3.79	1	0:01:16.256032
4280	1	2.16	1	0:01:15.145392
4300	1	1.22	1	0:01:15.042940
4320	1	3.79	1	0:01:15.015594
4340	1	1.74	1	0:01:15.445230
4360	1	3.28	1	0:01:15.168972
4380	1	1.39	1	0:01:15.688379
4400	0	3.67	0	0:01:15.186308
4420	0	1.35	0	0:01:15.266169
4440	0	3.79	0	0:01:15.173521
4460	1	0.687	1	0:01:15.174742
4480	0	1.97	0	0:01:15.548052
4500	0	2.46	0	0:01:15.416694
4520	0	3.06	0	0:01:15.018198
4540	1	3.58	1	0:01:15.340850
4560	0	1.7	0	0:01:15.140350
4580	0	2.72	0	0:01:15.347484
4600	0	2.03	0	0:01:15.315130
4620	0	1.96	0	0:01:14.984448
4640	0	2.84	0	0:01:15.439978
4660	0	3.51	0	0:01:15.372218
4680	1	3.63	1	0:01:15.590243
4700	0	3.1	0	0:01:15.410596
4720	1	2.08	1	0:01:15.188314
4740	0	1.67	0	0:01:15.510414
4760	0	3.63	0	0:01:15.163167
4780	-1	0.0	-1	0:01:15.048429
4800	1	3.79	1	0:01:15.697095
4820	0	2.48	0	0:01:15.288748
4840	1	3.49	1	0:01:15.077260
4860	0	0.664	0	0:01:15.281282
4880	1	1.01	1	0:01:15.149544
4900	0	0.391	0	0:01:15.590488
4920	0	0.848	0	0:01:15.613236
4940	0	0.752	0	0:01:15.037790
4960	0	3.34	0	0:01:15.182834
4980	1	1.31	1	0:01:15.858948
5000	1	2.53	1	0:01:15.420735
5020	1	2.38	1	0:01:15.262029
5040	0	1.77	0	0:01:15.160151
5060	0	3.79	0	0:01:15.733254
5080	1	2.02	1	0:01:15.931485
5100	0	3.27	0	0:01:15.272256
5120	1	3.09	1	0:01:15.286812
5140	1	2.35	1	0:01:15.570852
5160	1	3.79	1	0:01:15.350124
5180	0	3.26	0	0:01:15.579770
5200	1	0.142	1	0:01:14.998839
5220	1	2.01	1	0:01:15.517477
5240	0	2.68	0	0:01:15.578159
5260	1	2.4	1	0:01:15.080738
5280	1	3.72	1	0:01:14.992140
5300	0	0.797	0	0:01:15.237341
5320	1	3.49	1	0:01:15.110497
5340	0	2.73	0	0:01:15.222773
5360	1	3.55	1	0:01:15.153051
5380	1	3.72	1	0:01:15.232263
5400	0	0.803	0	0:01:15.127569
5420	0	0.0385	-1	0:01:15.264982
5440	1	3.79	1	0:01:15.226000
5460	0	1.29	0	0:01:15.280323
5480	0	1.82	0	0:01:15.421733
5500	1	0.14	1	0:01:15.132891
5520	0	0.992	0	0:01:15.285275
5540	0	2.67	0	0:01:15.844607
5560	0	0.293	0	0:01:15.128174
5580	0	0.494	0	0:01:15.128386
5600	0	0.936	0	0:01:15.347161
5620	1	2.6	1	0:01:15.399718
5640	0	0.0538	0	0:01:14.989978
5660	0	0.259	0	0:01:15.376105
5680	0	1.79	0	0:01:15.283039
5700	0	3.58	0	0:01:15.310274
5720	1	3.79	1	0:01:15.236949
5740	1	0.448	1	0:01:15.179268
5760	0	3.17	0	0:01:15.297421
5780	1	1.74	1	0:01:15.358464
5800	0	2.31	0	0:01:15.148257
5820	0	3.33	0	0:01:15.022251
5840	0	3.72	0	0:01:15.125772
5860	0	0.094	0	0:01:15.372424
5880	1	0.843	1	0:01:14.933639
5900	0	3.43	0	0:01:15.051057
5920	1	3.79	1	0:01:15.250583
5940	0	1.96	0	0:01:15.449674
5960	0	2.24	0	0:01:15.230158
5980	1	1.8	1	0:01:15.569967
6000	1	0.328	1	0:01:15.296966
6020	0	3.24	0	0:01:15.807518
6040	0	2.52	0	0:01:15.645031
6060	0	3.72	0	0:01:15.721910
6080	0	1.24	0	0:01:15.643752
6100	0	1.11	0	0:01:15.778782
6120	1	1.77	1	0:01:15.426166
6140	1	2.87	1	0:01:15.468946
6160	0	2.23	0	0:01:15.640591
6180	1	2.86	1	0:01:15.398808
6200	0	0.497	0	0:01:15.220001
6220	0	1.7	0	0:01:14.790113
6240	0	3.72	0	0:01:15.335634
6260	0	2.75	0	0:01:15.147086
6280	0	1.94	0	0:01:14.822151
6300	0	3.35	0	0:01:14.814705
6320	1	2.08	1	0:01:14.764413
6340	0	2.2	0	0:01:15.066232
6360	0	1.58	0	0:01:15.317273
6380	0	3.58	0	0:01:15.275533
6400	0	0.753	0	0:01:14.915040
6420	0	1.84	0	0:01:15.074628
6440	1	0.0264	-1	0:01:14.896506
6460	0	2.91	0	0:01:14.824164
6480	1	0.357	1	0:01:14.758009
6500	0	1.71	0	0:01:14.878242
6520	1	0.718	1	0:01:14.694776
6540	1	1.42	1	0:01:14.823864
6560	0	1.83	0	0:01:14.826366
6580	0	1.84	0	0:01:14.857295
6600	1	3.6	1	0:01:14.862049
6620	1	1.74	1	0:01:14.823737
6640	0	0.951	0	0:01:14.894460
6660	1	3.72	1	0:01:15.069443
6680	0	1.08	0	0:01:14.780126
6700	0	3.58	0	0:01:15.157776
6720	-1	0.0	-1	0:01:14.816361
6740	0	2.45	0	0:01:14.982526
6760	0	0.972	0	0:01:14.959862
6780	1	1.66	1	0:01:14.878227
6800	0	3.79	0	0:01:14.964260
6820	1	2.78	1	0:01:15.222037
6840	1	0.197	1	0:01:14.948280
6860	1	3.4	1	0:01:14.841906
6880	0	2.81	0	0:01:14.931210
6900	0	1.43	0	0:01:15.397164
6920	1	0.12	1	0:01:14.881480
6940	1	2.85	1	0:01:14.937364
6960	1	0.701	1	0:01:15.093156
6980	1	2.61	1	0:01:15.108438
7000	0	2.74	0	0:01:14.915934
7020	1	0.0739	1	0:01:15.105256
7040	1	0.206	1	0:01:15.157291
7060	1	1.35	1	0:01:15.110078
7080	0	3.25	0	0:01:14.845380
7100	0	1.22	0	0:01:14.982425
7120	1	0.674	1	0:01:15.078148
7140	0	3.79	0	0:01:15.144723
7160	1	0.917	1	0:01:15.041944
7180	0	2.72	0	0:01:14.973380
7200	0	2.71	0	0:01:15.082759
7220	1	0.302	1	0:01:15.333293
7240	0	0.454	0	0:01:14.957871
7260	1	3.03	1	0:01:14.874173
7280	0	2.4	0	0:01:14.899474
7300	0	0.787	0	0:01:15.191108
7320	1	3.79	1	0:01:14.892535
7340	0	2.93	0	0:01:15.413959
7360	0	3.48	0	0:01:14.831112
7380	0	2.12	0	0:01:15.564007
7400	0	0.78	0	0:01:14.867959
7420	1	1.73	1	0:01:14.932468
7440	0	3.79	0	0:01:14.886186
7460	1	3.79	1	0:01:15.282117
7480	0	1.33	0	0:01:14.861942
7500	1	3.79	1	0:01:14.994745
7520	0	3.67	0	0:01:14.972646
7540	1	3.46	1	0:01:15.855289
7560	0	2.49	0	0:01:14.877306
7580	1	2.86	1	0:01:14.873458
7600	0	1.73	0	0:01:15.290812
7620	0	2.17	0	0:01:15.046222
7640	0	1.59	0	0:01:14.930295
7660	0	2.63	0	0:01:15.281965
7680	0	0.94	0	0:01:14.984677
7700	0	3.79	0	0:01:15.173486
7720	0	3.55	0	0:01:15.001026
7740	0	1.75	0	0:01:14.907679
7760	0	1.56	0	0:01:14.823939
7780	0	0.413	0	0:01:15.196235
7800	1	3.42	1	0:01:15.325807
7820	1	1.09	1	0:01:15.493746
7840	1	2.39	1	0:01:14.995884
7860	0	2.86	0	0:01:15.222459
7880	1	3.79	1	0:01:15.199787
7900	0	0.966	0	0:01:14.989366
7920	0	1.31	0	0:01:15.190618
7940	0	3.79	0	0:01:15.571518
7960	1	1.27	1	0:01:15.159101
7980	0	2.46	0	0:01:15.071426
8000	1	2.81	1	0:01:15.040175
8020	0	3.02	0	0:01:15.338711
8040	0	3.79	0	0:01:14.906305
8060	0	2.83	0	0:01:14.920614
8080	0	2.52	0	0:01:15.029778
8100	0	0.527	0	0:01:15.156571
8120	1	0.434	1	0:01:14.792782
8140	0	3.79	0	0:01:14.769834
8160	0	1.38	0	0:01:14.818882
8180	0	0.141	0	0:01:14.991855
8200	0	2.97	0	0:01:14.978257
8220	0	3.49	0	0:01:14.921480
8240	1	1.34	1	0:01:14.898232
8260	1	0.291	1	0:01:14.859929
8280	0	2.77	0	0:01:14.865618
8300	0	3.45	0	0:01:14.855174
8320	0	3.72	0	0:01:14.796383
8340	0	2.2	0	0:01:14.956736
8360	0	1.57	0	0:01:14.606254
8380	1	1.92	1	0:01:14.806711
8400	1	3.79	1	0:01:14.597361
8420	0	3.15	0	0:01:14.782186
8440	0	2.09	0	0:01:14.582640
8460	1	1.9	1	0:01:14.567080
8480	0	3.02	0	0:01:14.593254
8500	0	0.928	0	0:01:14.819980
8520	0	3.45	0	0:01:14.791270
8540	0	2.57	0	0:01:14.848876
8560	1	1.23	1	0:01:14.632255
8580	0	0.795	0	0:01:14.818124
8600	0	1.84	0	0:01:14.670640
8620	0	3.79	0	0:01:14.554667
8640	1	0.371	1	0:01:14.639740
8660	1	0.672	1	0:01:15.143817
8680	0	1.87	0	0:01:14.531954
8700	0	0.927	0	0:01:15.032828
8720	1	2.89	1	0:01:14.805783
8740	0	3.38	0	0:01:14.965187
8760	1	1.14	1	0:01:14.721297
8780	0	3.13	0	0:01:14.673215
8800	1	3.79	1	0:01:14.474240
8820	1	3.79	1	0:01:14.821847
8840	0	2.01	0	0:01:14.816413
8860	0	2.14	0	0:01:14.585907
8880	0	1.21	0	0:01:14.778385
8900	0	3.79	0	0:01:15.122026
8920	0	2.95	0	0:01:14.782085
8940	-1	0.0	1	0:01:14.851501
8960	1	3.79	1	0:01:14.711964
8980	1	3.72	1	0:01:15.020117
9000	1	3.58	1	0:01:14.820056
9020	1	0.175	1	0:01:14.757876
9040	-1	0.0	1	0:01:14.608833
9060	1	1.49	1	0:01:14.996114
9080	1	1.03	1	0:01:14.769155
9100	0	2.84	0	0:01:14.760673
9120	0	0.958	0	0:01:14.692728
9140	0	2.15	0	0:01:14.930432
9160	0	1.19	0	0:01:14.625486
9180	1	1.94	1	0:01:14.954876
9200	1	3.79	1	0:01:15.289706
9220	1	3.72	1	0:01:14.873777
9240	0	0.745	0	0:01:14.566853
9260	0	0.892	0	0:01:14.716101
9280	1	0.204	1	0:01:14.563127
9300	0	3.79	0	0:01:15.174741
9320	1	2.54	1	0:01:14.590243
9340	1	3.6	1	0:01:14.700126
9360	0	3.22	0	0:01:14.610590
9380	0	1.08	0	0:01:14.772651
9400	0	2.41	0	0:01:14.524647
9420	0	2.68	0	0:01:14.408535
9440	1	2.96	1	0:01:14.545577
9460	0	2.93	0	0:01:14.715396
9480	0	3.79	0	0:01:14.518987
9500	0	2.33	0	0:01:14.850720
9520	1	3.15	1	0:01:14.758234
9540	0	1.09	0	0:01:15.044628
9560	1	1.51	1	0:01:14.661233
9580	0	3.14	0	0:01:14.528440
9600	1	3.79	1	0:01:14.742764
9620	1	0.809	1	0:01:14.877887
9640	0	2.6	0	0:01:14.545180
9660	1	2.96	1	0:01:14.976205
9680	1	1.36	1	0:01:14.944624
9700	1	1.97	1	0:01:15.172544
9720	0	2.42	0	0:01:15.018194
9740	0	3.53	0	0:01:15.297772
9760	0	0.653	0	0:01:14.960761
9780	0	2.93	0	0:01:15.601498
9800	1	3.79	1	0:01:14.980745
9820	0	1.62	0	0:01:14.927423
9840	0	0.93	0	0:01:14.762130
9860	0	1.65	0	0:01:14.907637
9880	0	0.847	0	0:01:14.615233
9900	1	0.77	1	0:01:15.132775
9920	0	1.58	0	0:01:14.765136
9940	0	0.41	0	0:01:14.889552
9960	1	3.79	1	0:01:14.724236
9980	1	3.79	1	0:01:14.649733
