idx	predict	radius	unperturbed predict	time
0	0	3.79	0	0:01:15.191457
20	0	3.79	0	0:01:14.693971
40	0	3.79	0	0:01:14.693031
60	0	3.79	0	0:01:14.544729
80	0	3.79	0	0:01:14.679048
100	0	3.79	0	0:01:14.874594
120	0	3.79	0	0:01:14.526339
140	0	3.79	0	0:01:14.453320
160	0	3.79	0	0:01:14.410577
180	0	2.42	0	0:01:15.919540
200	0	3.79	0	0:01:18.644230
220	0	2.08	0	0:01:16.324269
240	0	3.79	0	0:01:18.521180
260	0	3.79	0	0:01:15.066129
280	0	3.79	0	0:01:14.825768
300	0	3.79	0	0:01:14.744413
320	0	3.79	0	0:01:14.518639
340	0	3.79	0	0:01:14.981599
360	0	3.79	0	0:01:15.066457
380	0	3.79	0	0:01:15.531234
400	0	3.72	0	0:01:14.681988
420	0	3.79	0	0:01:14.887682
440	0	3.79	0	0:01:14.543544
460	0	3.79	0	0:01:15.124400
480	0	3.79	0	0:01:14.864039
500	0	3.79	0	0:01:14.877724
520	0	3.79	0	0:01:15.002222
540	0	3.79	0	0:01:14.520941
560	0	3.79	0	0:01:14.404588
580	0	3.79	0	0:01:14.637665
600	0	3.79	0	0:01:14.712222
620	0	3.79	0	0:01:14.565736
640	0	3.79	0	0:01:14.747294
660	0	3.79	0	0:01:14.631300
680	0	3.79	0	0:01:14.578034
700	0	3.79	0	0:01:14.890638
720	0	3.79	0	0:01:15.020345
740	0	3.79	0	0:01:14.918978
760	0	3.79	0	0:01:14.550764
780	0	3.79	0	0:01:14.836162
800	0	2.33	0	0:01:14.721360
820	0	3.79	0	0:01:15.301414
840	1	0.903	1	0:01:15.092203
860	0	3.79	0	0:01:14.659470
880	0	3.79	0	0:01:14.355349
900	0	3.79	0	0:01:14.952024
920	0	3.79	0	0:01:14.531104
940	0	3.58	0	0:01:14.452455
960	0	3.79	0	0:01:14.709292
980	0	3.79	0	0:01:14.983644
1000	0	3.79	0	0:01:14.481347
1020	0	3.79	0	0:01:14.428562
1040	0	3.79	0	0:01:14.438245
1060	0	3.79	0	0:01:14.751491
1080	0	3.79	0	0:01:15.036032
1100	0	3.79	0	0:01:14.754613
1120	0	3.79	0	0:01:14.676240
1140	0	3.79	0	0:01:14.640103
1160	0	3.79	0	0:01:15.051577
1180	0	3.79	0	0:01:14.477369
1200	0	3.79	0	0:01:14.449867
1220	0	3.79	0	0:01:14.753771
1240	0	3.79	0	0:01:14.845609
1260	0	3.79	0	0:01:14.419280
1280	0	3.19	0	0:01:14.424700
1300	0	3.79	0	0:01:14.521228
1320	0	3.79	0	0:01:14.587825
1340	1	1.24	1	0:01:14.657717
1360	0	3.79	0	0:01:14.852217
1380	0	3.79	0	0:01:14.948308
1400	0	3.79	0	0:01:14.565869
1420	0	3.79	0	0:01:14.475667
1440	0	3.79	0	0:01:14.486340
1460	0	3.79	0	0:01:14.774449
1480	0	3.79	0	0:01:14.766911
1500	0	3.79	0	0:01:14.576723
1520	0	3.79	0	0:01:14.521604
1540	0	3.79	0	0:01:15.118507
1560	1	1.07	1	0:01:14.917258
1580	0	3.79	0	0:01:14.451601
1600	0	3.79	0	0:01:14.528805
1620	0	3.79	0	0:01:14.632377
1640	0	3.79	0	0:01:14.413272
1660	0	3.79	0	0:01:14.627693
1680	0	3.79	0	0:01:14.416725
1700	0	3.79	0	0:01:14.611164
1720	0	3.79	0	0:01:14.455499
1740	0	3.79	0	0:01:15.119197
1760	0	3.79	0	0:01:15.174505
1780	0	3.79	0	0:01:15.060578
1800	0	3.79	0	0:01:14.816921
1820	0	3.79	0	0:01:15.558629
1840	0	3.79	0	0:01:14.661522
1860	0	3.79	0	0:01:15.286662
1880	0	3.79	0	0:01:15.065672
1900	0	3.79	0	0:01:15.079053
1920	0	3.79	0	0:01:15.213578
1940	0	3.79	0	0:01:15.358482
1960	0	3.79	0	0:01:15.066895
1980	0	3.79	0	0:01:15.290257
2000	0	3.79	0	0:01:15.078843
2020	0	3.79	0	0:01:15.391290
2040	0	3.79	0	0:01:15.759201
2060	0	3.79	0	0:01:15.760137
2080	0	3.79	0	0:01:15.049569
2100	0	3.79	0	0:01:15.278980
2120	0	3.79	0	0:01:15.093139
2140	0	3.48	0	0:01:15.109879
2160	0	3.79	0	0:01:16.042629
2180	0	3.79	0	0:01:19.591260
2200	0	3.79	0	0:01:15.398047
2220	0	3.79	0	0:01:15.174601
2240	0	3.79	0	0:01:15.222789
2260	0	3.79	0	0:01:16.246102
2280	0	3.79	0	0:01:15.359859
2300	0	3.79	0	0:01:15.645707
2320	0	3.79	0	0:01:14.908889
2340	0	3.79	0	0:01:16.142245
2360	0	3.79	0	0:01:16.674133
2380	0	3.79	0	0:01:16.833907
2400	0	3.79	0	0:01:17.716053
2420	0	3.79	0	0:01:18.141609
2440	0	3.79	0	0:01:15.681204
2460	0	3.79	0	0:01:16.058958
2480	0	3.79	0	0:01:15.196695
2500	0	3.79	0	0:01:16.499493
2520	0	3.79	0	0:01:15.233084
2540	0	3.79	0	0:01:15.207154
2560	0	3.79	0	0:01:15.107446
2580	0	3.79	0	0:01:15.431448
2600	0	3.79	0	0:01:15.442574
2620	0	3.79	0	0:01:15.751682
2640	0	3.79	0	0:01:15.328205
2660	0	3.79	0	0:01:15.646557
2680	0	3.79	0	0:01:15.998737
2700	0	3.79	0	0:01:15.632544
2720	0	3.79	0	0:01:15.479053
2740	0	3.79	0	0:01:16.205222
2760	0	3.79	0	0:01:16.486681
2780	0	2.38	0	0:01:15.281444
2800	0	3.79	0	0:01:15.136430
2820	0	3.79	0	0:01:15.495724
2840	0	3.79	0	0:01:16.023781
2860	0	3.79	0	0:01:16.594803
2880	0	3.79	0	0:01:15.157981
2900	0	3.79	0	0:01:15.537565
2920	0	3.79	0	0:01:16.216758
2940	0	3.79	0	0:01:15.639593
2960	0	3.79	0	0:01:16.606627
2980	0	3.79	0	0:01:16.928527
3000	0	3.79	0	0:01:17.504091
3020	0	3.79	0	0:01:18.153583
3040	0	0.749	0	0:01:16.764845
3060	0	3.55	0	0:01:17.105439
3080	0	3.79	0	0:01:16.737498
3100	0	3.79	0	0:01:16.261033
3120	0	3.79	0	0:01:16.690521
3140	0	3.79	0	0:01:16.977232
3160	0	3.79	0	0:01:16.516947
3180	0	3.79	0	0:01:19.698517
3200	0	3.79	0	0:01:15.799290
3220	0	3.79	0	0:01:15.361342
3240	0	3.79	0	0:01:15.157297
3260	0	2.7	0	0:01:15.330584
3280	0	3.79	0	0:01:16.134813
3300	0	3.79	0	0:01:15.187711
3320	0	3.79	0	0:01:15.079451
3340	0	3.79	0	0:01:15.215551
3360	0	3.79	0	0:01:15.228505
3380	0	3.79	0	0:01:15.320272
3400	0	3.79	0	0:01:15.178962
3420	0	3.79	0	0:01:15.254669
3440	0	3.79	0	0:01:15.167057
3460	0	3.79	0	0:01:15.989392
3480	0	3.79	0	0:01:15.116528
3500	0	3.79	0	0:01:15.136775
3520	1	1.35	1	0:01:15.209648
3540	0	3.79	0	0:01:15.372717
3560	0	3.79	0	0:01:14.929345
3580	0	3.79	0	0:01:15.030326
3600	0	3.79	0	0:01:15.171220
3620	0	3.79	0	0:01:15.538340
3640	0	3.79	0	0:01:15.332484
3660	0	3.79	0	0:01:15.325584
3680	0	3.79	0	0:01:15.142165
3700	0	3.79	0	0:01:15.640956
3720	0	3.79	0	0:01:15.303002
3740	0	3.79	0	0:01:15.062371
3760	0	3.58	0	0:01:15.055823
3780	0	3.79	0	0:01:15.246049
3800	0	3.79	0	0:01:15.085749
3820	0	3.79	0	0:01:15.306429
3840	0	3.79	0	0:01:15.819809
3860	0	2.44	0	0:01:15.734231
3880	0	3.79	0	0:01:15.098861
3900	0	3.79	0	0:01:15.114313
3920	0	3.79	0	0:01:15.202678
3940	0	3.79	0	0:01:15.396166
3960	0	3.79	0	0:01:15.015097
3980	0	3.79	0	0:01:15.222893
4000	0	3.79	0	0:01:15.083517
4020	0	3.79	0	0:01:15.797577
4040	0	3.79	0	0:01:15.077450
4060	0	3.79	0	0:01:15.161043
4080	0	3.79	0	0:01:15.446293
4100	0	1.36	0	0:01:15.342831
4120	0	3.79	0	0:01:15.098530
4140	0	3.79	0	0:01:14.884127
4160	0	3.79	0	0:01:15.182277
4180	0	3.79	0	0:01:15.192587
4200	0	3.79	0	0:01:15.268442
4220	0	3.79	0	0:01:14.922585
4240	0	3.79	0	0:01:15.273318
4260	0	3.79	0	0:01:16.256032
4280	0	3.79	0	0:01:15.145392
4300	0	3.79	0	0:01:15.042940
4320	0	3.79	0	0:01:15.015594
4340	0	3.79	0	0:01:15.445230
4360	0	3.79	0	0:01:15.168972
4380	0	3.79	0	0:01:15.688379
4400	0	3.79	0	0:01:15.186308
4420	0	3.79	0	0:01:15.266169
4440	0	3.79	0	0:01:15.173521
4460	0	3.79	0	0:01:15.174742
4480	0	3.79	0	0:01:15.548052
4500	0	3.79	0	0:01:15.416694
4520	0	3.79	0	0:01:15.018198
4540	0	3.79	0	0:01:15.340850
4560	0	3.79	0	0:01:15.140350
4580	0	3.79	0	0:01:15.347484
4600	0	3.79	0	0:01:15.315130
4620	0	3.79	0	0:01:14.984448
4640	0	3.79	0	0:01:15.439978
4660	0	3.79	0	0:01:15.372218
4680	0	1.16	0	0:01:15.590243
4700	0	3.79	0	0:01:15.410596
4720	0	3.63	0	0:01:15.188314
4740	0	3.79	0	0:01:15.510414
4760	0	3.79	0	0:01:15.163167
4780	0	3.79	0	0:01:15.048429
4800	0	3.72	0	0:01:15.697095
4820	0	3.79	0	0:01:15.288748
4840	0	3.72	0	0:01:15.077260
4860	0	3.79	0	0:01:15.281282
4880	0	3.79	0	0:01:15.149544
4900	0	3.79	0	0:01:15.590488
4920	0	3.79	0	0:01:15.613236
4940	0	3.79	0	0:01:15.037790
4960	0	3.79	0	0:01:15.182834
4980	0	3.79	0	0:01:15.858948
5000	0	3.58	0	0:01:15.420735
5020	0	3.79	0	0:01:15.262029
5040	0	3.79	0	0:01:15.160151
5060	0	3.79	0	0:01:15.733254
5080	0	3.49	0	0:01:15.931485
5100	0	3.79	0	0:01:15.272256
5120	0	3.79	0	0:01:15.286812
5140	0	3.79	0	0:01:15.570852
5160	0	3.79	0	0:01:15.350124
5180	0	3.79	0	0:01:15.579770
5200	0	3.79	0	0:01:14.998839
5220	0	3.79	0	0:01:15.517477
5240	0	3.79	0	0:01:15.578159
5260	0	3.79	0	0:01:15.080738
5280	0	3.79	0	0:01:14.992140
5300	0	3.79	0	0:01:15.237341
5320	0	0.199	0	0:01:15.110497
5340	0	3.79	0	0:01:15.222773
5360	0	3.79	0	0:01:15.153051
5380	0	3.79	0	0:01:15.232263
5400	0	3.79	0	0:01:15.127569
5420	0	3.79	0	0:01:15.264982
5440	1	0.286	1	0:01:15.226000
5460	0	3.79	0	0:01:15.280323
5480	0	3.79	0	0:01:15.421733
5500	0	3.79	0	0:01:15.132891
5520	0	3.79	0	0:01:15.285275
5540	0	3.79	0	0:01:15.844607
5560	0	3.79	0	0:01:15.128174
5580	0	3.79	0	0:01:15.128386
5600	0	3.79	0	0:01:15.347161
5620	0	3.79	0	0:01:15.399718
5640	0	3.79	0	0:01:14.989978
5660	0	3.79	0	0:01:15.376105
5680	0	3.79	0	0:01:15.283039
5700	0	3.79	0	0:01:15.310274
5720	0	3.79	0	0:01:15.236949
5740	0	3.79	0	0:01:15.179268
5760	0	3.79	0	0:01:15.297421
5780	0	3.79	0	0:01:15.358464
5800	0	3.79	0	0:01:15.148257
5820	0	3.79	0	0:01:15.022251
5840	0	3.79	0	0:01:15.125772
5860	0	3.79	0	0:01:15.372424
5880	0	3.79	0	0:01:14.933639
5900	0	3.79	0	0:01:15.051057
5920	1	1.6	1	0:01:15.250583
5940	0	3.79	0	0:01:15.449674
5960	0	3.79	0	0:01:15.230158
5980	0	2.62	0	0:01:15.569967
6000	0	3.79	0	0:01:15.296966
6020	0	3.79	0	0:01:15.807518
6040	0	3.79	0	0:01:15.645031
6060	0	3.79	0	0:01:15.721910
6080	0	3.79	0	0:01:15.643752
6100	0	3.79	0	0:01:15.778782
6120	0	3.79	0	0:01:15.426166
6140	0	3.79	0	0:01:15.468946
6160	0	3.79	0	0:01:15.640591
6180	0	3.79	0	0:01:15.398808
6200	0	3.79	0	0:01:15.220001
6220	0	3.79	0	0:01:14.790113
6240	0	3.79	0	0:01:15.335634
6260	0	3.79	0	0:01:15.147086
6280	0	3.79	0	0:01:14.822151
6300	0	3.79	0	0:01:14.814705
6320	0	3.79	0	0:01:14.764413
6340	0	3.79	0	0:01:15.066232
6360	0	3.79	0	0:01:15.317273
6380	0	3.79	0	0:01:15.275533
6400	0	3.79	0	0:01:14.915040
6420	0	3.79	0	0:01:15.074628
6440	0	3.79	0	0:01:14.896506
6460	0	3.79	0	0:01:14.824164
6480	0	3.79	0	0:01:14.758009
6500	0	3.79	0	0:01:14.878242
6520	0	3.79	0	0:01:14.694776
6540	0	3.79	0	0:01:14.823864
6560	0	3.79	0	0:01:14.826366
6580	0	3.79	0	0:01:14.857295
6600	1	0.445	1	0:01:14.862049
6620	0	3.79	0	0:01:14.823737
6640	0	3.79	0	0:01:14.894460
6660	0	3.79	0	0:01:15.069443
6680	0	3.79	0	0:01:14.780126
6700	0	3.79	0	0:01:15.157776
6720	0	3.79	0	0:01:14.816361
6740	0	3.79	0	0:01:14.982526
6760	0	3.79	0	0:01:14.959862
6780	0	2.79	0	0:01:14.878227
6800	0	3.79	0	0:01:14.964260
6820	0	0.655	0	0:01:15.222037
6840	0	3.79	0	0:01:14.948280
6860	0	3.79	0	0:01:14.841906
6880	0	3.79	0	0:01:14.931210
6900	0	3.79	0	0:01:15.397164
6920	0	3.79	0	0:01:14.881480
6940	0	3.51	0	0:01:14.937364
6960	0	3.79	0	0:01:15.093156
6980	0	3.79	0	0:01:15.108438
7000	0	3.79	0	0:01:14.915934
7020	0	3.79	0	0:01:15.105256
7040	0	3.79	0	0:01:15.157291
7060	0	3.55	0	0:01:15.110078
7080	0	3.79	0	0:01:14.845380
7100	0	3.79	0	0:01:14.982425
7120	0	3.72	0	0:01:15.078148
7140	0	3.79	0	0:01:15.144723
7160	0	3.79	0	0:01:15.041944
7180	0	3.79	0	0:01:14.973380
7200	0	3.79	0	0:01:15.082759
7220	0	3.79	0	0:01:15.333293
7240	0	3.79	0	0:01:14.957871
7260	0	3.79	0	0:01:14.874173
7280	0	3.79	0	0:01:14.899474
7300	0	3.79	0	0:01:15.191108
7320	0	3.79	0	0:01:14.892535
7340	0	3.79	0	0:01:15.413959
7360	0	3.79	0	0:01:14.831112
7380	0	3.79	0	0:01:15.564007
7400	0	3.79	0	0:01:14.867959
7420	0	3.79	0	0:01:14.932468
7440	0	3.79	0	0:01:14.886186
7460	0	3.79	0	0:01:15.282117
7480	0	3.79	0	0:01:14.861942
7500	1	1.16	1	0:01:14.994745
7520	0	3.79	0	0:01:14.972646
7540	0	3.79	0	0:01:15.855289
7560	0	3.79	0	0:01:14.877306
7580	0	3.79	0	0:01:14.873458
7600	0	3.79	0	0:01:15.290812
7620	0	3.79	0	0:01:15.046222
7640	0	3.79	0	0:01:14.930295
7660	0	3.79	0	0:01:15.281965
7680	0	3.79	0	0:01:14.984677
7700	0	3.79	0	0:01:15.173486
7720	0	3.79	0	0:01:15.001026
7740	0	3.79	0	0:01:14.907679
7760	0	3.79	0	0:01:14.823939
7780	0	3.79	0	0:01:15.196235
7800	0	3.79	0	0:01:15.325807
7820	0	3.79	0	0:01:15.493746
7840	0	3.48	0	0:01:14.995884
7860	0	3.79	0	0:01:15.222459
7880	0	3.79	0	0:01:15.199787
7900	0	3.79	0	0:01:14.989366
7920	0	3.79	0	0:01:15.190618
7940	0	3.79	0	0:01:15.571518
7960	0	3.79	0	0:01:15.159101
7980	0	3.79	0	0:01:15.071426
8000	0	3.79	0	0:01:15.040175
8020	0	3.79	0	0:01:15.338711
8040	0	3.79	0	0:01:14.906305
8060	0	3.79	0	0:01:14.920614
8080	0	3.79	0	0:01:15.029778
8100	0	3.79	0	0:01:15.156571
8120	0	3.79	0	0:01:14.792782
8140	0	3.79	0	0:01:14.769834
8160	0	3.79	0	0:01:14.818882
8180	0	3.79	0	0:01:14.991855
8200	0	3.79	0	0:01:14.978257
8220	0	3.79	0	0:01:14.921480
8240	0	3.36	0	0:01:14.898232
8260	0	3.79	0	0:01:14.859929
8280	0	3.79	0	0:01:14.865618
8300	0	3.79	0	0:01:14.855174
8320	0	3.79	0	0:01:14.796383
8340	0	3.79	0	0:01:14.956736
8360	0	3.79	0	0:01:14.606254
8380	0	3.79	0	0:01:14.806711
8400	0	3.79	0	0:01:14.597361
8420	0	3.79	0	0:01:14.782186
8440	0	3.79	0	0:01:14.582640
8460	0	3.79	0	0:01:14.567080
8480	0	3.79	0	0:01:14.593254
8500	0	3.79	0	0:01:14.819980
8520	0	3.79	0	0:01:14.791270
8540	0	3.79	0	0:01:14.848876
8560	0	3.79	0	0:01:14.632255
8580	0	3.79	0	0:01:14.818124
8600	0	3.79	0	0:01:14.670640
8620	0	3.79	0	0:01:14.554667
8640	0	3.79	0	0:01:14.639740
8660	0	3.79	0	0:01:15.143817
8680	0	3.79	0	0:01:14.531954
8700	0	3.79	0	0:01:15.032828
8720	0	3.79	0	0:01:14.805783
8740	0	3.79	0	0:01:14.965187
8760	0	3.19	0	0:01:14.721297
8780	0	3.79	0	0:01:14.673215
8800	0	3.18	0	0:01:14.474240
8820	0	0.556	0	0:01:14.821847
8840	0	3.79	0	0:01:14.816413
8860	0	3.79	0	0:01:14.585907
8880	0	3.79	0	0:01:14.778385
8900	0	3.79	0	0:01:15.122026
8920	0	3.79	0	0:01:14.782085
8940	0	3.79	0	0:01:14.851501
8960	0	3.79	0	0:01:14.711964
8980	0	2.91	0	0:01:15.020117
9000	0	1.37	0	0:01:14.820056
9020	0	3.79	0	0:01:14.757876
9040	0	3.79	0	0:01:14.608833
9060	0	3.55	0	0:01:14.996114
9080	0	3.79	0	0:01:14.769155
9100	0	3.79	0	0:01:14.760673
9120	0	3.79	0	0:01:14.692728
9140	0	3.79	0	0:01:14.930432
9160	0	3.79	0	0:01:14.625486
9180	0	3.79	0	0:01:14.954876
9200	0	3.79	0	0:01:15.289706
9220	0	3.79	0	0:01:14.873777
9240	0	3.79	0	0:01:14.566853
9260	0	3.79	0	0:01:14.716101
9280	0	3.79	0	0:01:14.563127
9300	0	3.79	0	0:01:15.174741
9320	0	3.79	0	0:01:14.590243
9340	0	0.72	0	0:01:14.700126
9360	0	3.79	0	0:01:14.610590
9380	0	3.79	0	0:01:14.772651
9400	0	3.79	0	0:01:14.524647
9420	0	3.79	0	0:01:14.408535
9440	0	3.29	0	0:01:14.545577
9460	0	3.79	0	0:01:14.715396
9480	0	3.79	0	0:01:14.518987
9500	0	3.79	0	0:01:14.850720
9520	0	3.58	0	0:01:14.758234
9540	0	3.79	0	0:01:15.044628
9560	0	3.43	0	0:01:14.661233
9580	0	3.79	0	0:01:14.528440
9600	0	3.79	0	0:01:14.742764
9620	0	3.72	0	0:01:14.877887
9640	0	3.79	0	0:01:14.545180
9660	0	2.63	0	0:01:14.976205
9680	0	3.79	0	0:01:14.944624
9700	0	3.79	0	0:01:15.172544
9720	0	3.79	0	0:01:15.018194
9740	0	3.79	0	0:01:15.297772
9760	0	3.79	0	0:01:14.960761
9780	0	3.79	0	0:01:15.601498
9800	1	1.34	1	0:01:14.980745
9820	0	3.79	0	0:01:14.927423
9840	0	3.79	0	0:01:14.762130
9860	0	3.79	0	0:01:14.907637
9880	0	3.79	0	0:01:14.615233
9900	0	3.79	0	0:01:15.132775
9920	0	3.79	0	0:01:14.765136
9940	0	3.79	0	0:01:14.889552
9960	0	2.93	0	0:01:14.724236
9980	0	2.01	0	0:01:14.649733
