idx	label	predict	radius	correct	unperturbed predict	unperturbed correct	time
0	3	-1	0.0	0	6	0	0:01:15.191457
20	7	9	1.1	0	9	0	0:01:14.693971
40	4	-1	0.0	0	8	0	0:01:14.693031
60	7	7	0.856	1	7	1	0:01:14.544729
80	8	8	1.89	1	8	1	0:01:14.679048
100	4	-1	0.0	0	4	1	0:01:14.874594
120	8	8	2.06	1	8	1	0:01:14.526339
140	6	2	0.0702	0	2	0	0:01:14.453320
160	2	0	0.903	0	0	0	0:01:14.410577
180	0	0	2.93	1	0	1	0:01:15.919540
200	5	3	0.507	0	3	0	0:01:18.644230
220	7	7	3.0	1	7	1	0:01:16.324269
240	1	1	2.84	1	1	1	0:01:18.521180
260	8	8	0.239	1	8	1	0:01:15.066129
280	9	9	2.59	1	9	1	0:01:14.825768
300	6	6	1.39	1	6	1	0:01:14.744413
320	3	5	1.25	0	5	0	0:01:14.518639
340	2	4	0.138	0	4	0	0:01:14.981599
360	9	6	0.336	0	6	0	0:01:15.066457
380	6	6	1.2	1	6	1	0:01:15.531234
400	9	9	1.11	1	9	1	0:01:14.681988
420	4	6	2.74	0	6	0	0:01:14.887682
440	1	1	0.543	1	1	1	0:01:14.543544
460	5	5	1.21	1	5	1	0:01:15.124400
480	8	9	1.55	0	9	0	0:01:14.864039
500	4	6	0.0716	0	6	0	0:01:14.877724
520	5	5	0.0437	1	5	1	0:01:15.002222
540	1	8	0.16	0	8	0	0:01:14.520941
560	0	0	1.51	1	0	1	0:01:14.404588
580	4	6	1.94	0	6	0	0:01:14.637665
600	8	8	0.227	1	8	1	0:01:14.712222
620	7	-1	0.0	0	7	1	0:01:14.565736
640	5	3	0.829	0	3	0	0:01:14.747294
660	9	9	3.34	1	9	1	0:01:14.631300
680	9	9	1.67	1	9	1	0:01:14.578034
700	7	7	2.28	1	7	1	0:01:14.890638
720	4	9	0.97	0	9	0	0:01:15.020345
740	2	5	1.03	0	5	0	0:01:14.918978
760	3	9	1.23	0	9	0	0:01:14.550764
780	9	9	1.12	1	9	1	0:01:14.836162
800	7	7	2.71	1	7	1	0:01:14.721360
820	6	9	1.55	0	9	0	0:01:15.301414
840	7	7	3.53	1	7	1	0:01:15.092203
860	4	6	0.789	0	6	0	0:01:14.659470
880	8	8	3.72	1	8	1	0:01:14.355349
900	2	6	2.3	0	6	0	0:01:14.952024
920	6	2	1.08	0	2	0	0:01:14.531104
940	9	9	0.675	1	9	1	0:01:14.452455
960	9	9	2.79	1	9	1	0:01:14.709292
980	2	6	3.4	0	6	0	0:01:14.983644
1000	5	5	2.15	1	5	1	0:01:14.481347
1020	1	-1	0.0	0	1	1	0:01:14.428562
1040	7	5	3.79	0	5	0	0:01:14.438245
1060	9	9	1.35	1	9	1	0:01:14.751491
1080	6	6	2.08	1	6	1	0:01:15.036032
1100	7	8	2.55	0	8	0	0:01:14.754613
1120	5	2	0.0541	0	2	0	0:01:14.676240
1140	6	6	1.42	1	6	1	0:01:14.640103
1160	8	8	0.0078	1	-1	0	0:01:15.051577
1180	3	9	2.81	0	9	0	0:01:14.477369
1200	8	-1	0.0	0	0	0	0:01:14.449867
1220	9	-1	0.0	0	7	0	0:01:14.753771
1240	2	6	3.39	0	6	0	0:01:14.845609
1260	1	9	1.57	0	9	0	0:01:14.419280
1280	3	7	1.42	0	7	0	0:01:14.424700
1300	4	6	2.97	0	6	0	0:01:14.521228
1320	7	7	1.01	1	7	1	0:01:14.587825
1340	1	1	3.46	1	1	1	0:01:14.657717
1360	7	7	0.1	1	7	1	0:01:14.852217
1380	4	5	0.189	0	5	0	0:01:14.948308
1400	5	5	0.696	1	5	1	0:01:14.565869
1420	4	7	0.599	0	7	0	0:01:14.475667
1440	0	0	1.26	1	0	1	0:01:14.486340
1460	6	6	0.891	1	6	1	0:01:14.774449
1480	1	1	0.53	1	1	1	0:01:14.766911
1500	1	9	2.73	0	9	0	0:01:14.576723
1520	7	-1	0.0	0	7	1	0:01:14.521604
1540	8	8	2.01	1	8	1	0:01:15.118507
1560	7	7	3.72	1	7	1	0:01:14.917258
1580	6	9	0.741	0	9	0	0:01:14.451601
1600	8	9	1.46	0	9	0	0:01:14.528805
1620	5	8	0.517	0	8	0	0:01:14.632377
1640	7	-1	0.0	0	5	0	0:01:14.413272
1660	3	5	1.21	0	5	0	0:01:14.627693
1680	6	6	3.41	1	6	1	0:01:14.416725
1700	5	2	0.704	0	2	0	0:01:14.611164
1720	4	0	1.61	0	0	0	0:01:14.455499
1740	1	9	1.95	0	9	0	0:01:15.119197
1760	0	8	2.61	0	8	0	0:01:15.174505
1780	7	9	0.0296	0	9	0	0:01:15.060578
1800	4	8	1.58	0	8	0	0:01:14.816921
1820	8	8	0.0173	1	8	1	0:01:15.558629
1840	8	9	0.241	0	9	0	0:01:14.661522
1860	8	8	2.98	1	8	1	0:01:15.286662
1880	1	1	1.11	1	1	1	0:01:15.065672
1900	8	8	3.79	1	8	1	0:01:15.079053
1920	2	7	0.26	0	7	0	0:01:15.213578
1940	5	2	1.88	0	2	0	0:01:15.358482
1960	2	5	0.289	0	5	0	0:01:15.066895
1980	9	9	2.34	1	9	1	0:01:15.290257
2000	1	6	0.45	0	6	0	0:01:15.078843
2020	9	9	2.96	1	9	1	0:01:15.391290
2040	0	8	2.88	0	8	0	0:01:15.759201
2060	5	5	2.31	1	5	1	0:01:15.760137
2080	1	1	0.371	1	1	1	0:01:15.049569
2100	2	4	0.618	0	4	0	0:01:15.278980
2120	4	8	1.96	0	8	0	0:01:15.093139
2140	9	9	1.88	1	9	1	0:01:15.109879
2160	0	8	2.61	0	8	0	0:01:16.042629
2180	4	6	3.09	0	6	0	0:01:19.591260
2200	0	0	3.79	1	0	1	0:01:15.398047
2220	1	1	1.53	1	1	1	0:01:15.174601
2240	9	9	3.63	1	9	1	0:01:15.222789
2260	4	4	0.0555	1	4	1	0:01:16.246102
2280	4	8	0.521	0	8	0	0:01:15.359859
2300	3	6	2.02	0	6	0	0:01:15.645707
2320	5	8	1.1	0	8	0	0:01:14.908889
2340	7	7	0.746	1	7	1	0:01:16.142245
2360	7	7	0.579	1	7	1	0:01:16.674133
2380	8	8	2.83	1	8	1	0:01:16.833907
2400	0	0	2.83	1	0	1	0:01:17.716053
2420	8	1	0.275	0	1	0	0:01:18.141609
2440	7	7	0.137	1	7	1	0:01:15.681204
2460	9	9	1.81	1	9	1	0:01:16.058958
2480	8	8	1.84	1	8	1	0:01:15.196695
2500	4	-1	0.0	0	6	0	0:01:16.499493
2520	1	8	1.06	0	8	0	0:01:15.233084
2540	2	-1	0.0	0	3	0	0:01:15.207154
2560	7	7	0.198	1	7	1	0:01:15.107446
2580	6	4	0.242	0	4	0	0:01:15.431448
2600	8	8	3.55	1	8	1	0:01:15.442574
2620	1	-1	0.0	0	1	1	0:01:15.751682
2640	7	7	1.71	1	7	1	0:01:15.328205
2660	3	0	0.739	0	0	0	0:01:15.646557
2680	0	0	3.04	1	0	1	0:01:15.998737
2700	9	9	0.897	1	9	1	0:01:15.632544
2720	3	-1	0.0	0	-1	0	0:01:15.479053
2740	1	1	0.709	1	1	1	0:01:16.205222
2760	2	6	3.28	0	6	0	0:01:16.486681
2780	7	7	1.86	1	7	1	0:01:15.281444
2800	4	6	2.02	0	6	0	0:01:15.136430
2820	6	6	3.55	1	6	1	0:01:15.495724
2840	3	3	1.92	1	3	1	0:01:16.023781
2860	5	7	0.798	0	7	0	0:01:16.594803
2880	4	4	1.78	1	4	1	0:01:15.157981
2900	3	5	2.05	0	5	0	0:01:15.537565
2920	2	0	0.419	0	0	0	0:01:16.216758
2940	3	0	0.0104	0	0	0	0:01:15.639593
2960	9	9	0.705	1	9	1	0:01:16.606627
2980	8	1	1.48	0	1	0	0:01:16.928527
3000	5	5	3.67	1	5	1	0:01:17.504091
3020	1	1	1.35	1	1	1	0:01:18.153583
3040	7	7	3.79	1	7	1	0:01:16.764845
3060	7	7	2.79	1	7	1	0:01:17.105439
3080	1	-1	0.0	0	7	0	0:01:16.737498
3100	0	0	3.06	1	0	1	0:01:16.261033
3120	4	6	2.9	0	6	0	0:01:16.690521
3140	8	8	1.64	1	8	1	0:01:16.977232
3160	6	4	1.54	0	4	0	0:01:16.516947
3180	3	9	0.214	0	9	0	0:01:19.698517
3200	5	7	0.562	0	7	0	0:01:15.799290
3220	3	9	0.923	0	9	0	0:01:15.361342
3240	4	-1	0.0	0	-1	0	0:01:15.157297
3260	7	7	0.442	1	7	1	0:01:15.330584
3280	3	0	0.186	0	0	0	0:01:16.134813
3300	4	4	0.0275	1	4	1	0:01:15.187711
3320	2	7	0.32	0	7	0	0:01:15.079451
3340	6	6	0.793	1	6	1	0:01:15.215551
3360	4	6	2.6	0	6	0	0:01:15.228505
3380	8	8	0.296	1	8	1	0:01:15.320272
3400	6	-1	0.0	0	-1	0	0:01:15.178962
3420	5	6	2.16	0	6	0	0:01:15.254669
3440	2	9	2.12	0	9	0	0:01:15.167057
3460	1	1	2.36	1	1	1	0:01:15.989392
3480	2	2	3.72	1	2	1	0:01:15.116528
3500	1	1	1.07	1	1	1	0:01:15.136775
3520	1	1	3.51	1	1	1	0:01:15.209648
3540	6	6	0.235	1	6	1	0:01:15.372717
3560	1	9	0.698	0	9	0	0:01:14.929345
3580	4	1	0.555	0	1	0	0:01:15.030326
3600	4	2	0.708	0	2	0	0:01:15.171220
3620	0	0	0.278	1	0	1	0:01:15.538340
3640	6	2	0.275	0	2	0	0:01:15.332484
3660	0	8	1.1	0	8	0	0:01:15.325584
3680	0	-1	0.0	0	2	0	0:01:15.142165
3700	3	5	1.56	0	5	0	0:01:15.640956
3720	2	2	0.868	1	2	1	0:01:15.303002
3740	0	0	1.69	1	0	1	0:01:15.062371
3760	7	7	3.6	1	7	1	0:01:15.055823
3780	4	2	1.1	0	2	0	0:01:15.246049
3800	9	9	1.69	1	9	1	0:01:15.085749
3820	0	0	2.35	1	0	1	0:01:15.306429
3840	6	-1	0.0	0	5	0	0:01:15.819809
3860	7	7	2.26	1	7	1	0:01:15.734231
3880	6	-1	0.0	0	-1	0	0:01:15.098861
3900	3	0	0.993	0	0	0	0:01:15.114313
3920	7	8	0.0101	0	-1	0	0:01:15.202678
3940	6	6	0.644	1	6	1	0:01:15.396166
3960	2	5	1.14	0	5	0	0:01:15.015097
3980	9	9	0.264	1	9	1	0:01:15.222893
4000	8	-1	0.0	0	9	0	0:01:15.083517
4020	8	8	0.407	1	8	1	0:01:15.797577
4040	0	0	2.69	1	0	1	0:01:15.077450
4060	6	6	0.911	1	6	1	0:01:15.161043
4080	1	8	0.0436	0	8	0	0:01:15.446293
4100	7	7	3.4	1	7	1	0:01:15.342831
4120	4	0	3.32	0	0	0	0:01:15.098530
4140	5	2	0.373	0	2	0	0:01:14.884127
4160	5	2	0.92	0	2	0	0:01:15.182277
4180	0	0	0.552	1	0	1	0:01:15.192587
4200	4	2	1.74	0	2	0	0:01:15.268442
4220	4	0	3.79	0	0	0	0:01:14.922585
4240	7	8	0.758	0	8	0	0:01:15.273318
4260	8	8	1.4	1	8	1	0:01:16.256032
4280	8	8	1.33	1	8	1	0:01:15.145392
4300	8	8	1.3	1	8	1	0:01:15.042940
4320	1	8	3.25	0	8	0	0:01:15.015594
4340	0	0	0.336	1	0	1	0:01:15.445230
4360	6	9	0.119	0	9	0	0:01:15.168972
4380	9	9	2.23	1	9	1	0:01:15.688379
4400	3	-1	0.0	0	8	0	0:01:15.186308
4420	5	8	1.96	0	8	0	0:01:15.266169
4440	2	6	2.44	0	6	0	0:01:15.173521
4460	9	8	0.127	0	8	0	0:01:15.174742
4480	9	9	0.582	1	9	1	0:01:15.548052
4500	3	7	0.0285	0	7	0	0:01:15.416694
4520	3	6	1.3	0	6	0	0:01:15.018198
4540	9	9	3.79	1	9	1	0:01:15.340850
4560	1	1	1.8	1	1	1	0:01:15.140350
4580	6	6	1.44	1	6	1	0:01:15.347484
4600	4	1	0.00289	0	-1	0	0:01:15.315130
4620	7	3	1.4	0	3	0	0:01:14.984448
4640	2	5	0.135	0	5	0	0:01:15.439978
4660	7	2	0.229	0	2	0	0:01:15.372218
4680	9	1	2.11	0	1	0	0:01:15.590243
4700	6	-1	0.0	0	6	1	0:01:15.410596
4720	8	8	0.789	1	8	1	0:01:15.188314
4740	5	6	0.421	0	6	0	0:01:15.510414
4760	3	-1	0.0	0	2	0	0:01:15.163167
4780	0	0	0.81	1	0	1	0:01:15.048429
4800	9	9	3.6	1	9	1	0:01:15.697095
4820	3	5	0.434	0	5	0	0:01:15.288748
4840	0	0	3.19	1	0	1	0:01:15.077260
4860	5	5	2.5	1	5	1	0:01:15.281282
4880	0	2	0.228	0	2	0	0:01:15.149544
4900	3	6	0.345	0	6	0	0:01:15.590488
4920	7	7	0.133	1	7	1	0:01:15.613236
4940	6	6	0.0542	1	6	1	0:01:15.037790
4960	4	6	2.05	0	6	0	0:01:15.182834
4980	1	9	3.06	0	9	0	0:01:15.858948
5000	7	7	3.72	1	7	1	0:01:15.420735
5020	8	8	1.45	1	8	1	0:01:15.262029
5040	3	-1	0.0	0	7	0	0:01:15.160151
5060	6	6	2.29	1	6	1	0:01:15.733254
5080	7	7	3.17	1	7	1	0:01:15.931485
5100	3	-1	0.0	0	3	1	0:01:15.272256
5120	9	8	0.897	0	8	0	0:01:15.286812
5140	8	8	1.5	1	8	1	0:01:15.570852
5160	0	8	2.11	0	8	0	0:01:15.350124
5180	9	9	0.00602	1	9	1	0:01:15.579770
5200	3	3	3.72	1	3	1	0:01:14.998839
5220	0	0	2.84	1	0	1	0:01:15.517477
5240	1	9	0.131	0	9	0	0:01:15.578159
5260	0	0	3.79	1	0	1	0:01:15.080738
5280	0	8	1.76	0	8	0	0:01:14.992140
5300	9	1	0.295	0	1	0	0:01:15.237341
5320	7	7	2.16	1	7	1	0:01:15.110497
5340	3	-1	0.0	0	2	0	0:01:15.222773
5360	9	9	1.74	1	9	1	0:01:15.153051
5380	1	9	2.28	0	9	0	0:01:15.232263
5400	9	9	0.456	1	9	1	0:01:15.127569
5420	6	6	0.762	1	6	1	0:01:15.264982
5440	9	9	3.19	1	9	1	0:01:15.226000
5460	0	-1	0.0	0	0	1	0:01:15.280323
5480	1	-1	0.0	0	8	0	0:01:15.421733
5500	8	8	0.18	1	8	1	0:01:15.132891
5520	4	6	1.08	0	6	0	0:01:15.285275
5540	5	-1	0.0	0	2	0	0:01:15.844607
5560	3	5	0.685	0	5	0	0:01:15.128174
5580	5	6	0.832	0	6	0	0:01:15.128386
5600	6	9	0.405	0	9	0	0:01:15.347161
5620	3	2	1.45	0	2	0	0:01:15.399718
5640	2	3	0.998	0	3	0	0:01:14.989978
5660	9	9	1.25	1	9	1	0:01:15.376105
5680	2	-1	0.0	0	8	0	0:01:15.283039
5700	3	-1	0.0	0	2	0	0:01:15.310274
5720	9	9	2.56	1	9	1	0:01:15.236949
5740	6	6	1.55	1	6	1	0:01:15.179268
5760	2	2	0.543	1	2	1	0:01:15.297421
5780	7	7	1.4	1	7	1	0:01:15.358464
5800	2	6	0.134	0	6	0	0:01:15.148257
5820	5	6	0.493	0	6	0	0:01:15.022251
5840	2	6	1.77	0	6	0	0:01:15.125772
5860	0	8	0.991	0	8	0	0:01:15.372424
5880	0	0	0.634	1	0	1	0:01:14.933639
5900	4	4	0.0761	1	4	1	0:01:15.051057
5920	8	8	3.79	1	8	1	0:01:15.250583
5940	7	4	0.277	0	4	0	0:01:15.449674
5960	2	7	0.94	0	7	0	0:01:15.230158
5980	9	9	2.26	1	9	1	0:01:15.569967
6000	8	9	0.144	0	9	0	0:01:15.296966
6020	6	6	0.197	1	6	1	0:01:15.807518
6040	2	-1	0.0	0	7	0	0:01:15.645031
6060	3	4	0.368	0	4	0	0:01:15.721910
6080	1	9	0.262	0	9	0	0:01:15.643752
6100	1	1	1.14	1	1	1	0:01:15.778782
6120	5	5	2.6	1	5	1	0:01:15.426166
6140	9	9	2.09	1	9	1	0:01:15.468946
6160	2	5	0.313	0	5	0	0:01:15.640591
6180	0	8	0.362	0	8	0	0:01:15.398808
6200	3	0	0.575	0	0	0	0:01:15.220001
6220	2	6	2.26	0	6	0	0:01:14.790113
6240	2	6	0.871	0	6	0	0:01:15.335634
6260	2	9	0.734	0	9	0	0:01:15.147086
6280	8	5	0.907	0	5	0	0:01:14.822151
6300	1	9	0.254	0	9	0	0:01:14.814705
6320	0	0	3.72	1	0	1	0:01:14.764413
6340	3	-1	0.0	0	7	0	0:01:15.066232
6360	2	2	1.02	1	2	1	0:01:15.317273
6380	3	-1	0.0	0	-1	0	0:01:15.275533
6400	0	1	1.13	0	1	0	0:01:14.915040
6420	7	-1	0.0	0	7	1	0:01:15.074628
6440	3	8	0.47	0	8	0	0:01:14.896506
6460	3	1	1.26	0	1	0	0:01:14.824164
6480	0	0	1.93	1	0	1	0:01:14.758009
6500	7	0	1.29	0	0	0	0:01:14.878242
6520	6	-1	0.0	0	-1	0	0:01:14.694776
6540	8	8	1.44	1	8	1	0:01:14.823864
6560	6	6	2.04	1	6	1	0:01:14.826366
6580	1	-1	0.0	0	8	0	0:01:14.857295
6600	7	7	3.79	1	7	1	0:01:14.862049
6620	7	7	2.11	1	7	1	0:01:14.823737
6640	5	-1	0.0	0	3	0	0:01:14.894460
6660	0	0	1.16	1	0	1	0:01:15.069443
6680	3	3	1.19	1	3	1	0:01:14.780126
6700	6	6	1.31	1	6	1	0:01:15.157776
6720	2	2	2.05	1	2	1	0:01:14.816361
6740	2	6	2.39	0	6	0	0:01:14.982526
6760	5	-1	0.0	0	0	0	0:01:14.959862
6780	7	7	3.48	1	7	1	0:01:14.878227
6800	6	6	2.86	1	6	1	0:01:14.964260
6820	1	1	2.77	1	1	1	0:01:15.222037
6840	9	9	1.07	1	9	1	0:01:14.948280
6860	0	0	3.67	1	0	1	0:01:14.841906
6880	2	6	0.447	0	6	0	0:01:14.931210
6900	3	7	1.74	0	7	0	0:01:15.397164
6920	5	2	3.06	0	2	0	0:01:14.881480
6940	1	1	3.72	1	1	1	0:01:14.937364
6960	9	8	2.32	0	8	0	0:01:15.093156
6980	0	9	1.83	0	9	0	0:01:15.108438
7000	2	8	0.253	0	8	0	0:01:14.915934
7020	7	7	0.676	1	7	1	0:01:15.105256
7040	7	8	1.12	0	8	0	0:01:15.157291
7060	8	8	1.25	1	8	1	0:01:15.110078
7080	5	4	0.365	0	4	0	0:01:14.845380
7100	9	9	0.466	1	9	1	0:01:14.982425
7120	7	7	1.77	1	7	1	0:01:15.078148
7140	4	4	1.02	1	4	1	0:01:15.144723
7160	5	7	0.14	0	7	0	0:01:15.041944
7180	6	6	3.24	1	6	1	0:01:14.973380
7200	4	6	0.223	0	6	0	0:01:15.082759
7220	9	9	0.328	1	9	1	0:01:15.333293
7240	0	8	1.78	0	8	0	0:01:14.957871
7260	1	8	1.08	0	8	0	0:01:14.874173
7280	1	1	0.143	1	1	1	0:01:14.899474
7300	3	7	0.372	0	7	0	0:01:15.191108
7320	8	8	0.434	1	8	1	0:01:14.892535
7340	2	4	0.0981	0	4	0	0:01:15.413959
7360	2	-1	0.0	0	7	0	0:01:14.831112
7380	7	7	0.946	1	7	1	0:01:15.564007
7400	3	9	1.27	0	9	0	0:01:14.867959
7420	3	0	3.26	0	0	0	0:01:14.932468
7440	3	6	1.27	0	6	0	0:01:14.886186
7460	5	5	3.35	1	5	1	0:01:15.282117
7480	1	-1	0.0	0	5	0	0:01:14.861942
7500	6	6	3.79	1	6	1	0:01:14.994745
7520	4	6	1.38	0	6	0	0:01:14.972646
7540	5	5	3.67	1	5	1	0:01:15.855289
7560	0	-1	0.0	0	-1	0	0:01:14.877306
7580	8	8	1.36	1	8	1	0:01:14.873458
7600	8	9	1.86	0	9	0	0:01:15.290812
7620	5	-1	0.0	0	3	0	0:01:15.046222
7640	9	9	0.895	1	9	1	0:01:14.930295
7660	7	9	0.647	0	9	0	0:01:15.281965
7680	3	9	2.15	0	9	0	0:01:14.984677
7700	6	6	3.53	1	6	1	0:01:15.173486
7720	5	6	0.0553	0	6	0	0:01:15.001026
7740	4	-1	0.0	0	2	0	0:01:14.907679
7760	2	9	1.07	0	9	0	0:01:14.823939
7780	3	8	0.312	0	8	0	0:01:15.196235
7800	0	0	2.54	1	0	1	0:01:15.325807
7820	5	8	1.64	0	8	0	0:01:15.493746
7840	1	1	3.21	1	1	1	0:01:14.995884
7860	8	1	0.136	0	1	0	0:01:15.222459
7880	0	0	1.16	1	0	1	0:01:15.199787
7900	0	8	2.09	0	8	0	0:01:14.989366
7920	9	8	1.77	0	8	0	0:01:15.190618
7940	2	6	3.6	0	6	0	0:01:15.571518
7960	0	0	1.88	1	0	1	0:01:15.159101
7980	3	7	0.605	0	7	0	0:01:15.071426
8000	9	9	1.43	1	9	1	0:01:15.040175
8020	6	6	3.12	1	6	1	0:01:15.338711
8040	2	6	2.7	0	6	0	0:01:14.906305
8060	6	6	1.75	1	6	1	0:01:14.920614
8080	4	6	0.736	0	6	0	0:01:15.029778
8100	6	2	1.64	0	2	0	0:01:15.156571
8120	8	9	0.86	0	9	0	0:01:14.792782
8140	5	6	0.912	0	6	0	0:01:14.769834
8160	6	9	0.976	0	9	0	0:01:14.818882
8180	4	6	3.28	0	6	0	0:01:14.991855
8200	3	-1	0.0	0	-1	0	0:01:14.978257
8220	6	6	0.0187	1	6	1	0:01:14.921480
8240	7	7	3.34	1	7	1	0:01:14.898232
8260	1	1	1.75	1	1	1	0:01:14.859929
8280	4	-1	0.0	0	3	0	0:01:14.865618
8300	5	2	1.05	0	2	0	0:01:14.855174
8320	7	-1	0.0	0	9	0	0:01:14.796383
8340	5	5	0.816	1	5	1	0:01:14.956736
8360	7	7	0.186	1	7	1	0:01:14.606254
8380	9	9	0.145	1	9	1	0:01:14.806711
8400	0	8	2.07	0	8	0	0:01:14.597361
8420	3	-1	0.0	0	6	0	0:01:14.782186
8440	5	9	0.395	0	9	0	0:01:14.582640
8460	8	8	3.39	1	8	1	0:01:14.567080
8480	2	1	0.0456	0	1	0	0:01:14.593254
8500	4	2	0.656	0	2	0	0:01:14.819980
8520	8	4	0.0617	0	4	0	0:01:14.791270
8540	4	-1	0.0	0	4	1	0:01:14.848876
8560	7	7	1.97	1	7	1	0:01:14.632255
8580	3	0	0.257	0	0	0	0:01:14.818124
8600	3	7	1.41	0	7	0	0:01:14.670640
8620	3	-1	0.0	0	4	0	0:01:14.554667
8640	1	1	3.48	1	1	1	0:01:14.639740
8660	7	5	0.33	0	5	0	0:01:15.143817
8680	3	9	0.243	0	9	0	0:01:14.531954
8700	3	3	0.626	1	3	1	0:01:15.032828
8720	2	0	3.53	0	0	0	0:01:14.805783
8740	2	6	0.703	0	6	0	0:01:14.965187
8760	8	8	1.79	1	8	1	0:01:14.721297
8780	4	4	0.0755	1	4	1	0:01:14.673215
8800	0	0	3.79	1	0	1	0:01:14.474240
8820	2	2	2.05	1	2	1	0:01:14.821847
8840	2	1	1.41	0	1	0	0:01:14.816413
8860	2	0	0.59	0	0	0	0:01:14.585907
8880	1	1	0.647	1	1	1	0:01:14.778385
8900	2	-1	0.0	0	6	0	0:01:15.122026
8920	6	6	3.12	1	6	1	0:01:14.782085
8940	6	6	0.317	1	6	1	0:01:14.851501
8960	0	0	3.79	1	0	1	0:01:14.711964
8980	9	9	2.17	1	9	1	0:01:15.020117
9000	8	8	3.21	1	8	1	0:01:14.820056
9020	7	9	1.45	0	9	0	0:01:14.757876
9040	2	5	2.7	0	5	0	0:01:14.608833
9060	9	5	0.0701	0	5	0	0:01:14.996114
9080	3	0	2.55	0	0	0	0:01:14.769155
9100	9	6	0.676	0	6	0	0:01:14.760673
9120	3	0	1.6	0	0	0	0:01:14.692728
9140	7	-1	0.0	0	8	0	0:01:14.930432
9160	5	5	1.09	1	5	1	0:01:14.625486
9180	5	5	3.72	1	5	1	0:01:14.954876
9200	8	8	3.6	1	8	1	0:01:15.289706
9220	8	8	3.63	1	8	1	0:01:14.873777
9240	8	8	1.03	1	8	1	0:01:14.566853
9260	5	5	1.6	1	5	1	0:01:14.716101
9280	9	0	0.00567	0	0	0	0:01:14.563127
9300	5	5	0.332	1	5	1	0:01:15.174741
9320	9	9	1.52	1	9	1	0:01:14.590243
9340	1	1	2.46	1	1	1	0:01:14.700126
9360	5	6	0.0532	0	6	0	0:01:14.610590
9380	5	5	0.368	1	5	1	0:01:14.772651
9400	6	6	0.435	1	6	1	0:01:14.524647
9420	5	-1	0.0	0	6	0	0:01:14.408535
9440	8	8	3.58	1	8	1	0:01:14.545577
9460	3	-1	0.0	0	9	0	0:01:14.715396
9480	2	6	0.961	0	6	0	0:01:14.518987
9500	9	1	0.125	0	1	0	0:01:14.850720
9520	1	1	1.33	1	1	1	0:01:14.758234
9540	5	5	1.34	1	5	1	0:01:15.044628
9560	9	7	2.51	0	7	0	0:01:14.661233
9580	1	4	0.28	0	4	0	0:01:14.528440
9600	8	8	3.6	1	8	1	0:01:14.742764
9620	4	7	0.247	0	7	0	0:01:14.877887
9640	5	6	0.592	0	6	0	0:01:14.545180
9660	6	6	1.8	1	6	1	0:01:14.976205
9680	8	8	0.951	1	8	1	0:01:14.944624
9700	0	0	3.48	1	0	1	0:01:15.172544
9720	8	-1	0.0	0	8	1	0:01:15.018194
9740	3	6	1.79	0	6	0	0:01:15.297772
9760	9	9	2.21	1	9	1	0:01:14.960761
9780	4	6	3.55	0	6	0	0:01:15.601498
9800	1	1	2.24	1	1	1	0:01:14.980745
9820	0	-1	0.0	0	0	1	0:01:14.927423
9840	4	7	0.124	0	7	0	0:01:14.762130
9860	0	8	0.455	0	8	0	0:01:14.907637
9880	7	7	0.995	1	7	1	0:01:14.615233
9900	8	0	1.44	0	0	0	0:01:15.132775
9920	6	6	3.72	1	6	1	0:01:14.765136
9940	4	7	0.235	0	7	0	0:01:14.889552
9960	2	0	3.79	0	0	0	0:01:14.724236
9980	0	0	3.79	1	0	1	0:01:14.649733
