idx	mean	std	min	25 percentile	50 percentile	75 percentile	max
0	0.979	0.008451	0.9062	0.9744	0.9807	0.9852	0.9941
20	0.9186	0.03033	0.7547	0.898	0.9209	0.9407	0.9844
40	0.8999	0.04601	0.7528	0.8672	0.9054	0.9349	0.9916
60	0.8665	0.02718	0.6858	0.8507	0.8677	0.8843	0.9482
80	0.7825	0.03795	0.666	0.7569	0.7825	0.8068	0.9077
100	0.9573	0.01628	0.8962	0.9467	0.9581	0.9694	0.9937
120	0.7862	0.04683	0.658	0.7516	0.7841	0.8181	0.9547
140	0.97	0.01764	0.8792	0.9609	0.9727	0.9837	0.9971
160	0.7208	0.07555	0.4267	0.6673	0.7241	0.775	0.9463
180	0.5847	0.1085	0.2963	0.5048	0.5865	0.6654	0.8643
200	0.8865	0.02628	0.7661	0.8708	0.8887	0.9043	0.9604
220	0.6428	0.1384	0.1775	0.5506	0.6488	0.7456	0.9781
240	0.8718	0.05285	0.6221	0.8395	0.8785	0.9102	0.9696
260	0.9115	0.03844	0.707	0.8916	0.9178	0.9393	0.9767
280	0.8158	0.05212	0.6262	0.7785	0.8192	0.8533	0.9767
300	0.9215	0.01081	0.8914	0.9142	0.9217	0.929	0.9514
320	0.946	0.02284	0.8472	0.9322	0.9477	0.9631	0.9967
340	0.9215	0.0227	0.8578	0.9052	0.9223	0.9384	0.9826
360	0.9621	0.01118	0.9127	0.9549	0.9623	0.9697	0.9897
380	0.977	0.009725	0.9305	0.9718	0.9789	0.9843	0.9953
400	0.659	0.07494	0.3821	0.6103	0.6699	0.7106	0.8415
420	0.9418	0.008168	0.9035	0.9366	0.9423	0.9471	0.9742
440	0.8909	0.0704	0.658	0.8476	0.9032	0.9475	0.9948
460	0.8744	0.03257	0.7654	0.8535	0.8778	0.8984	0.9496
480	0.7111	0.07897	0.3225	0.6631	0.7157	0.7635	0.9113
500	0.9452	0.02331	0.8392	0.9313	0.9477	0.9618	0.9964
520	0.9144	0.03101	0.699	0.8981	0.9174	0.9353	0.9882
540	0.7815	0.04112	0.6632	0.7538	0.7798	0.8087	0.9472
560	0.6697	0.06699	0.5048	0.6175	0.6683	0.7135	0.8845
580	0.937	0.01689	0.8854	0.9255	0.938	0.9491	0.9826
600	0.9408	0.03512	0.7008	0.9231	0.9468	0.9669	0.9933
620	0.9479	0.02332	0.8343	0.9327	0.9503	0.9653	0.9951
640	0.9051	0.0182	0.8435	0.8934	0.9061	0.9175	0.9579
660	0.8605	0.03872	0.7075	0.8383	0.8639	0.8874	0.9519
680	0.8707	0.03174	0.7489	0.8524	0.8726	0.8921	0.9572
700	0.9008	0.04134	0.7205	0.8752	0.9044	0.931	0.9876
720	0.9025	0.02856	0.7983	0.8832	0.905	0.923	0.9679
740	0.9081	0.02511	0.8308	0.8914	0.9085	0.9254	0.9864
760	0.9182	0.03512	0.7705	0.8973	0.9231	0.9444	0.9886
780	0.892	0.05382	0.691	0.8557	0.8993	0.9347	0.991
800	0.6566	0.1265	0.2459	0.5644	0.6687	0.7507	0.9428
820	0.9505	0.01851	0.8807	0.9393	0.9521	0.964	0.9896
840	0.2325	0.1059	0.04905	0.1553	0.2123	0.2879	0.6651
860	0.9332	0.01441	0.8832	0.9234	0.9334	0.9427	0.9751
880	0.5578	0.03904	0.4295	0.5327	0.5595	0.5838	0.6609
900	0.9313	0.01249	0.8901	0.9236	0.9314	0.9397	0.97
920	0.9512	0.01843	0.8828	0.9393	0.9528	0.9654	0.992
940	0.8388	0.103	0.3037	0.7887	0.8662	0.9196	0.9686
960	0.8963	0.048	0.691	0.8667	0.9016	0.9333	0.9872
980	0.9235	0.01252	0.8807	0.9157	0.9235	0.932	0.9636
1000	0.8721	0.05839	0.6571	0.8342	0.8803	0.9167	0.987
1020	0.885	0.05507	0.6637	0.8494	0.8912	0.9268	0.9884
1040	0.7622	0.0463	0.6179	0.7303	0.7607	0.7956	0.8961
1060	0.8127	0.03547	0.6106	0.7926	0.8141	0.8348	0.9053
1080	0.8803	0.01669	0.7735	0.8712	0.8825	0.8911	0.9264
1100	0.7532	0.0499	0.601	0.7194	0.7513	0.7884	0.9094
1120	0.9817	0.01182	0.9162	0.9773	0.9847	0.99	0.9973
1140	0.9355	0.01376	0.8857	0.9265	0.9358	0.9449	0.9757
1160	0.7733	0.05914	0.5794	0.7339	0.7726	0.8155	0.9292
1180	0.936	0.02062	0.8661	0.923	0.9371	0.9507	0.9856
1200	0.6658	0.06652	0.4479	0.6218	0.6663	0.7114	0.8643
1220	0.9676	0.01646	0.8943	0.9596	0.971	0.9793	0.994
1240	0.9266	0.01168	0.8677	0.9206	0.929	0.9352	0.9473
1260	0.7875	0.04875	0.6222	0.7577	0.7908	0.8211	0.9325
1280	0.8046	0.1073	0.3614	0.7479	0.8287	0.884	0.985
1300	0.9394	0.003079	0.929	0.9374	0.9395	0.9414	0.9521
1320	0.8785	0.03462	0.7333	0.856	0.8796	0.9026	0.9625
1340	0.1812	0.1095	0.03389	0.104	0.1507	0.2312	0.7571
1360	0.9586	0.01919	0.8447	0.9503	0.9621	0.9712	0.9915
1380	0.9498	0.01833	0.8738	0.9397	0.9516	0.9633	0.987
1400	0.9217	0.02389	0.8446	0.9054	0.9219	0.9387	0.9885
1420	0.9245	0.02884	0.7033	0.9083	0.9279	0.9433	0.986
1440	0.8926	0.05687	0.6765	0.8543	0.8992	0.9377	0.9888
1460	0.9754	0.01056	0.9294	0.9696	0.9771	0.983	0.9946
1480	0.9302	0.03327	0.6786	0.914	0.9357	0.9543	0.9909
1500	0.7982	0.04747	0.658	0.766	0.7969	0.8282	0.9473
1520	0.943	0.01738	0.845	0.9336	0.9439	0.9547	0.9867
1540	0.8954	0.04804	0.6734	0.8669	0.9022	0.9322	0.9903
1560	0.2062	0.1095	0.04045	0.1269	0.1781	0.2569	0.632
1580	0.9298	0.02906	0.8023	0.9155	0.9348	0.9506	0.9835
1600	0.9427	0.02781	0.8287	0.9274	0.9468	0.9645	0.9921
1620	0.954	0.02798	0.8322	0.9407	0.9608	0.9747	0.9963
1640	0.8968	0.02314	0.7478	0.884	0.9	0.9125	0.9487
1660	0.9373	0.02656	0.8316	0.9216	0.9408	0.9565	0.9935
1680	0.8991	0.009349	0.8638	0.8933	0.8995	0.9052	0.9313
1700	0.9367	0.02042	0.8462	0.9235	0.9365	0.95	0.9886
1720	0.8607	0.03527	0.701	0.8381	0.864	0.8836	0.9674
1740	0.7227	0.03855	0.6094	0.6949	0.7225	0.7518	0.8473
1760	0.8971	0.04847	0.7414	0.8628	0.9029	0.9359	0.9892
1780	0.8287	0.02653	0.7515	0.8112	0.8281	0.8449	0.9223
1800	0.8799	0.04293	0.7363	0.85	0.8823	0.9111	0.9815
1820	0.8273	0.04812	0.6836	0.795	0.8298	0.8608	0.9393
1840	0.9642	0.01608	0.8903	0.9564	0.9673	0.9753	0.9944
1860	0.7177	0.05074	0.5169	0.6858	0.7205	0.7515	0.8971
1880	0.9346	0.02194	0.8355	0.9228	0.9394	0.9511	0.979
1900	0.5566	0.04035	0.4378	0.5284	0.5565	0.5842	0.6798
1920	0.9373	0.01762	0.8574	0.9274	0.9384	0.949	0.9894
1940	0.7925	0.05063	0.5808	0.7629	0.7948	0.8268	0.9282
1960	0.9433	0.02339	0.77	0.9293	0.9451	0.9603	0.9968
1980	0.879	0.06232	0.6432	0.8412	0.8875	0.9247	0.9912
2000	0.9467	0.01342	0.8383	0.9396	0.9474	0.9553	0.9822
2020	0.7484	0.04504	0.5489	0.7233	0.753	0.7786	0.8746
2040	0.7138	0.07468	0.5251	0.6628	0.7101	0.7616	0.9461
2060	0.8827	0.04367	0.7204	0.8568	0.8874	0.9135	0.9843
2080	0.957	0.03475	0.7777	0.9425	0.9684	0.9822	0.9964
2100	0.9161	0.01726	0.8308	0.9079	0.919	0.9277	0.9555
2120	0.8936	0.03874	0.7252	0.8694	0.8974	0.9217	0.9805
2140	0.662	0.1002	0.3261	0.5949	0.6637	0.7341	0.9272
2160	0.7561	0.05467	0.6042	0.7175	0.7539	0.7922	0.9233
2180	0.9295	0.008097	0.9033	0.9239	0.9295	0.9348	0.958
2200	0.6191	0.04563	0.4808	0.5883	0.617	0.6474	0.7704
2220	0.9041	0.05287	0.5806	0.8731	0.9138	0.9442	0.9899
2240	0.862	0.03227	0.7471	0.84	0.8616	0.8833	0.9618
2260	0.9567	0.01489	0.9071	0.9476	0.9593	0.9669	0.993
2280	0.9187	0.03226	0.7876	0.8967	0.9223	0.9439	0.9833
2300	0.9586	0.01258	0.9051	0.9507	0.9593	0.9672	0.9934
2320	0.9256	0.02478	0.8308	0.9114	0.9288	0.9429	0.9807
2340	0.8225	0.05319	0.5997	0.7927	0.8267	0.856	0.986
2360	0.9013	0.03195	0.7196	0.8811	0.904	0.9243	0.9664
2380	0.7228	0.02489	0.6359	0.7073	0.7237	0.7394	0.8007
2400	0.5824	0.0586	0.4069	0.5435	0.5821	0.6224	0.8012
2420	0.9551	0.02528	0.8227	0.9409	0.9602	0.9739	0.9944
2440	0.8424	0.05504	0.447	0.8174	0.8499	0.8773	0.965
2460	0.9606	0.01517	0.8977	0.952	0.9628	0.9717	0.9893
2480	0.888	0.05642	0.6681	0.8538	0.8959	0.9313	0.9903
2500	0.9457	0.02279	0.8582	0.9313	0.9474	0.9619	0.9916
2520	0.836	0.03511	0.7246	0.8115	0.8378	0.8613	0.9307
2540	0.9155	0.01207	0.8745	0.9078	0.9168	0.9237	0.9535
2560	0.9746	0.01532	0.8042	0.9675	0.9771	0.9855	0.9991
2580	0.8805	0.01477	0.8452	0.8695	0.8795	0.8903	0.9335
2600	0.7466	0.04469	0.6131	0.7149	0.7452	0.7746	0.8919
2620	0.9647	0.009347	0.8795	0.9604	0.9654	0.9706	0.9845
2640	0.9208	0.05176	0.5805	0.8941	0.9315	0.959	0.9923
2660	0.8943	0.02554	0.802	0.8786	0.8948	0.9109	0.9672
2680	0.6034	0.06953	0.429	0.5548	0.5995	0.6451	0.9039
2700	0.9287	0.03917	0.7421	0.9107	0.9372	0.9562	0.9921
2720	0.9848	0.009596	0.8964	0.9814	0.9871	0.9911	0.9969
2740	0.9594	0.01399	0.8599	0.9518	0.9622	0.9694	0.9844
2760	0.9227	0.01053	0.8922	0.9156	0.9228	0.9296	0.9637
2780	0.6872	0.1357	0.2638	0.5953	0.7021	0.7935	0.9216
2800	0.9459	0.01268	0.8869	0.938	0.9466	0.9546	0.9838
2820	0.9244	0.01075	0.8908	0.9176	0.9245	0.9318	0.9602
2840	0.7732	0.02501	0.6985	0.7568	0.774	0.7898	0.8557
2860	0.941	0.02436	0.8112	0.9297	0.944	0.9572	0.991
2880	0.9083	0.0171	0.8606	0.8958	0.9074	0.9198	0.9641
2900	0.8991	0.03031	0.7867	0.8794	0.9013	0.9203	0.9766
2920	0.8725	0.02749	0.7713	0.8534	0.8743	0.8914	0.9444
2940	0.9201	0.03534	0.737	0.9013	0.9289	0.945	0.9778
2960	0.8454	0.02984	0.6687	0.8281	0.8463	0.8639	0.9285
2980	0.9408	0.02739	0.7748	0.928	0.9476	0.9602	0.9835
3000	0.7581	0.06401	0.5248	0.7131	0.757	0.8051	0.9386
3020	0.9184	0.04234	0.7362	0.8963	0.9264	0.9502	0.9883
3040	0.4335	0.1345	0.0999	0.3312	0.418	0.5237	0.8225
3060	0.8399	0.08863	0.4661	0.7894	0.8578	0.9057	0.981
3080	0.9611	0.02029	0.7322	0.9488	0.9644	0.9758	0.9947
3100	0.753	0.07663	0.5603	0.698	0.749	0.8048	0.9515
3120	0.9368	0.0161	0.8884	0.9262	0.937	0.9478	0.9803
3140	0.6679	0.06455	0.4654	0.6237	0.6638	0.7063	0.9214
3160	0.9311	0.00774	0.9015	0.926	0.9312	0.9365	0.9527
3180	0.9588	0.02233	0.8523	0.9476	0.9631	0.9747	0.9947
3200	0.9187	0.04512	0.6455	0.9036	0.9323	0.9489	0.9813
3220	0.9193	0.01833	0.8249	0.9074	0.9196	0.9314	0.9751
3240	0.9855	0.01183	0.8907	0.9828	0.9889	0.9924	0.9983
3260	0.751	0.1178	0.2364	0.6944	0.7688	0.8359	0.955
3280	0.8883	0.02911	0.7663	0.8717	0.8913	0.909	0.9609
3300	0.9546	0.01825	0.8781	0.9428	0.9563	0.9678	0.995
3320	0.8926	0.03264	0.727	0.8736	0.8962	0.9161	0.9619
3340	0.9104	0.01797	0.856	0.8978	0.91	0.9231	0.9693
3360	0.9489	0.01152	0.9092	0.9413	0.9497	0.9566	0.9824
3380	0.8674	0.05254	0.6974	0.8309	0.8702	0.9053	0.9853
3400	0.9374	0.007058	0.8871	0.9339	0.9384	0.9422	0.9525
3420	0.9309	0.01082	0.8912	0.924	0.9311	0.9382	0.9604
3440	0.9677	0.01344	0.9053	0.9601	0.9698	0.9773	0.9948
3460	0.9266	0.02535	0.7927	0.9146	0.9318	0.9435	0.9691
3480	0.8266	0.01443	0.7928	0.8164	0.8249	0.8345	0.9075
3500	0.9655	0.01671	0.8794	0.9564	0.969	0.9773	0.9968
3520	0.1546	0.118	0.01582	0.07699	0.1177	0.1946	0.7396
3540	0.9766	0.01279	0.9153	0.9702	0.9789	0.986	0.9982
3560	0.8237	0.02759	0.742	0.8064	0.8236	0.8417	0.9249
3580	0.9741	0.009992	0.8951	0.9698	0.976	0.9806	0.9909
3600	0.9364	0.02154	0.8692	0.9224	0.9374	0.9515	0.9891
3620	0.9221	0.03089	0.6589	0.9083	0.9282	0.9423	0.9795
3640	0.9323	0.02023	0.8597	0.9187	0.9328	0.9464	0.9833
3660	0.7648	0.04707	0.6058	0.7326	0.7663	0.7952	0.9029
3680	0.9538	0.0175	0.8819	0.9431	0.9553	0.9658	0.9907
3700	0.8701	0.02351	0.7948	0.8547	0.8707	0.8854	0.951
3720	0.9068	0.02416	0.81	0.8904	0.9069	0.9229	0.9851
3740	0.6507	0.06416	0.4895	0.6049	0.6446	0.6906	0.8669
3760	0.7004	0.094	0.4022	0.6364	0.7094	0.7709	0.9213
3780	0.9021	0.02386	0.8451	0.8839	0.9001	0.9181	0.9836
3800	0.9438	0.02968	0.7907	0.9264	0.9492	0.9652	0.9959
3820	0.854	0.06674	0.636	0.813	0.8626	0.9043	0.9835
3840	0.9014	0.02	0.7594	0.892	0.9034	0.9144	0.9524
3860	0.6097	0.1013	0.2124	0.5435	0.6247	0.6853	0.8128
3880	0.9272	0.01842	0.8623	0.9159	0.9278	0.9394	0.9761
3900	0.8269	0.03846	0.6204	0.8068	0.8333	0.8541	0.914
3920	0.8662	0.0397	0.7341	0.8413	0.8679	0.8918	0.9793
3940	0.9516	0.01386	0.9082	0.9428	0.9532	0.9613	0.9935
3960	0.9306	0.02621	0.8249	0.9155	0.9335	0.9499	0.9866
3980	0.8847	0.03228	0.725	0.8683	0.8885	0.9064	0.9544
4000	0.9646	0.02556	0.812	0.9536	0.9726	0.9827	0.9956
4020	0.7352	0.03402	0.5812	0.7118	0.7333	0.7563	0.8501
4040	0.5094	0.04594	0.3785	0.4771	0.5087	0.538	0.6699
4060	0.925	0.0173	0.8158	0.9177	0.9275	0.9358	0.9617
4080	0.8849	0.05292	0.6873	0.849	0.8887	0.9261	0.9917
4100	0.5093	0.1356	0.1715	0.4086	0.5105	0.6063	0.8584
4120	0.6939	0.07835	0.4488	0.6441	0.6923	0.747	0.9109
4140	0.7527	0.03838	0.6372	0.7259	0.7531	0.778	0.8693
4160	0.9061	0.02807	0.8143	0.8877	0.9063	0.9259	0.9801
4180	0.8273	0.07307	0.5727	0.7774	0.8327	0.8817	0.9699
4200	0.8855	0.01984	0.8278	0.8713	0.8834	0.8977	0.9492
4220	0.5902	0.07427	0.4149	0.5365	0.5848	0.6423	0.8502
4240	0.8895	0.03461	0.7448	0.8687	0.8923	0.9127	0.9767
4260	0.664	0.0292	0.5454	0.6439	0.6631	0.6832	0.7567
4280	0.7769	0.04683	0.6209	0.7454	0.7766	0.8078	0.9379
4300	0.8319	0.0377	0.7183	0.8047	0.8324	0.8588	0.9396
4320	0.7143	0.02903	0.6141	0.6943	0.7145	0.732	0.8278
4340	0.76	0.06803	0.5417	0.7149	0.7607	0.8076	0.9762
4360	0.7704	0.04299	0.593	0.7424	0.7725	0.8016	0.8981
4380	0.8449	0.02512	0.7623	0.8276	0.8447	0.8622	0.9209
4400	0.9804	0.0109	0.9221	0.9751	0.9826	0.9885	0.9989
4420	0.9319	0.03659	0.7978	0.9107	0.9355	0.96	0.9958
4440	0.9524	0.01214	0.9082	0.9447	0.953	0.9608	0.9835
4460	0.8394	0.05557	0.6695	0.8034	0.8407	0.8763	0.9833
4480	0.9365	0.02012	0.8098	0.9288	0.9402	0.9493	0.9734
4500	0.94	0.02064	0.8727	0.9261	0.9419	0.9546	0.9816
4520	0.9312	0.01068	0.8884	0.9246	0.9315	0.9383	0.9652
4540	0.7762	0.02464	0.6867	0.7606	0.777	0.7932	0.8541
4560	0.9447	0.03038	0.7332	0.9312	0.9525	0.9657	0.9912
4580	0.9434	0.01993	0.8772	0.9312	0.9458	0.9578	0.9858
4600	0.9367	0.02296	0.7695	0.9258	0.9412	0.9523	0.9798
4620	0.9368	0.02575	0.7955	0.9203	0.9385	0.9557	0.9872
4640	0.9556	0.02148	0.871	0.9416	0.9588	0.9715	0.9952
4660	0.975	0.016	0.9163	0.9664	0.9792	0.9875	0.9972
4680	0.4338	0.1029	0.2167	0.3594	0.4157	0.4948	0.8726
4700	0.965	0.01367	0.875	0.9576	0.9668	0.9742	0.9966
4720	0.7	0.09081	0.4099	0.6351	0.7028	0.7659	0.9387
4740	0.9135	0.01777	0.8515	0.9019	0.9147	0.9263	0.9612
4760	0.9802	0.009926	0.91	0.9763	0.9822	0.9867	0.9963
4780	0.8755	0.06246	0.6109	0.8362	0.8822	0.9214	0.9949
4800	0.6814	0.05913	0.4671	0.6515	0.6916	0.7218	0.8267
4820	0.9577	0.01914	0.834	0.9506	0.9624	0.9703	0.9929
4840	0.6484	0.07022	0.4031	0.6012	0.6472	0.6976	0.8626
4860	0.9005	0.03424	0.7856	0.8786	0.9036	0.9261	0.9786
4880	0.8302	0.04762	0.67	0.7989	0.8313	0.8624	0.9595
4900	0.8937	0.07096	0.4899	0.8588	0.9138	0.9469	0.9896
4920	0.9107	0.0405	0.702	0.8876	0.9166	0.939	0.9899
4940	0.8975	0.02053	0.849	0.8821	0.8971	0.9113	0.9668
4960	0.9179	0.009502	0.8844	0.9116	0.9177	0.9241	0.9474
4980	0.8476	0.02334	0.7609	0.8325	0.8482	0.8624	0.9293
5000	0.6905	0.09359	0.3189	0.6303	0.7013	0.7603	0.9117
5020	0.7416	0.05317	0.5958	0.7036	0.7357	0.7764	0.9346
5040	0.919	0.0199	0.8358	0.9085	0.9204	0.933	0.9701
5060	0.9562	0.01183	0.9199	0.9479	0.9563	0.9642	0.9928
5080	0.7008	0.1036	0.3695	0.6334	0.7124	0.7766	0.9428
5100	0.9373	0.01406	0.8903	0.9279	0.9382	0.9468	0.978
5120	0.7417	0.05044	0.5287	0.7102	0.7429	0.7769	0.8865
5140	0.7155	0.06669	0.5355	0.6683	0.7109	0.7626	0.9286
5160	0.7269	0.02761	0.6377	0.7085	0.7284	0.745	0.825
5180	0.9802	0.01351	0.8805	0.9738	0.9837	0.9901	0.9973
5200	0.8729	0.0352	0.7566	0.85	0.8755	0.8981	0.9609
5220	0.7681	0.05934	0.5715	0.7309	0.7731	0.8119	0.919
5240	0.968	0.01973	0.8653	0.9583	0.9725	0.9824	0.9964
5260	0.6798	0.07775	0.4557	0.6254	0.6762	0.7307	0.9521
5280	0.6751	0.05131	0.5215	0.6411	0.6761	0.7075	0.8634
5300	0.9076	0.04001	0.7484	0.8863	0.9142	0.9372	0.9815
5320	0.378	0.1752	0.04572	0.2369	0.3582	0.4987	0.864
5340	0.971	0.02001	0.8597	0.9622	0.9759	0.986	0.9965
5360	0.7296	0.06102	0.4746	0.6977	0.7423	0.7724	0.8574
5380	0.7306	0.04346	0.4862	0.712	0.7389	0.7591	0.8224
5400	0.9172	0.04772	0.74	0.8872	0.9251	0.9562	0.994
5420	0.8769	0.04331	0.5332	0.8569	0.8832	0.9049	0.9658
5440	0.2955	0.1102	0.03645	0.2127	0.2864	0.3776	0.6318
5460	0.926	0.04138	0.5452	0.9204	0.9366	0.9484	0.9726
5480	0.9496	0.03011	0.809	0.9313	0.9555	0.9726	0.9972
5500	0.8738	0.04419	0.7307	0.8434	0.8746	0.906	0.9839
5520	0.9015	0.02007	0.8323	0.8884	0.9021	0.9159	0.964
5540	0.9487	0.02227	0.8518	0.9352	0.9508	0.9657	0.9935
5560	0.8889	0.02596	0.8138	0.8699	0.89	0.9067	0.975
5580	0.889	0.02284	0.7671	0.8757	0.8901	0.9045	0.9492
5600	0.9109	0.03469	0.7962	0.886	0.9116	0.9364	0.9856
5620	0.8321	0.01346	0.8042	0.8224	0.8303	0.8397	0.8943
5640	0.8768	0.03481	0.6983	0.8558	0.8808	0.9025	0.957
5660	0.8889	0.04062	0.7642	0.8627	0.8895	0.9176	0.9826
5680	0.9422	0.02835	0.7338	0.9298	0.9472	0.9623	0.99
5700	0.9718	0.01243	0.9249	0.9649	0.9734	0.9807	0.9953
5720	0.7383	0.03507	0.5002	0.7232	0.7434	0.7603	0.8703
5740	0.8716	0.01897	0.8201	0.858	0.8706	0.8835	0.9308
5760	0.9601	0.01637	0.8814	0.9503	0.9615	0.9711	0.993
5780	0.8238	0.03879	0.6226	0.8042	0.8287	0.8495	0.9303
5800	0.93	0.02086	0.8557	0.9172	0.9304	0.9441	0.9904
5820	0.9484	0.01486	0.8673	0.939	0.9488	0.9585	0.9875
5840	0.9554	0.0117	0.9091	0.9475	0.9561	0.9636	0.9852
5860	0.8832	0.05393	0.6626	0.8465	0.8856	0.9239	0.9958
5880	0.7854	0.09609	0.4948	0.7196	0.7925	0.8552	0.9787
5900	0.9605	0.01508	0.9021	0.9511	0.962	0.9717	0.9916
5920	0.1569	0.08493	0.02877	0.09102	0.1383	0.2055	0.5946
5940	0.9231	0.02022	0.8555	0.9102	0.9243	0.9376	0.967
5960	0.9554	0.02698	0.6881	0.9416	0.9599	0.974	0.9949
5980	0.7127	0.1177	0.2446	0.6437	0.7328	0.7985	0.9516
6000	0.8662	0.03835	0.7204	0.8408	0.8675	0.8941	0.9793
6020	0.9573	0.01602	0.8525	0.948	0.9585	0.9687	0.9939
6040	0.9428	0.01501	0.8476	0.9354	0.945	0.953	0.9759
6060	0.9679	0.01197	0.9226	0.9607	0.9697	0.9768	0.9939
6080	0.9356	0.0432	0.6836	0.9139	0.9449	0.9677	0.9961
6100	0.9363	0.04588	0.7146	0.9128	0.9493	0.9715	0.9949
6120	0.7795	0.05878	0.5334	0.7409	0.7803	0.8196	0.951
6140	0.7863	0.03322	0.6184	0.7684	0.7887	0.8065	0.8973
6160	0.9529	0.02576	0.7767	0.94	0.9582	0.9704	0.9957
6180	0.7792	0.0342	0.6325	0.7567	0.7802	0.8017	0.8771
6200	0.8949	0.04585	0.6793	0.8707	0.9046	0.9283	0.9711
6220	0.9041	0.01385	0.8386	0.8948	0.9045	0.9138	0.951
6240	0.9748	0.009933	0.9366	0.9691	0.9762	0.9821	0.9927
6260	0.9675	0.02027	0.8282	0.9579	0.9727	0.9818	0.9958
6280	0.9418	0.02761	0.8261	0.925	0.9467	0.9622	0.9923
6300	0.9731	0.01437	0.9152	0.9638	0.9754	0.9843	0.9968
6320	0.74	0.06987	0.5361	0.6918	0.7395	0.7911	0.9285
6340	0.9475	0.02164	0.8203	0.9367	0.9518	0.9623	0.9855
6360	0.9164	0.02345	0.8537	0.8998	0.9158	0.9325	0.9864
6380	0.9711	0.01125	0.9079	0.9638	0.9726	0.9793	0.9964
6400	0.9077	0.04286	0.6908	0.8849	0.9174	0.9414	0.9712
6420	0.9511	0.02931	0.807	0.9362	0.9574	0.9725	0.995
6440	0.8781	0.03682	0.7797	0.8512	0.8777	0.9052	0.9775
6460	0.9583	0.01703	0.7213	0.9518	0.9611	0.9683	0.9891
6480	0.8466	0.07265	0.4984	0.8116	0.8563	0.8995	0.9836
6500	0.9416	0.03099	0.6978	0.9264	0.9474	0.9628	0.9933
6520	0.8655	0.02163	0.8167	0.8506	0.8632	0.8781	0.9383
6540	0.82	0.04205	0.7072	0.7895	0.819	0.8484	0.9698
6560	0.9155	0.01975	0.8593	0.9007	0.9156	0.9292	0.9695
6580	0.9479	0.02914	0.7689	0.9347	0.9549	0.9678	0.9905
6600	0.2794	0.1185	0.04817	0.1917	0.261	0.3438	0.7962
6620	0.7913	0.05379	0.6237	0.7537	0.7948	0.8287	0.922
6640	0.908	0.03017	0.7589	0.8921	0.9148	0.929	0.9665
6660	0.7176	0.03454	0.6104	0.6943	0.7178	0.7399	0.8308
6680	0.9128	0.02776	0.8319	0.8948	0.9132	0.9328	0.9818
6700	0.9705	0.01101	0.9266	0.9642	0.9721	0.9787	0.9933
6720	0.8809	0.02458	0.8256	0.8634	0.8792	0.8969	0.9664
6740	0.9206	0.01577	0.8632	0.9104	0.9216	0.9316	0.9632
6760	0.9011	0.02336	0.8167	0.8854	0.9016	0.9166	0.9691
6780	0.6992	0.1219	0.3392	0.6235	0.7159	0.7901	0.9746
6800	0.9501	0.01343	0.9091	0.9409	0.9504	0.9593	0.9855
6820	0.4477	0.1584	0.09033	0.3261	0.4343	0.5609	0.8947
6840	0.8443	0.08224	0.4842	0.8038	0.8619	0.9041	0.9727
6860	0.6121	0.07251	0.4175	0.5585	0.6065	0.6616	0.8336
6880	0.9384	0.01548	0.8606	0.929	0.9403	0.9492	0.9725
6900	0.9393	0.03483	0.7679	0.9242	0.9476	0.9631	0.9925
6920	0.8776	0.02766	0.8128	0.8566	0.875	0.8968	0.9636
6940	0.653	0.08659	0.3795	0.5916	0.6579	0.7153	0.8988
6960	0.8106	0.09062	0.5294	0.7497	0.8157	0.8784	0.9876
6980	0.8077	0.02358	0.7371	0.7917	0.8064	0.822	0.8917
7000	0.9765	0.01938	0.7887	0.9729	0.9822	0.988	0.998
7020	0.8644	0.0695	0.4904	0.8302	0.8757	0.9126	0.9924
7040	0.8701	0.04265	0.7347	0.842	0.8708	0.9011	0.9753
7060	0.7444	0.1053	0.3923	0.6702	0.7545	0.8223	0.9609
7080	0.9665	0.01304	0.8842	0.9591	0.9683	0.9762	0.9952
7100	0.9009	0.01672	0.8385	0.8909	0.9014	0.9127	0.9525
7120	0.8085	0.09064	0.3901	0.7589	0.8234	0.8785	0.969
7140	0.9439	0.00934	0.9114	0.9377	0.9437	0.9497	0.9774
7160	0.8651	0.01599	0.8216	0.8539	0.8632	0.8751	0.9314
7180	0.9178	0.01262	0.8637	0.9098	0.9176	0.9259	0.9559
7200	0.9478	0.02227	0.8829	0.9332	0.9513	0.9643	0.9899
7220	0.8612	0.04647	0.7018	0.8338	0.8636	0.8924	0.9757
7240	0.8979	0.04427	0.7383	0.8716	0.9016	0.9296	0.9874
7260	0.7507	0.03877	0.6305	0.7238	0.7496	0.7777	0.9123
7280	0.9607	0.02175	0.8544	0.9497	0.9663	0.9761	0.9963
7300	0.9104	0.04393	0.6785	0.8888	0.9191	0.9396	0.9848
7320	0.5217	0.05084	0.4086	0.4854	0.5168	0.5533	0.7285
7340	0.9621	0.01508	0.8808	0.9533	0.9629	0.9727	0.9948
7360	0.9743	0.01221	0.8602	0.9683	0.976	0.9831	0.9956
7380	0.9548	0.02262	0.795	0.9462	0.9606	0.9699	0.9884
7400	0.8939	0.01943	0.7872	0.8817	0.8944	0.9072	0.9553
7420	0.7681	0.06	0.5719	0.7285	0.7685	0.8099	0.958
7440	0.9612	0.01353	0.9093	0.9526	0.9617	0.9707	0.9936
7460	0.5993	0.08026	0.4039	0.54	0.5976	0.6575	0.8563
7480	0.9172	0.02557	0.7603	0.9036	0.9218	0.9349	0.9644
7500	0.2274	0.07885	0.06824	0.1703	0.2096	0.2728	0.5714
7520	0.9601	0.01594	0.9002	0.9503	0.9614	0.9723	0.9901
7540	0.6695	0.05579	0.509	0.6313	0.6659	0.7037	0.8445
7560	0.9732	0.019	0.8301	0.9672	0.978	0.9855	0.9974
7580	0.745	0.04084	0.6276	0.7176	0.7456	0.7712	0.8749
7600	0.9399	0.02965	0.8205	0.9208	0.9426	0.9627	0.9938
7620	0.9383	0.01959	0.8074	0.9294	0.9414	0.9516	0.9816
7640	0.9326	0.03005	0.7187	0.9141	0.9356	0.9547	0.9895
7660	0.9444	0.01909	0.871	0.934	0.9473	0.9579	0.9842
7680	0.9098	0.03096	0.7879	0.8927	0.9127	0.9307	0.9839
7700	0.9251	0.008738	0.8955	0.9192	0.9249	0.9307	0.9606
7720	0.9574	0.01383	0.8959	0.949	0.9593	0.9674	0.989
7740	0.9181	0.0221	0.8584	0.9016	0.9181	0.9336	0.9758
7760	0.932	0.02846	0.7952	0.9188	0.9364	0.9524	0.9809
7780	0.8943	0.04583	0.6843	0.8661	0.9	0.9279	0.9869
7800	0.6744	0.06416	0.4236	0.6306	0.6723	0.7203	0.8686
7820	0.8456	0.03181	0.7192	0.8263	0.8472	0.866	0.9476
7840	0.6917	0.09112	0.3349	0.6367	0.6968	0.7523	0.9279
7860	0.9616	0.01365	0.8559	0.9568	0.9637	0.97	0.9903
7880	0.6825	0.03566	0.5766	0.6606	0.6833	0.7066	0.822
7900	0.921	0.03917	0.7753	0.8962	0.9252	0.9519	0.9867
7920	0.9368	0.03759	0.7396	0.9132	0.9432	0.9655	0.9973
7940	0.9399	0.01068	0.9031	0.9323	0.9398	0.9469	0.9705
7960	0.8026	0.06357	0.4716	0.7659	0.8065	0.8491	0.9445
7980	0.9399	0.02125	0.8576	0.9258	0.941	0.9555	0.9957
8000	0.7453	0.04765	0.5224	0.7161	0.7447	0.7761	0.8883
8020	0.9145	0.01125	0.8809	0.9066	0.9145	0.9221	0.948
8040	0.9512	0.01203	0.9074	0.9441	0.9517	0.9594	0.984
8060	0.9201	0.01324	0.8741	0.9116	0.9195	0.9287	0.9592
8080	0.9283	0.01906	0.8689	0.9155	0.9291	0.9417	0.9804
8100	0.8966	0.02616	0.8312	0.8774	0.8946	0.914	0.9866
8120	0.8591	0.04129	0.6927	0.8315	0.8592	0.8897	0.9631
8140	0.933	0.01001	0.9009	0.9263	0.9334	0.9396	0.965
8160	0.9365	0.04066	0.6831	0.9189	0.9453	0.9657	0.9914
8180	0.8827	0.01665	0.8366	0.8712	0.8832	0.8939	0.9352
8200	0.9564	0.01868	0.8592	0.9455	0.9596	0.9697	0.9923
8220	0.9695	0.01492	0.8865	0.9599	0.971	0.9808	0.9964
8240	0.7525	0.1021	0.3933	0.6854	0.7643	0.8299	0.9564
8260	0.8381	0.08677	0.4679	0.7912	0.8564	0.9042	0.9767
8280	0.9597	0.01685	0.8383	0.9514	0.9628	0.9709	0.9952
8300	0.9611	0.02035	0.8726	0.9499	0.964	0.9769	0.9964
8320	0.9451	0.009232	0.8575	0.9395	0.9451	0.9512	0.9718
8340	0.932	0.01942	0.8697	0.919	0.9337	0.9465	0.9747
8360	0.9352	0.02909	0.7339	0.925	0.9413	0.9541	0.9882
8380	0.801	0.04099	0.6858	0.7727	0.7992	0.8278	0.9345
8400	0.7365	0.02559	0.6332	0.7194	0.7381	0.755	0.8034
8420	0.9572	0.02019	0.884	0.9429	0.9596	0.9727	0.9944
8440	0.9358	0.0188	0.8087	0.9283	0.9394	0.9478	0.9766
8460	0.7577	0.06474	0.5132	0.7125	0.7551	0.8044	0.945
8480	0.9771	0.016	0.8549	0.9727	0.9822	0.9869	0.997
8500	0.9081	0.02741	0.8126	0.889	0.9097	0.9276	0.9793
8520	0.9608	0.01464	0.9091	0.9517	0.9628	0.9721	0.9886
8540	0.9422	0.02067	0.8711	0.9277	0.9427	0.9573	0.9913
8560	0.8053	0.06808	0.5637	0.7675	0.8159	0.8556	0.9385
8580	0.9	0.028	0.7419	0.8844	0.9038	0.9196	0.9631
8600	0.9291	0.02035	0.8362	0.9179	0.9314	0.9429	0.9756
8620	0.9773	0.009135	0.9368	0.9722	0.9787	0.9838	0.9956
8640	0.8531	0.05233	0.5893	0.8229	0.8596	0.8907	0.9799
8660	0.841	0.05336	0.6759	0.8046	0.8449	0.8807	0.9648
8680	0.9556	0.03214	0.7968	0.9409	0.9636	0.9798	0.9981
8700	0.9101	0.03021	0.7919	0.892	0.9135	0.9309	0.9814
8720	0.6552	0.0792	0.4677	0.5982	0.6505	0.7114	0.9121
8740	0.9417	0.01403	0.8872	0.9328	0.9422	0.9514	0.9781
8760	0.7636	0.1013	0.3861	0.7074	0.7815	0.8375	0.947
8780	0.9561	0.01716	0.8978	0.9447	0.9575	0.9682	0.9933
8800	0.4366	0.04449	0.3193	0.4068	0.4323	0.4639	0.649
8820	0.3859	0.09693	0.1549	0.3124	0.377	0.4467	0.7222
8840	0.9311	0.01919	0.8404	0.9232	0.9354	0.9435	0.9707
8860	0.9533	0.02734	0.8068	0.9405	0.9597	0.9733	0.9923
8880	0.9239	0.04055	0.6814	0.9058	0.9361	0.9508	0.9832
8900	0.9658	0.01119	0.9157	0.9599	0.9682	0.974	0.9859
8920	0.9313	0.01584	0.8848	0.92	0.9319	0.9423	0.9749
8940	0.8571	0.06017	0.5838	0.8307	0.8719	0.9007	0.9595
8960	0.6863	0.03425	0.5575	0.6639	0.6854	0.7098	0.7941
8980	0.6548	0.08146	0.3098	0.6114	0.6657	0.714	0.8214
9000	0.4858	0.1186	0.1639	0.4009	0.4847	0.5738	0.7897
9020	0.8731	0.04059	0.69	0.8453	0.8722	0.9018	0.9831
9040	0.8735	0.05035	0.6774	0.8405	0.8769	0.9115	0.9797
9060	0.8004	0.06712	0.462	0.7694	0.8094	0.8453	0.935
9080	0.8337	0.04375	0.6951	0.804	0.8351	0.8648	0.9298
9100	0.9385	0.01718	0.8568	0.9278	0.9395	0.9505	0.9778
9120	0.9086	0.03291	0.7347	0.8905	0.9125	0.9317	0.9772
9140	0.9605	0.02856	0.7452	0.9442	0.9681	0.9822	0.9969
9160	0.9147	0.03279	0.757	0.8964	0.9204	0.9369	0.9817
9180	0.7553	0.06383	0.5594	0.7121	0.755	0.798	0.9341
9200	0.673	0.0413	0.5378	0.6461	0.6745	0.7011	0.7951
9220	0.7144	0.03707	0.5894	0.6894	0.7145	0.7396	0.8344
9240	0.9103	0.04264	0.7269	0.8817	0.9139	0.9447	0.994
9260	0.904	0.02833	0.7904	0.8866	0.907	0.925	0.9679
9280	0.8642	0.04954	0.6892	0.8315	0.8669	0.8993	0.9746
9300	0.9759	0.01208	0.9148	0.9694	0.9784	0.9848	0.9939
9320	0.7756	0.03867	0.6385	0.7519	0.7764	0.8004	0.8979
9340	0.3979	0.101	0.1635	0.3228	0.3871	0.4612	0.7754
9360	0.9673	0.01405	0.8967	0.96	0.9697	0.9775	0.9918
9380	0.9135	0.0299	0.8105	0.8935	0.9161	0.935	0.979
9400	0.9357	0.02194	0.8663	0.921	0.9377	0.9514	0.9909
9420	0.9521	0.0166	0.837	0.9442	0.9545	0.963	0.988
9440	0.6725	0.08302	0.303	0.6201	0.6761	0.7317	0.8838
9460	0.9571	0.01763	0.8346	0.948	0.9585	0.9691	0.9936
9480	0.9376	0.01113	0.9039	0.9296	0.9375	0.9455	0.9707
9500	0.9553	0.02017	0.8479	0.9475	0.9588	0.9683	0.9944
9520	0.6705	0.08567	0.3536	0.6149	0.6774	0.7321	0.8864
9540	0.9108	0.02673	0.7554	0.8954	0.9134	0.9293	0.9729
9560	0.7669	0.0963	0.3731	0.7169	0.7887	0.8371	0.9499
9580	0.9557	0.01133	0.8945	0.9494	0.9575	0.9633	0.9821
9600	0.6813	0.04227	0.5002	0.6529	0.6845	0.7085	0.807
9620	0.8368	0.06026	0.4667	0.8165	0.8522	0.876	0.9433
9640	0.9566	0.01515	0.8804	0.9492	0.959	0.967	0.9865
9660	0.6389	0.1087	0.3023	0.5635	0.6521	0.7182	0.8846
9680	0.8335	0.03426	0.7389	0.81	0.8325	0.8569	0.9283
9700	0.7976	0.04655	0.6098	0.77	0.8011	0.8301	0.9155
9720	0.9727	0.02317	0.8296	0.9635	0.9803	0.9896	0.9989
9740	0.9421	0.01619	0.885	0.9321	0.9434	0.9537	0.9814
9760	0.9011	0.03486	0.757	0.8799	0.903	0.9262	0.9811
9780	0.9201	0.01302	0.8718	0.9113	0.9206	0.9292	0.9582
9800	0.2482	0.05253	0.09567	0.2129	0.2485	0.284	0.4476
9820	0.9444	0.0347	0.7421	0.9292	0.9523	0.9692	0.9966
9840	0.9042	0.02761	0.7775	0.889	0.9075	0.9235	0.9649
9860	0.9288	0.0252	0.8107	0.9141	0.9323	0.9463	0.9835
9880	0.9015	0.02605	0.8076	0.8846	0.903	0.9203	0.9686
9900	0.8293	0.05954	0.6114	0.7913	0.8347	0.873	0.9766
9920	0.9053	0.01533	0.8524	0.8946	0.9059	0.9161	0.9488
9940	0.8892	0.03651	0.7016	0.8731	0.8936	0.9129	0.9749
9960	0.4995	0.06376	0.2896	0.4577	0.4953	0.5395	0.7265
9980	0.4788	0.08188	0.2326	0.4202	0.4774	0.5326	0.7789
