idx	predict	radius	unperturbed predict	time
0	1	1.89	1	0:02:53.871104
100	1	1.89	1	0:02:50.729526
200	1	1.89	1	0:02:51.019518
300	1	1.89	1	0:02:50.862114
400	1	1.89	1	0:02:51.035558
500	1	1.89	1	0:02:50.806324
600	1	1.89	1	0:02:50.960019
700	1	1.89	1	0:02:50.821536
800	1	1.89	1	0:02:50.952464
900	1	1.89	1	0:02:50.849593
1000	1	1.89	1	0:02:51.166045
1100	1	1.89	1	0:02:50.740284
1200	1	1.89	1	0:02:50.735334
1300	1	1.89	1	0:02:50.679147
1400	1	1.89	1	0:02:50.900304
1500	1	1.89	1	0:02:50.991582
1600	1	1.89	1	0:02:51.107907
1700	1	1.89	1	0:02:50.851358
1800	1	1.89	1	0:02:50.758591
1900	1	1.89	1	0:02:50.760602
2000	1	1.89	1	0:02:50.663714
2100	1	1.89	1	0:02:50.719836
2200	1	1.89	1	0:02:50.838122
2300	1	1.89	1	0:02:50.797235
2400	1	1.89	1	0:02:50.702796
2500	1	1.89	1	0:02:50.951838
2600	1	1.89	1	0:02:50.982167
2700	1	1.89	1	0:02:50.747806
2800	1	1.89	1	0:02:50.876239
2900	1	1.89	1	0:02:50.899401
3000	1	1.89	1	0:02:50.762826
3100	1	1.89	1	0:02:50.914265
3200	1	1.89	1	0:02:50.717265
3300	1	1.89	1	0:02:50.744483
3400	1	1.89	1	0:02:50.806816
3500	1	1.89	1	0:02:50.738074
3600	1	1.89	1	0:02:50.831506
3700	1	1.89	1	0:02:50.730297
3800	1	1.89	1	0:02:50.918337
3900	1	1.89	1	0:02:50.763396
4000	1	1.89	1	0:02:50.628397
4100	1	1.89	1	0:02:50.956890
4200	1	1.89	1	0:02:50.842866
4300	1	1.89	1	0:02:50.869846
4400	1	1.89	1	0:02:50.853355
4500	1	1.89	1	0:02:50.873094
4600	1	1.89	1	0:02:50.790076
4700	1	1.89	1	0:02:51.237726
4800	1	1.89	1	0:02:50.920596
4900	1	1.89	1	0:02:50.970930
5000	1	1.89	1	0:02:50.966049
5100	1	1.89	1	0:02:50.817374
5200	1	1.89	1	0:02:50.851743
5300	1	1.89	1	0:02:50.713523
5400	1	1.89	1	0:02:50.805329
5500	1	1.89	1	0:02:51.072242
5600	1	1.89	1	0:02:50.833749
5700	1	1.89	1	0:02:50.776227
5800	1	1.89	1	0:02:51.024866
5900	1	1.89	1	0:02:50.865479
6000	1	1.89	1	0:02:50.770232
6100	1	1.89	1	0:02:51.094527
6200	1	1.89	1	0:02:50.952588
6300	1	1.89	1	0:02:51.024701
6400	1	1.89	1	0:02:51.330934
6500	1	1.89	1	0:02:50.789223
6600	1	1.89	1	0:02:50.611964
6700	1	1.89	1	0:02:50.690961
6800	1	1.89	1	0:02:50.699875
6900	1	1.89	1	0:02:50.771482
7000	1	1.89	1	0:02:50.784241
7100	1	1.89	1	0:02:50.948697
7200	1	1.89	1	0:02:50.967885
7300	1	1.89	1	0:02:50.717403
7400	1	1.89	1	0:02:50.867162
7500	1	1.89	1	0:02:50.722673
7600	1	1.89	1	0:02:51.039173
7700	1	1.89	1	0:02:50.945650
7800	1	1.89	1	0:02:50.841252
7900	1	1.89	1	0:02:51.024801
8000	1	1.89	1	0:02:51.066437
8100	1	1.89	1	0:02:50.833142
8200	1	1.89	1	0:02:50.695658
8300	1	1.89	1	0:02:50.944512
8400	1	1.89	1	0:02:50.937039
8500	1	1.89	1	0:02:50.867582
8600	1	1.89	1	0:02:50.940442
8700	1	1.89	1	0:02:50.847587
8800	1	1.89	1	0:02:50.952905
8900	1	1.89	1	0:02:50.733057
9000	1	1.89	1	0:02:50.858236
9100	1	1.89	1	0:02:50.987844
9200	1	1.89	1	0:02:50.894852
9300	1	1.89	1	0:02:50.797435
9400	1	1.89	1	0:02:50.969170
9500	1	1.89	1	0:02:50.771003
9600	1	1.89	1	0:02:51.172547
9700	1	1.89	1	0:02:51.040981
9800	1	1.89	1	0:02:51.090426
9900	1	1.89	1	0:02:50.763064
10000	1	1.89	1	0:02:50.850462
10100	1	1.89	1	0:02:51.307656
10200	1	1.89	1	0:02:50.996665
10300	1	1.89	1	0:02:50.962023
10400	1	1.89	1	0:02:50.919037
10500	1	1.89	1	0:02:50.962804
10600	1	1.89	1	0:02:51.203516
10700	1	1.89	1	0:02:50.929607
10800	1	1.89	1	0:02:50.852150
10900	1	1.89	1	0:02:50.976523
11000	1	1.89	1	0:02:51.022163
11100	1	1.89	1	0:02:51.226093
11200	1	1.89	1	0:02:51.003917
11300	1	1.89	1	0:02:50.916250
11400	1	1.89	1	0:02:51.023823
11500	1	1.89	1	0:02:50.984992
11600	1	1.89	1	0:02:50.938555
11700	1	1.89	1	0:02:50.890484
11800	1	1.89	1	0:02:50.930636
11900	1	1.89	1	0:02:51.226901
12000	1	1.89	1	0:02:50.810397
12100	1	1.89	1	0:02:50.847194
12200	1	1.89	1	0:02:51.142336
12300	1	1.89	1	0:02:51.092025
12400	1	1.89	1	0:02:50.966981
12500	1	1.89	1	0:02:51.105251
12600	1	1.89	1	0:02:51.167570
12700	1	1.89	1	0:02:51.324157
12800	1	1.89	1	0:02:50.881151
12900	1	1.89	1	0:02:50.866969
13000	1	1.89	1	0:02:51.143930
13100	1	1.89	1	0:02:51.043725
13200	1	1.89	1	0:02:50.995548
13300	1	1.89	1	0:02:51.206139
13400	1	1.89	1	0:02:50.858856
13500	1	1.89	1	0:02:51.277318
13600	1	1.89	1	0:02:50.879462
13700	1	1.89	1	0:02:51.076668
13800	1	1.89	1	0:02:51.135374
13900	1	1.89	1	0:02:51.231492
14000	1	1.89	1	0:02:50.961079
14100	1	1.89	1	0:02:51.067864
14200	1	1.89	1	0:02:51.044011
14300	1	1.89	1	0:02:51.728125
14400	1	1.89	1	0:02:51.308446
14500	1	1.89	1	0:02:51.376582
14600	1	1.89	1	0:02:51.201993
14700	1	1.89	1	0:02:50.864416
14800	1	1.89	1	0:02:51.217588
14900	1	1.89	1	0:02:51.077018
15000	1	1.89	1	0:02:50.980102
15100	1	1.89	1	0:02:50.985309
15200	1	1.89	1	0:02:51.789840
15300	1	1.89	1	0:02:51.256334
15400	1	1.89	1	0:02:51.056782
15500	1	1.89	1	0:02:50.922633
15600	1	1.89	1	0:02:51.026896
15700	1	1.89	1	0:02:50.922290
15800	1	1.89	1	0:02:51.312017
15900	1	1.89	1	0:02:51.405381
16000	1	1.89	1	0:02:51.118220
16100	1	1.89	1	0:02:51.432880
16200	1	1.89	1	0:02:51.000160
16300	1	1.89	1	0:02:50.960685
16400	1	1.89	1	0:02:51.212595
16500	1	1.89	1	0:02:50.936210
16600	1	1.89	1	0:02:50.876583
16700	1	1.89	1	0:02:51.004902
16800	1	1.89	1	0:02:51.010394
16900	1	1.89	1	0:02:51.224739
17000	1	1.89	1	0:02:51.314683
17100	1	1.89	1	0:02:51.306138
17200	1	1.89	1	0:02:51.396720
17300	1	1.89	1	0:02:51.034873
17400	1	1.89	1	0:02:51.045903
17500	1	1.89	1	0:02:51.151339
17600	1	1.89	1	0:02:51.183046
17700	1	1.89	1	0:02:51.279302
17800	1	1.89	1	0:02:50.908221
17900	1	1.89	1	0:02:51.125113
18000	1	1.89	1	0:02:53.669618
18100	1	1.89	1	0:02:52.331801
18200	1	1.89	1	0:02:51.166413
18300	1	1.89	1	0:02:51.081485
18400	1	1.89	1	0:02:51.232502
18500	1	1.89	1	0:02:52.377811
18600	1	1.89	1	0:02:52.298852
18700	1	1.89	1	0:02:51.963270
18800	1	1.89	1	0:02:52.612581
18900	1	1.89	1	0:02:52.142560
19000	1	1.89	1	0:02:52.236376
19100	1	1.89	1	0:02:52.137252
19200	1	1.89	1	0:02:52.328152
19300	1	1.89	1	0:02:52.245750
19400	1	1.89	1	0:02:52.369525
19500	1	1.89	1	0:02:52.353419
19600	1	1.89	1	0:02:52.567903
19700	1	1.89	1	0:02:52.667539
19800	1	1.89	1	0:02:52.394617
19900	1	1.89	1	0:02:52.330958
20000	1	1.89	1	0:02:52.565518
20100	1	1.89	1	0:02:52.316246
20200	1	1.89	1	0:02:52.276666
20300	1	1.89	1	0:02:53.491997
20400	1	1.89	1	0:02:54.231288
20500	1	1.89	1	0:02:54.592841
20600	1	1.89	1	0:02:53.949658
20700	1	1.89	1	0:02:54.043035
20800	1	1.89	1	0:02:54.161166
20900	1	1.89	1	0:02:54.235468
21000	1	1.89	1	0:02:54.281171
21100	1	1.67	1	0:02:53.717623
21200	1	1.89	1	0:02:53.934742
21300	1	1.89	1	0:02:54.133530
21400	1	1.89	1	0:02:54.035245
21500	1	1.89	1	0:02:53.734723
21600	1	1.89	1	0:02:54.562526
21700	1	1.89	1	0:02:54.496302
21800	1	1.89	1	0:02:54.244569
21900	1	1.89	1	0:02:54.175864
22000	1	1.89	1	0:02:54.176576
22100	1	1.89	1	0:02:53.967285
22200	1	1.89	1	0:02:54.104743
22300	1	1.89	1	0:02:53.972347
22400	1	1.89	1	0:02:54.017942
22500	1	1.89	1	0:02:54.589541
22600	1	1.89	1	0:02:54.390531
22700	1	1.89	1	0:02:54.566169
22800	1	1.89	1	0:02:53.873950
22900	1	1.89	1	0:02:54.212217
23000	1	1.89	1	0:02:54.537887
23100	1	1.89	1	0:02:54.053961
23200	1	1.89	1	0:02:53.751168
23300	1	1.89	1	0:02:54.370593
23400	1	1.89	1	0:02:54.831725
23500	1	1.89	1	0:02:54.153077
23600	1	1.89	1	0:02:54.111605
23700	1	1.89	1	0:02:54.506225
23800	1	1.89	1	0:02:54.449163
23900	1	1.89	1	0:02:53.836335
24000	1	1.89	1	0:02:54.176846
24100	1	1.89	1	0:02:54.019852
24200	1	1.89	1	0:02:54.770889
24300	1	1.89	1	0:02:54.196938
24400	1	1.89	1	0:02:53.671255
24500	1	1.89	1	0:02:53.801921
24600	1	1.89	1	0:02:53.945205
24700	1	1.89	1	0:02:54.789553
24800	1	1.89	1	0:02:57.560252
24900	1	1.89	1	0:02:57.834377
25000	1	1.89	1	0:02:57.900467
25100	1	1.89	1	0:02:57.824614
25200	1	1.89	1	0:02:57.615274
25300	1	1.89	1	0:02:57.780284
25400	1	1.89	1	0:02:57.712034
25500	1	1.89	1	0:02:57.668480
25600	1	1.89	1	0:02:57.475662
25700	1	1.89	1	0:02:57.722146
25800	1	1.89	1	0:02:57.533252
25900	1	1.89	1	0:02:57.871790
26000	1	1.89	1	0:02:57.892536
26100	1	1.89	1	0:02:58.097986
26200	1	1.89	1	0:02:58.170597
26300	1	1.89	1	0:02:58.574365
26400	1	1.89	1	0:02:56.722836
26500	1	1.89	1	0:02:56.104218
26600	1	1.89	1	0:02:56.082447
26700	1	1.62	1	0:02:56.259311
26800	1	1.89	1	0:02:56.050489
26900	1	1.89	1	0:02:56.505089
27000	1	1.89	1	0:02:56.033569
27100	1	1.89	1	0:02:56.706290
27200	1	1.89	1	0:02:56.373172
27300	1	1.89	1	0:02:56.446862
27400	1	1.89	1	0:02:56.452874
27500	1	1.89	1	0:02:56.127030
27600	1	1.89	1	0:02:56.123203
27700	1	1.89	1	0:02:56.034886
27800	1	1.89	1	0:02:56.109126
27900	1	1.89	1	0:02:55.763530
28000	1	1.89	1	0:02:56.389695
28100	1	1.89	1	0:02:56.101186
28200	1	1.89	1	0:02:56.039121
28300	1	1.89	1	0:02:55.804619
28400	1	1.89	1	0:02:55.806092
28500	1	1.89	1	0:02:55.892322
28600	1	1.89	1	0:02:55.921508
28700	1	1.89	1	0:02:55.542454
28800	1	1.89	1	0:02:55.726122
28900	1	1.89	1	0:02:56.207524
29000	1	1.89	1	0:02:56.315161
29100	1	1.67	1	0:02:56.141161
29200	1	1.89	1	0:02:55.870583
29300	1	1.89	1	0:02:55.888277
29400	1	1.89	1	0:02:55.536648
29500	1	1.89	1	0:02:55.737205
29600	1	1.89	1	0:02:55.913085
29700	1	1.89	1	0:02:55.872574
29800	1	1.89	1	0:02:56.018167
29900	1	1.89	1	0:02:55.477985
30000	1	1.89	1	0:02:55.731220
30100	1	1.89	1	0:02:55.836376
30200	1	1.89	1	0:02:55.800434
30300	1	1.89	1	0:02:55.751048
30400	1	1.89	1	0:02:55.939398
30500	1	1.89	1	0:02:56.156379
30600	1	1.89	1	0:02:56.285655
30700	1	1.89	1	0:02:57.930036
30800	1	1.89	1	0:02:56.827117
30900	1	1.89	1	0:02:56.672728
31000	1	1.89	1	0:02:56.657758
31100	1	1.89	1	0:02:56.548252
31200	1	1.89	1	0:02:56.491787
31300	1	1.89	1	0:02:56.477693
31400	1	1.89	1	0:02:56.128756
31500	1	1.89	1	0:02:56.000969
31600	1	1.89	1	0:02:56.311885
31700	1	1.89	1	0:02:55.869054
31800	1	1.89	1	0:02:56.262241
31900	1	1.89	1	0:02:56.134136
32000	1	1.89	1	0:02:56.111341
32100	1	1.89	1	0:02:56.907851
32200	1	1.89	1	0:02:55.703994
32300	1	1.89	1	0:02:55.303709
32400	1	1.89	1	0:02:55.517016
32500	1	1.89	1	0:02:55.423305
32600	1	1.89	1	0:02:54.886590
32700	1	1.89	1	0:02:55.764882
32800	1	1.89	1	0:02:55.456455
32900	1	1.89	1	0:02:55.603085
33000	1	1.89	1	0:02:55.807713
33100	1	1.89	1	0:02:55.886953
33200	1	1.89	1	0:02:56.522428
33300	1	1.89	1	0:02:58.022018
33400	1	1.89	1	0:02:57.901256
33500	1	1.89	1	0:02:58.390534
33600	1	1.89	1	0:02:58.000723
33700	1	1.89	1	0:02:58.193381
33800	1	1.89	1	0:02:57.895813
33900	1	1.89	1	0:02:58.163483
34000	1	1.89	1	0:02:57.951360
34100	1	1.89	1	0:02:58.287180
34200	1	1.89	1	0:02:58.230090
34300	1	1.89	1	0:02:58.135651
34400	1	1.89	1	0:02:57.942380
34500	1	1.89	1	0:02:58.200671
34600	1	1.89	1	0:02:58.162932
34700	1	1.89	1	0:02:58.095326
34800	1	1.89	1	0:02:58.017972
34900	1	1.89	1	0:02:58.226847
35000	1	1.89	1	0:02:58.091101
35100	1	1.89	1	0:02:58.170007
35200	1	1.89	1	0:02:58.072387
35300	1	1.89	1	0:02:58.328860
35400	1	1.89	1	0:02:58.112694
35500	1	1.89	1	0:02:58.215241
35600	1	1.89	1	0:02:58.043123
35700	1	1.89	1	0:02:58.324147
35800	1	1.89	1	0:02:58.208898
35900	1	1.89	1	0:02:58.122669
36000	1	1.89	1	0:02:57.937778
36100	1	1.89	1	0:02:58.076051
36200	1	1.89	1	0:02:58.106151
36300	1	1.89	1	0:02:58.405819
36400	1	1.89	1	0:02:57.916395
36500	1	1.89	1	0:02:57.802399
36600	1	1.89	1	0:02:57.739158
36700	1	1.89	1	0:02:57.752936
36800	1	1.89	1	0:02:57.625467
36900	1	1.89	1	0:02:57.383032
37000	1	1.82	1	0:02:57.098266
37100	1	1.89	1	0:02:57.346523
37200	1	1.89	1	0:02:57.099313
37300	1	1.89	1	0:02:57.151835
37400	1	1.89	1	0:02:57.393865
37500	1	1.89	1	0:02:57.132623
37600	1	1.67	1	0:02:57.347867
37700	1	1.89	1	0:02:57.326761
37800	1	1.89	1	0:02:57.133775
37900	1	1.89	1	0:02:57.351734
38000	1	1.89	1	0:02:57.254918
38100	1	1.89	1	0:02:56.961492
38200	1	1.89	1	0:02:57.261861
38300	1	1.89	1	0:02:57.188140
38400	1	1.89	1	0:02:56.966460
38500	1	1.89	1	0:02:57.183424
38600	1	1.89	1	0:02:57.247155
38700	1	1.89	1	0:02:57.270512
38800	1	1.89	1	0:02:57.150508
38900	1	1.89	1	0:02:57.262467
39000	1	1.89	1	0:02:57.134667
39100	1	1.89	1	0:02:57.093847
39200	1	1.89	1	0:02:56.970730
39300	1	1.89	1	0:02:57.187659
39400	1	1.89	1	0:02:57.247671
39500	1	1.89	1	0:02:57.086731
39600	1	1.89	1	0:02:57.157632
39700	1	1.89	1	0:02:57.380205
39800	1	1.89	1	0:02:57.504677
39900	1	1.89	1	0:02:57.366582
40000	1	1.89	1	0:02:57.539253
40100	1	1.89	1	0:02:57.437213
40200	1	1.89	1	0:02:57.420567
40300	1	1.89	1	0:02:57.319611
40400	1	1.89	1	0:02:57.471645
40500	1	1.89	1	0:02:57.483986
40600	1	1.89	1	0:02:57.478628
40700	1	1.89	1	0:02:57.899517
40800	1	1.89	1	0:02:57.466504
40900	1	1.89	1	0:02:57.513184
41000	1	1.89	1	0:02:57.047195
41100	1	1.89	1	0:02:57.283787
41200	1	1.89	1	0:02:56.388710
41300	1	1.89	1	0:02:55.065004
41400	1	1.89	1	0:02:54.501493
41500	1	1.89	1	0:02:54.214306
41600	1	1.89	1	0:02:53.966583
41700	1	1.89	1	0:02:54.615858
41800	1	1.89	1	0:02:54.121129
41900	1	1.89	1	0:02:53.927851
42000	1	1.89	1	0:02:54.046015
42100	1	1.89	1	0:02:54.170440
42200	1	1.89	1	0:02:54.260151
42300	1	1.89	1	0:02:54.099944
42400	1	1.89	1	0:02:54.616036
42500	1	1.89	1	0:02:54.465120
42600	1	1.89	1	0:02:54.259464
42700	1	1.89	1	0:02:54.340062
42800	1	1.89	1	0:02:54.266841
42900	1	1.89	1	0:02:54.515331
43000	1	1.89	1	0:02:54.261370
43100	1	1.89	1	0:02:54.373566
43200	1	1.89	1	0:02:53.941619
43300	1	1.89	1	0:02:54.223602
43400	1	1.89	1	0:02:54.290772
43500	1	1.89	1	0:02:54.155108
43600	1	1.89	1	0:02:54.164492
43700	1	1.89	1	0:02:53.825136
43800	1	1.89	1	0:02:54.199671
43900	1	1.89	1	0:02:54.832060
44000	1	1.89	1	0:02:54.248837
44100	1	1.89	1	0:02:54.009914
44200	1	1.89	1	0:02:54.108001
44300	1	1.89	1	0:02:54.394212
44400	1	1.89	1	0:02:53.919836
44500	1	1.89	1	0:02:54.531932
44600	1	1.89	1	0:02:54.225897
44700	1	1.89	1	0:02:54.088921
44800	1	1.89	1	0:02:54.501657
44900	1	1.89	1	0:02:54.394355
45000	1	1.89	1	0:02:54.001406
45100	1	1.89	1	0:02:54.468191
45200	1	1.89	1	0:02:54.206758
45300	1	1.89	1	0:02:54.410712
45400	1	1.89	1	0:02:53.977334
45500	1	1.89	1	0:02:54.191699
45600	1	1.89	1	0:02:54.381555
45700	1	1.89	1	0:02:54.165256
45800	1	1.89	1	0:02:54.036214
45900	1	1.89	1	0:02:53.882087
46000	1	1.89	1	0:02:54.204261
46100	1	1.89	1	0:02:54.001546
46200	1	1.89	1	0:02:53.662393
46300	1	1.89	1	0:02:54.493454
46400	1	1.89	1	0:02:53.868718
46500	1	1.89	1	0:02:53.970093
46600	1	1.89	1	0:02:54.128417
46700	1	1.89	1	0:02:54.061129
46800	1	1.89	1	0:02:54.118515
46900	1	1.89	1	0:02:53.924534
47000	1	1.89	1	0:02:54.092135
47100	1	1.89	1	0:02:54.140758
47200	1	1.89	1	0:02:53.642859
47300	1	1.89	1	0:02:54.284312
47400	1	1.89	1	0:02:54.021775
47500	1	1.89	1	0:02:54.417325
47600	1	1.89	1	0:02:54.576626
47700	1	1.89	1	0:02:54.156241
47800	1	1.89	1	0:02:54.494550
47900	1	1.89	1	0:02:54.071508
48000	1	1.89	1	0:02:54.259773
48100	1	1.89	1	0:02:54.338421
48200	1	1.89	1	0:02:54.526193
48300	1	1.89	1	0:02:54.604085
48400	1	1.89	1	0:02:55.131915
48500	1	1.89	1	0:02:53.415846
48600	1	1.89	1	0:02:53.596492
48700	1	1.89	1	0:02:55.778345
48800	1	1.89	1	0:02:53.657192
48900	1	1.89	1	0:02:53.080227
49000	1	1.89	1	0:02:53.411578
49100	1	1.89	1	0:02:52.894968
49200	1	1.89	1	0:02:52.979996
49300	1	1.89	1	0:02:52.926578
49400	1	1.89	1	0:02:53.354990
49500	1	1.89	1	0:02:52.800454
49600	1	1.89	1	0:02:52.858630
49700	1	1.89	1	0:02:53.149456
49800	1	1.89	1	0:02:54.583363
49900	1	1.89	1	0:02:55.069090
