idx	label	predict	radius	correct	unperturbed predict	unperturbed correct	time
0	0	-1	0.0	0	-1	0	0:02:53.871104
100	2	2	1.49	1	2	1	0:02:50.729526
200	4	-1	0.0	0	983	0	0:02:51.019518
300	6	6	0.374	1	6	1	0:02:50.862114
400	8	8	1.89	1	8	1	0:02:51.035558
500	10	10	1.7	1	10	1	0:02:50.806324
600	12	-1	0.0	0	12	1	0:02:50.960019
700	14	14	1.89	1	14	1	0:02:50.821536
800	16	16	1.72	1	16	1	0:02:50.952464
900	18	99	0.64	0	99	0	0:02:50.849593
1000	20	20	1.79	1	20	1	0:02:51.166045
1100	22	21	0.679	0	21	0	0:02:50.740284
1200	24	24	1.89	1	24	1	0:02:50.735334
1300	26	26	0.293	1	26	1	0:02:50.679147
1400	28	-1	0.0	0	28	1	0:02:50.900304
1500	30	30	1.89	1	30	1	0:02:50.991582
1600	32	103	0.591	0	103	0	0:02:51.107907
1700	34	39	0.0639	0	39	0	0:02:50.851358
1800	36	35	1.76	0	35	0	0:02:50.758591
1900	38	44	1.84	0	44	0	0:02:50.760602
2000	40	-1	0.0	0	-1	0	0:02:50.663714
2100	42	48	1.89	0	48	0	0:02:50.719836
2200	44	44	1.47	1	44	1	0:02:50.838122
2300	46	46	0.0421	1	46	1	0:02:50.797235
2400	48	50	0.057	0	50	0	0:02:50.702796
2500	50	39	0.462	0	39	0	0:02:50.951838
2600	52	111	0.238	0	111	0	0:02:50.982167
2700	54	57	1.89	0	57	0	0:02:50.747806
2800	56	56	1.89	1	56	1	0:02:50.876239
2900	58	114	1.49	0	114	0	0:02:50.899401
3000	60	62	0.102	0	62	0	0:02:50.762826
3100	62	61	1.71	0	61	0	0:02:50.914265
3200	64	64	1.47	1	64	1	0:02:50.717265
3300	66	63	0.231	0	63	0	0:02:50.744483
3400	68	111	1.03	0	111	0	0:02:50.806816
3500	70	70	1.89	1	70	1	0:02:50.738074
3600	72	72	1.89	1	72	1	0:02:50.831506
3700	74	78	1.06	0	78	0	0:02:50.730297
3800	76	76	0.0937	1	76	1	0:02:50.918337
3900	78	78	0.54	1	78	1	0:02:50.763396
4000	80	80	1.89	1	80	1	0:02:50.628397
4100	82	82	1.89	1	82	1	0:02:50.956890
4200	84	84	0.769	1	84	1	0:02:50.842866
4300	86	82	0.0671	0	82	0	0:02:50.869846
4400	88	88	0.0345	1	88	1	0:02:50.853355
4500	90	90	1.82	1	90	1	0:02:50.873094
4600	92	92	0.401	1	92	1	0:02:50.790076
4700	94	94	1.89	1	94	1	0:02:51.237726
4800	96	96	1.89	1	96	1	0:02:50.920596
4900	98	98	0.466	1	98	1	0:02:50.970930
5000	100	100	1.89	1	100	1	0:02:50.966049
5100	102	102	1.89	1	102	1	0:02:50.817374
5200	104	104	0.119	1	104	1	0:02:50.851743
5300	106	106	1.89	1	106	1	0:02:50.713523
5400	108	470	1.44	0	470	0	0:02:50.805329
5500	110	110	1.15	1	110	1	0:02:51.072242
5600	112	112	0.926	1	112	1	0:02:50.833749
5700	114	113	1.68	0	113	0	0:02:50.776227
5800	116	116	1.89	1	116	1	0:02:51.024866
5900	118	118	0.622	1	118	1	0:02:50.865479
6000	120	-1	0.0	0	124	0	0:02:50.770232
6100	122	122	1.05	1	122	1	0:02:51.094527
6200	124	123	0.489	0	123	0	0:02:50.952588
6300	126	-1	0.0	0	126	1	0:02:51.024701
6400	128	128	1.89	1	128	1	0:02:51.330934
6500	130	130	1.5	1	130	1	0:02:50.789223
6600	132	132	1.89	1	132	1	0:02:50.611964
6700	134	132	1.56	0	132	0	0:02:50.690961
6800	136	136	1.84	1	136	1	0:02:50.699875
6900	138	138	1.89	1	138	1	0:02:50.771482
7000	140	140	1.89	1	140	1	0:02:50.784241
7100	142	135	0.211	0	135	0	0:02:50.948697
7200	144	331	1.24	0	331	0	0:02:50.967885
7300	146	-1	0.0	0	138	0	0:02:50.717403
7400	148	148	1.89	1	148	1	0:02:50.867162
7500	150	360	1.29	0	360	0	0:02:50.722673
7600	152	152	1.59	1	152	1	0:02:51.039173
7700	154	262	0.0247	0	262	0	0:02:50.945650
7800	156	156	1.89	1	156	1	0:02:50.841252
7900	158	158	0.94	1	158	1	0:02:51.024801
8000	160	160	1.72	1	160	1	0:02:51.066437
8100	162	162	1.82	1	162	1	0:02:50.833142
8200	164	-1	0.0	0	164	1	0:02:50.695658
8300	166	166	0.313	1	166	1	0:02:50.944512
8400	168	-1	0.0	0	739	0	0:02:50.937039
8500	170	172	0.218	0	172	0	0:02:50.867582
8600	172	172	1.82	1	172	1	0:02:50.940442
8700	174	174	0.556	1	174	1	0:02:50.847587
8800	176	176	1.62	1	176	1	0:02:50.952905
8900	178	178	1.89	1	178	1	0:02:50.733057
9000	180	243	0.541	0	243	0	0:02:50.858236
9100	182	760	1.23	0	760	0	0:02:50.987844
9200	184	-1	0.0	0	229	0	0:02:50.894852
9300	186	192	0.391	0	192	0	0:02:50.797435
9400	188	188	0.228	1	188	1	0:02:50.969170
9500	190	190	1.89	1	190	1	0:02:50.771003
9600	192	199	1.35	0	199	0	0:02:51.172547
9700	194	49	0.121	0	49	0	0:02:51.040981
9800	196	199	1.86	0	199	0	0:02:51.090426
9900	198	-1	0.0	0	196	0	0:02:50.763064
10000	200	244	0.241	0	244	0	0:02:50.850462
10100	202	202	0.219	1	202	1	0:02:51.307656
10200	204	204	0.851	1	204	1	0:02:50.996665
10300	206	206	0.656	1	206	1	0:02:50.962023
10400	208	208	0.281	1	208	1	0:02:50.919037
10500	210	210	0.783	1	210	1	0:02:50.962804
10600	212	-1	0.0	0	-1	0	0:02:51.203516
10700	214	-1	0.0	0	-1	0	0:02:50.929607
10800	216	216	1.26	1	216	1	0:02:50.852150
10900	218	218	1.86	1	218	1	0:02:50.976523
11000	220	220	1.6	1	220	1	0:02:51.022163
11100	222	296	0.056	0	296	0	0:02:51.226093
11200	224	-1	0.0	0	983	0	0:02:51.003917
11300	226	226	1.55	1	226	1	0:02:50.916250
11400	228	982	0.103	0	982	0	0:02:51.023823
11500	230	230	1.76	1	230	1	0:02:50.984992
11600	232	232	1.29	1	232	1	0:02:50.938555
11700	234	205	0.298	0	205	0	0:02:50.890484
11800	236	-1	0.0	0	164	0	0:02:50.930636
11900	238	241	1.1	0	241	0	0:02:51.226901
12000	240	238	1.89	0	238	0	0:02:50.810397
12100	242	172	0.522	0	172	0	0:02:50.847194
12200	244	244	1.89	1	244	1	0:02:51.142336
12300	246	251	0.295	0	251	0	0:02:51.092025
12400	248	248	1.79	1	248	1	0:02:50.966981
12500	250	269	0.0406	0	269	0	0:02:51.105251
12600	252	252	0.312	1	252	1	0:02:51.167570
12700	254	254	0.205	1	254	1	0:02:51.324157
12800	256	256	1.89	1	256	1	0:02:50.881151
12900	258	-1	0.0	0	279	0	0:02:50.866969
13000	260	260	0.184	1	260	1	0:02:51.143930
13100	262	262	1.89	1	262	1	0:02:51.043725
13200	264	264	0.334	1	264	1	0:02:50.995548
13300	266	266	0.526	1	266	1	0:02:51.206139
13400	268	268	1.89	1	268	1	0:02:50.858856
13500	270	270	1.63	1	270	1	0:02:51.277318
13600	272	-1	0.0	0	-1	0	0:02:50.879462
13700	274	274	1.89	1	274	1	0:02:51.076668
13800	276	276	1.89	1	276	1	0:02:51.135374
13900	278	278	0.884	1	278	1	0:02:51.231492
14000	280	280	1.89	1	280	1	0:02:50.961079
14100	282	282	1.78	1	282	1	0:02:51.067864
14200	284	284	1.89	1	284	1	0:02:51.044011
14300	286	286	1.89	1	286	1	0:02:51.728125
14400	288	288	1.14	1	288	1	0:02:51.308446
14500	290	290	1.75	1	290	1	0:02:51.376582
14600	292	290	1.42	0	290	0	0:02:51.201993
14700	294	294	1.89	1	294	1	0:02:50.864416
14800	296	296	0.485	1	296	1	0:02:51.217588
14900	298	346	0.292	0	346	0	0:02:51.077018
15000	300	300	1.89	1	300	1	0:02:50.980102
15100	302	302	1.27	1	302	1	0:02:50.985309
15200	304	301	0.503	0	301	0	0:02:51.789840
15300	306	306	0.152	1	306	1	0:02:51.256334
15400	308	303	0.42	0	303	0	0:02:51.056782
15500	310	310	1.89	1	310	1	0:02:50.922633
15600	312	983	0.818	0	983	0	0:02:51.026896
15700	314	314	0.236	1	314	1	0:02:50.922290
15800	316	316	1.89	1	316	1	0:02:51.312017
15900	318	318	0.394	1	318	1	0:02:51.405381
16000	320	320	1.89	1	320	1	0:02:51.118220
16100	322	322	1.09	1	322	1	0:02:51.432880
16200	324	324	1.86	1	324	1	0:02:51.000160
16300	326	326	1.77	1	326	1	0:02:50.960685
16400	328	328	1.89	1	328	1	0:02:51.212595
16500	330	-1	0.0	0	331	0	0:02:50.936210
16600	332	153	0.0436	0	153	0	0:02:50.876583
16700	334	334	1.61	1	334	1	0:02:51.004902
16800	336	336	0.52	1	336	1	0:02:51.010394
16900	338	617	1.34	0	617	0	0:02:51.224739
17000	340	340	1.89	1	340	1	0:02:51.314683
17100	342	342	1.28	1	342	1	0:02:51.306138
17200	344	344	0.94	1	344	1	0:02:51.396720
17300	346	346	0.138	1	346	1	0:02:51.034873
17400	348	348	1.89	1	348	1	0:02:51.045903
17500	350	350	1.89	1	350	1	0:02:51.151339
17600	352	352	1.45	1	352	1	0:02:51.183046
17700	354	354	1.86	1	354	1	0:02:51.279302
17800	356	-1	0.0	0	0	0	0:02:50.908221
17900	358	359	1.63	0	359	0	0:02:51.125113
18000	360	360	1.46	1	360	1	0:02:53.669618
18100	362	362	1.89	1	362	1	0:02:52.331801
18200	364	364	1.8	1	364	1	0:02:51.166413
18300	366	366	0.796	1	366	1	0:02:51.081485
18400	368	368	0.97	1	368	1	0:02:51.232502
18500	370	370	1.04	1	370	1	0:02:52.377811
18600	372	372	0.915	1	372	1	0:02:52.298852
18700	374	367	0.138	0	367	0	0:02:51.963270
18800	376	376	1.89	1	376	1	0:02:52.612581
18900	378	244	0.568	0	244	0	0:02:52.142560
19000	380	380	1.12	1	380	1	0:02:52.236376
19100	382	382	1.89	1	382	1	0:02:52.137252
19200	384	338	0.00631	0	338	0	0:02:52.328152
19300	386	101	0.113	0	101	0	0:02:52.245750
19400	388	388	1.89	1	388	1	0:02:52.369525
19500	390	390	1.44	1	390	1	0:02:52.353419
19600	392	397	1.38	0	397	0	0:02:52.567903
19700	394	687	1.06	0	687	0	0:02:52.667539
19800	396	396	1.89	1	396	1	0:02:52.394617
19900	398	398	1.89	1	398	1	0:02:52.330958
20000	400	400	0.749	1	400	1	0:02:52.565518
20100	402	990	0.8	0	990	0	0:02:52.316246
20200	404	404	1.89	1	404	1	0:02:52.276666
20300	406	562	0.171	0	562	0	0:02:53.491997
20400	408	847	0.26	0	847	0	0:02:54.231288
20500	410	-1	0.0	0	849	0	0:02:54.592841
20600	412	412	1.4	1	412	1	0:02:53.949658
20700	414	414	1.77	1	414	1	0:02:54.043035
20800	416	416	1.89	1	416	1	0:02:54.161166
20900	418	767	0.388	0	767	0	0:02:54.235468
21000	420	785	0.207	0	785	0	0:02:54.281171
21100	422	543	0.282	0	543	0	0:02:53.717623
21200	424	424	0.96	1	424	1	0:02:53.934742
21300	426	426	1.89	1	426	1	0:02:54.133530
21400	428	428	1.89	1	428	1	0:02:54.035245
21500	430	430	1.05	1	430	1	0:02:53.734723
21600	432	432	1.15	1	432	1	0:02:54.562526
21700	434	-1	0.0	0	452	0	0:02:54.496302
21800	436	436	1.86	1	436	1	0:02:54.244569
21900	438	463	0.169	0	463	0	0:02:54.175864
22000	440	406	0.317	0	406	0	0:02:54.176576
22100	442	442	1.89	1	442	1	0:02:53.967285
22200	444	879	0.0901	0	879	0	0:02:54.104743
22300	446	446	1.25	1	446	1	0:02:53.972347
22400	448	-1	0.0	0	694	0	0:02:54.017942
22500	450	-1	0.0	0	757	0	0:02:54.589541
22600	452	452	1.17	1	452	1	0:02:54.390531
22700	454	454	0.729	1	454	1	0:02:54.566169
22800	456	522	0.256	0	522	0	0:02:53.873950
22900	458	458	0.238	1	458	1	0:02:54.212217
23000	460	976	0.723	0	976	0	0:02:54.537887
23100	462	-1	0.0	0	462	1	0:02:54.053961
23200	464	439	0.187	0	439	0	0:02:53.751168
23300	466	466	1.89	1	466	1	0:02:54.370593
23400	468	468	1.89	1	468	1	0:02:54.831725
23500	470	-1	0.0	0	-1	0	0:02:54.153077
23600	472	472	1.89	1	472	1	0:02:54.111605
23700	474	-1	0.0	0	735	0	0:02:54.506225
23800	476	476	1.38	1	476	1	0:02:54.449163
23900	478	526	0.341	0	526	0	0:02:53.836335
24000	480	788	0.459	0	788	0	0:02:54.176846
24100	482	-1	0.0	0	767	0	0:02:54.019852
24200	484	871	1.89	0	871	0	0:02:54.770889
24300	486	486	1.22	1	486	1	0:02:54.196938
24400	488	562	0.0971	0	562	0	0:02:53.671255
24500	490	443	0.363	0	443	0	0:02:53.801921
24600	492	492	0.0391	1	492	1	0:02:53.945205
24700	494	878	0.818	0	878	0	0:02:54.789553
24800	496	591	0.166	0	591	0	0:02:57.560252
24900	498	498	1.89	1	498	1	0:02:57.834377
25000	500	500	1.89	1	500	1	0:02:57.900467
25100	502	502	1.41	1	502	1	0:02:57.824614
25200	504	504	0.269	1	504	1	0:02:57.615274
25300	506	506	1.86	1	506	1	0:02:57.780284
25400	508	508	1.37	1	508	1	0:02:57.712034
25500	510	510	1.89	1	510	1	0:02:57.668480
25600	512	740	0.227	0	740	0	0:02:57.475662
25700	514	514	1.89	1	514	1	0:02:57.722146
25800	516	431	0.0952	0	431	0	0:02:57.533252
25900	518	518	1.89	1	518	1	0:02:57.871790
26000	520	520	1.89	1	520	1	0:02:57.892536
26100	522	522	1.84	1	522	1	0:02:58.097986
26200	524	-1	0.0	0	846	0	0:02:58.170597
26300	526	527	0.225	0	527	0	0:02:58.574365
26400	528	478	0.371	0	478	0	0:02:56.722836
26500	530	530	0.732	1	530	1	0:02:56.104218
26600	532	846	1.89	0	846	0	0:02:56.082447
26700	534	983	0.231	0	983	0	0:02:56.259311
26800	536	403	1.89	0	403	0	0:02:56.050489
26900	538	538	1.89	1	538	1	0:02:56.505089
27000	540	540	1.89	1	540	1	0:02:56.033569
27100	542	477	1.1	0	477	0	0:02:56.706290
27200	544	926	1.11	0	926	0	0:02:56.373172
27300	546	546	1.89	1	546	1	0:02:56.446862
27400	548	548	1.76	1	548	1	0:02:56.452874
27500	550	505	1.86	0	505	0	0:02:56.127030
27600	552	552	1.89	1	552	1	0:02:56.123203
27700	554	554	1.86	1	554	1	0:02:56.034886
27800	556	703	0.66	0	703	0	0:02:56.109126
27900	558	257	0.843	0	257	0	0:02:55.763530
28000	560	560	1.89	1	560	1	0:02:56.389695
28100	562	562	1.86	1	562	1	0:02:56.101186
28200	564	-1	0.0	0	669	0	0:02:56.039121
28300	566	566	0.528	1	566	1	0:02:55.804619
28400	568	568	0.973	1	568	1	0:02:55.806092
28500	570	-1	0.0	0	754	0	0:02:55.892322
28600	572	572	0.285	1	572	1	0:02:55.921508
28700	574	574	1.89	1	574	1	0:02:55.542454
28800	576	-1	0.0	0	880	0	0:02:55.726122
28900	578	-1	0.0	0	578	1	0:02:56.207524
29000	580	738	1.19	0	738	0	0:02:56.315161
29100	582	582	0.0675	1	582	1	0:02:56.141161
29200	584	745	0.684	0	745	0	0:02:55.870583
29300	586	586	1.74	1	586	1	0:02:55.888277
29400	588	588	1.84	1	588	1	0:02:55.536648
29500	590	590	0.0459	1	590	1	0:02:55.737205
29600	592	592	1.44	1	592	1	0:02:55.913085
29700	594	-1	0.0	0	594	1	0:02:55.872574
29800	596	825	0.739	0	825	0	0:02:56.018167
29900	598	664	1.39	0	664	0	0:02:55.477985
30000	600	417	0.23	0	417	0	0:02:55.731220
30100	602	602	1.89	1	602	1	0:02:55.836376
30200	604	799	0.644	0	799	0	0:02:55.800434
30300	606	606	1.89	1	606	1	0:02:55.751048
30400	608	-1	0.0	0	523	0	0:02:55.939398
30500	610	610	1.89	1	610	1	0:02:56.156379
30600	612	612	1.89	1	612	1	0:02:56.285655
30700	614	614	1.35	1	614	1	0:02:57.930036
30800	616	571	0.0847	0	571	0	0:02:56.827117
30900	618	823	0.966	0	823	0	0:02:56.672728
31000	620	617	0.89	0	617	0	0:02:56.657758
31100	622	622	1.89	1	622	1	0:02:56.548252
31200	624	453	0.291	0	453	0	0:02:56.491787
31300	626	692	0.5	0	692	0	0:02:56.477693
31400	628	-1	0.0	0	-1	0	0:02:56.128756
31500	630	703	1.45	0	703	0	0:02:56.000969
31600	632	632	1.89	1	632	1	0:02:56.311885
31700	634	489	1.72	0	489	0	0:02:55.869054
31800	636	636	1.89	1	636	1	0:02:56.262241
31900	638	638	1.82	1	638	1	0:02:56.134136
32000	640	640	1.89	1	640	1	0:02:56.111341
32100	642	642	1.89	1	642	1	0:02:56.907851
32200	644	644	1.89	1	644	1	0:02:55.703994
32300	646	646	0.211	1	646	1	0:02:55.303709
32400	648	553	0.954	0	553	0	0:02:55.517016
32500	650	819	0.076	0	819	0	0:02:55.423305
32600	652	715	1.39	0	715	0	0:02:54.886590
32700	654	436	1.33	0	436	0	0:02:55.764882
32800	656	656	0.127	1	656	1	0:02:55.456455
32900	658	658	1.89	1	658	1	0:02:55.603085
33000	660	660	1.05	1	660	1	0:02:55.807713
33100	662	742	0.206	0	742	0	0:02:55.886953
33200	664	598	0.766	0	598	0	0:02:56.522428
33300	666	659	0.841	0	659	0	0:02:58.022018
33400	668	123	0.447	0	123	0	0:02:57.901256
33500	670	670	1.89	1	670	1	0:02:58.390534
33600	672	979	0.922	0	979	0	0:02:58.000723
33700	674	739	0.698	0	739	0	0:02:58.193381
33800	676	-1	0.0	0	120	0	0:02:57.895813
33900	678	678	1.86	1	678	1	0:02:58.163483
34000	680	983	1.37	0	983	0	0:02:57.951360
34100	682	682	0.307	1	682	1	0:02:58.287180
34200	684	684	1.75	1	684	1	0:02:58.230090
34300	686	-1	0.0	0	512	0	0:02:58.135651
34400	688	688	1.89	1	688	1	0:02:57.942380
34500	690	690	1.86	1	690	1	0:02:58.200671
34600	692	781	0.167	0	781	0	0:02:58.162932
34700	694	694	1.89	1	694	1	0:02:58.095326
34800	696	983	1.26	0	983	0	0:02:58.017972
34900	698	663	1.76	0	663	0	0:02:58.226847
35000	700	-1	0.0	0	700	1	0:02:58.091101
35100	702	602	0.969	0	602	0	0:02:58.170007
35200	704	877	0.1	0	877	0	0:02:58.072387
35300	706	536	0.515	0	536	0	0:02:58.328860
35400	708	682	0.835	0	682	0	0:02:58.112694
35500	710	804	0.13	0	804	0	0:02:58.215241
35600	712	592	0.302	0	592	0	0:02:58.043123
35700	714	714	1.69	1	714	1	0:02:58.324147
35800	716	716	1.66	1	716	1	0:02:58.208898
35900	718	497	0.134	0	497	0	0:02:58.122669
36000	720	951	0.361	0	951	0	0:02:57.937778
36100	722	722	1.89	1	722	1	0:02:58.076051
36200	724	780	1.89	0	780	0	0:02:58.106151
36300	726	726	1.89	1	726	1	0:02:58.405819
36400	728	728	1.84	1	728	1	0:02:57.916395
36500	730	-1	0.0	0	595	0	0:02:57.802399
36600	732	732	1.86	1	732	1	0:02:57.739158
36700	734	734	1.89	1	734	1	0:02:57.752936
36800	736	736	1.89	1	736	1	0:02:57.625467
36900	738	738	0.339	1	738	1	0:02:57.383032
37000	740	796	0.432	0	796	0	0:02:57.098266
37100	742	983	0.0237	0	983	0	0:02:57.346523
37200	744	657	0.516	0	657	0	0:02:57.099313
37300	746	746	1.89	1	746	1	0:02:57.151835
37400	748	893	0.977	0	893	0	0:02:57.393865
37500	750	208	0.56	0	208	0	0:02:57.132623
37600	752	-1	0.0	0	830	0	0:02:57.347867
37700	754	754	0.978	1	754	1	0:02:57.326761
37800	756	756	1.89	1	756	1	0:02:57.133775
37900	758	-1	0.0	0	758	1	0:02:57.351734
38000	760	799	1.26	0	799	0	0:02:57.254918
38100	762	762	1.86	1	762	1	0:02:56.961492
38200	764	650	0.0982	0	650	0	0:02:57.261861
38300	766	766	1.89	1	766	1	0:02:57.188140
38400	768	-1	0.0	0	752	0	0:02:56.966460
38500	770	770	1.79	1	770	1	0:02:57.183424
38600	772	772	0.567	1	772	1	0:02:57.247155
38700	774	774	1.53	1	774	1	0:02:57.270512
38800	776	875	0.457	0	875	0	0:02:57.150508
38900	778	747	0.146	0	747	0	0:02:57.262467
39000	780	780	1.21	1	780	1	0:02:57.134667
39100	782	598	0.146	0	598	0	0:02:57.093847
39200	784	828	0.304	0	828	0	0:02:56.970730
39300	786	870	0.17	0	870	0	0:02:57.187659
39400	788	702	0.406	0	702	0	0:02:57.247671
39500	790	791	1.86	0	791	0	0:02:57.086731
39600	792	792	1.45	1	792	1	0:02:57.157632
39700	794	794	1.89	1	794	1	0:02:57.380205
39800	796	796	1.89	1	796	1	0:02:57.504677
39900	798	798	1.89	1	798	1	0:02:57.366582
40000	800	800	1.89	1	800	1	0:02:57.539253
40100	802	802	0.747	1	802	1	0:02:57.437213
40200	804	844	1.52	0	844	0	0:02:57.420567
40300	806	806	1.89	1	806	1	0:02:57.319611
40400	808	808	1.07	1	808	1	0:02:57.471645
40500	810	878	0.0757	0	878	0	0:02:57.483986
40600	812	812	1.89	1	812	1	0:02:57.478628
40700	814	554	0.234	0	554	0	0:02:57.899517
40800	816	816	1.89	1	816	1	0:02:57.466504
40900	818	758	0.665	0	758	0	0:02:57.513184
41000	820	820	0.633	1	820	1	0:02:57.047195
41100	822	822	1.89	1	822	1	0:02:57.283787
41200	824	824	0.117	1	824	1	0:02:56.388710
41300	826	826	1.84	1	826	1	0:02:55.065004
41400	828	818	0.336	0	818	0	0:02:54.501493
41500	830	830	0.542	1	830	1	0:02:54.214306
41600	832	832	1.07	1	832	1	0:02:53.966583
41700	834	417	1.89	0	417	0	0:02:54.615858
41800	836	-1	0.0	0	444	0	0:02:54.121129
41900	838	631	0.489	0	631	0	0:02:53.927851
42000	840	840	1.65	1	840	1	0:02:54.046015
42100	842	842	1.49	1	842	1	0:02:54.170440
42200	844	844	1.89	1	844	1	0:02:54.260151
42300	846	583	0.0356	0	583	0	0:02:54.099944
42400	848	598	0.439	0	598	0	0:02:54.616036
42500	850	850	0.664	1	850	1	0:02:54.465120
42600	852	852	1.89	1	852	1	0:02:54.259464
42700	854	854	1.3	1	854	1	0:02:54.340062
42800	856	856	0.905	1	856	1	0:02:54.266841
42900	858	858	1.23	1	858	1	0:02:54.515331
43000	860	892	0.158	0	892	0	0:02:54.261370
43100	862	862	1.89	1	862	1	0:02:54.373566
43200	864	595	0.0488	0	595	0	0:02:53.941619
43300	866	866	0.542	1	866	1	0:02:54.223602
43400	868	967	1.43	0	967	0	0:02:54.290772
43500	870	870	0.554	1	870	1	0:02:54.155108
43600	872	840	1.86	0	840	0	0:02:54.164492
43700	874	874	1.89	1	874	1	0:02:53.825136
43800	876	983	0.386	0	983	0	0:02:54.199671
43900	878	878	1.86	1	878	1	0:02:54.832060
44000	880	575	0.549	0	575	0	0:02:54.248837
44100	882	760	0.307	0	760	0	0:02:54.009914
44200	884	884	1.82	1	884	1	0:02:54.108001
44300	886	886	1.89	1	886	1	0:02:54.394212
44400	888	718	1.77	0	718	0	0:02:53.919836
44500	890	645	0.635	0	645	0	0:02:54.531932
44600	892	858	0.299	0	858	0	0:02:54.225897
44700	894	894	1.79	1	894	1	0:02:54.088921
44800	896	983	0.443	0	983	0	0:02:54.501657
44900	898	458	0.368	0	458	0	0:02:54.394355
45000	900	900	1.89	1	900	1	0:02:54.001406
45100	902	902	1.89	1	902	1	0:02:54.468191
45200	904	905	1.89	0	905	0	0:02:54.206758
45300	906	906	0.984	1	906	1	0:02:54.410712
45400	908	895	1.89	0	895	0	0:02:53.977334
45500	910	641	1.89	0	641	0	0:02:54.191699
45600	912	730	1.13	0	730	0	0:02:54.381555
45700	914	914	1.86	1	914	1	0:02:54.165256
45800	916	916	1.89	1	916	1	0:02:54.036214
45900	918	918	1.86	1	918	1	0:02:53.882087
46000	920	983	0.992	0	983	0	0:02:54.204261
46100	922	922	1.89	1	922	1	0:02:54.001546
46200	924	924	1.89	1	924	1	0:02:53.662393
46300	926	926	1.89	1	926	1	0:02:54.493454
46400	928	-1	0.0	0	927	0	0:02:53.868718
46500	930	964	1.3	0	964	0	0:02:53.970093
46600	932	932	1.89	1	932	1	0:02:54.128417
46700	934	937	0.114	0	937	0	0:02:54.061129
46800	936	936	1.55	1	936	1	0:02:54.118515
46900	938	937	1.89	0	937	0	0:02:53.924534
47000	940	940	1.59	1	940	1	0:02:54.092135
47100	942	942	1.89	1	942	1	0:02:54.140758
47200	944	946	1.89	0	946	0	0:02:53.642859
47300	946	946	1.86	1	946	1	0:02:54.284312
47400	948	948	1.89	1	948	1	0:02:54.021775
47500	950	950	1.27	1	950	1	0:02:54.417325
47600	952	90	1.89	0	90	0	0:02:54.576626
47700	954	955	0.156	0	955	0	0:02:54.156241
47800	956	956	1.89	1	956	1	0:02:54.494550
47900	958	483	1.73	0	483	0	0:02:54.071508
48000	960	960	0.034	1	960	1	0:02:54.259773
48100	962	962	1.46	1	962	1	0:02:54.338421
48200	964	930	0.188	0	930	0	0:02:54.526193
48300	966	-1	0.0	0	630	0	0:02:54.604085
48400	968	968	1.89	1	968	1	0:02:55.131915
48500	970	795	1.89	0	795	0	0:02:53.415846
48600	972	979	1.86	0	979	0	0:02:53.596492
48700	974	974	1.89	1	974	1	0:02:55.778345
48800	976	972	0.163	0	972	0	0:02:53.657192
48900	978	693	0.748	0	693	0	0:02:53.080227
49000	980	980	1.89	1	980	1	0:02:53.411578
49100	982	982	1.61	1	982	1	0:02:52.894968
49200	984	984	1.89	1	984	1	0:02:52.979996
49300	986	986	1.89	1	986	1	0:02:52.926578
49400	988	113	0.147	0	113	0	0:02:53.354990
49500	990	990	0.58	1	990	1	0:02:52.800454
49600	992	992	1.89	1	992	1	0:02:52.858630
49700	994	994	1.86	1	994	1	0:02:53.149456
49800	996	996	1.07	1	996	1	0:02:54.583363
49900	998	987	1.89	0	987	0	0:02:55.069090
