idx	mean	std	min	25 percentile	50 percentile	75 percentile	max
0	0.2812	0.05163	0.09408	0.2474	0.2843	0.3165	0.4041
100	0.1003	0.02621	0.04198	0.08088	0.09926	0.1179	0.1915
200	0.3385	0.08967	0.02465	0.2975	0.3614	0.3996	0.5077
300	0.09969	0.01392	0.04019	0.09274	0.1003	0.1046	0.1602
400	0.01679	0.008032	0.004098	0.01136	0.01494	0.02037	0.0627
500	0.02434	0.0153	0.003436	0.01269	0.0205	0.0323	0.1009
600	0.4591	0.05037	0.2665	0.4271	0.4644	0.4945	0.5883
700	0.00117	0.001718	8.602e-05	0.000448	0.0007661	0.001311	0.03016
800	0.06895	0.05992	0.002662	0.0252	0.05242	0.09161	0.468
900	0.273	0.06701	0.09347	0.2283	0.2712	0.318	0.4678
1000	0.03588	0.04178	0.0009355	0.009177	0.02152	0.04545	0.3297
1100	0.09951	0.01662	0.03728	0.08974	0.1037	0.1112	0.1518
1200	1.708e-05	2.237e-05	4.622e-07	4.479e-06	9.595e-06	1.942e-05	0.0002157
1300	0.2014	0.04736	0.07003	0.1689	0.1989	0.2304	0.3965
1400	0.4659	0.07681	0.1241	0.43	0.4893	0.517	0.5785
1500	0.02686	0.01433	0.003429	0.01673	0.02334	0.03426	0.09184
1600	0.2112	0.07839	0.0353	0.161	0.2051	0.2569	0.5156
1700	0.4141	0.08045	0.1069	0.3699	0.4274	0.4734	0.5834
1800	0.08107	0.01555	0.04139	0.06976	0.08042	0.09167	0.1286
1900	0.02964	0.01862	0.005952	0.01714	0.02436	0.036	0.1161
2000	0.3439	0.04451	0.1787	0.319	0.3473	0.3742	0.4684
2100	0.04656	0.03009	0.005514	0.02701	0.03905	0.05804	0.2553
2200	0.08777	0.02827	0.02906	0.06716	0.08543	0.1057	0.1806
2300	0.1049	0.005002	0.09214	0.1019	0.1034	0.1065	0.1451
2400	0.2817	0.06337	0.07655	0.2331	0.2974	0.3316	0.4132
2500	0.1904	0.05769	0.04279	0.1515	0.1847	0.2251	0.4306
2600	0.1553	0.02676	0.05647	0.141	0.1573	0.1737	0.2187
2700	0.1591	0.0249	0.08803	0.1405	0.1577	0.1773	0.2451
2800	0.003669	0.002259	0.0004323	0.002066	0.003143	0.004715	0.01563
2900	0.1009	0.06748	0.01087	0.04935	0.08315	0.137	0.4269
3000	0.1569	0.02334	0.0919	0.1408	0.1562	0.1737	0.215
3100	0.07381	0.02371	0.02468	0.05748	0.07093	0.08529	0.193
3200	0.1026	0.02487	0.03431	0.08413	0.1009	0.1176	0.175
3300	0.3846	0.08417	0.1116	0.3286	0.3877	0.4448	0.6221
3400	0.2153	0.0672	0.03136	0.1656	0.2161	0.2709	0.3416
3500	0.003664	0.002821	0.000656	0.001974	0.002888	0.004335	0.029
3600	0.06395	0.01644	0.02713	0.05182	0.06126	0.07368	0.1165
3700	0.1368	0.0543	0.03026	0.0944	0.1306	0.1746	0.3203
3800	0.2719	0.06623	0.06132	0.2355	0.2845	0.3166	0.4216
3900	0.1247	0.0368	0.02479	0.1007	0.1242	0.1526	0.2208
4000	0.0009088	0.0007855	5.823e-05	0.0003724	0.0006851	0.001157	0.006613
4100	0.0283	0.009614	0.011	0.02151	0.02667	0.03298	0.06733
4200	0.242	0.119	0.02835	0.147	0.2308	0.3159	0.5575
4300	0.1009	0.002776	0.08704	0.09994	0.1012	0.1025	0.1109
4400	0.08217	0.02944	0.01131	0.06158	0.08854	0.1068	0.1379
4500	0.002002	0.002206	0.0001279	0.0007817	0.00138	0.002371	0.02381
4600	0.1896	0.05396	0.04588	0.1538	0.1869	0.2245	0.4754
4700	0.0006034	0.0005221	3.65e-05	0.0002632	0.0004422	0.0007582	0.004721
4800	4.245e-06	3.01e-06	2.826e-07	2.323e-06	3.404e-06	5.191e-06	2.499e-05
4900	0.327	0.0723	0.1242	0.2757	0.3329	0.3796	0.5193
5000	0.001271	0.001114	8.004e-05	0.0005946	0.0009854	0.001578	0.01294
5100	0.0007048	0.0009706	3.855e-05	0.0002187	0.0003945	0.0007759	0.009746
5200	0.1619	0.0406	0.02324	0.141	0.1645	0.1842	0.3887
5300	0.01317	0.01273	0.0006337	0.005638	0.009278	0.0171	0.1368
5400	0.1391	0.1017	0.006437	0.05891	0.1178	0.1939	0.54
5500	0.06371	0.01981	0.01838	0.04815	0.06438	0.0786	0.1045
5600	0.2357	0.1306	0.01042	0.1274	0.219	0.3346	0.5659
5700	0.06083	0.03329	0.009542	0.03748	0.05229	0.07959	0.2378
5800	0.0001032	9.929e-05	5.51e-06	4.12e-05	6.92e-05	0.0001241	0.0007981
5900	0.1263	0.02401	0.06418	0.1131	0.1235	0.1385	0.2494
6000	0.3893	0.05116	0.2486	0.3513	0.3915	0.4273	0.5117
6100	0.08333	0.0432	0.01431	0.04776	0.07752	0.1145	0.2002
6200	0.2531	0.05168	0.05136	0.2211	0.2565	0.2876	0.3711
6300	0.2357	0.04866	0.08867	0.2029	0.2338	0.2642	0.421
6400	0.01086	0.004125	0.002961	0.007947	0.01006	0.0132	0.03013
6500	0.02321	0.02051	0.001059	0.008763	0.01711	0.03161	0.1134
6600	0.01071	0.005715	0.002197	0.006762	0.009432	0.01315	0.03977
6700	0.09816	0.04326	0.02352	0.06719	0.08759	0.118	0.3039
6800	9.302e-08	1.09e-07	1.232e-09	3.337e-08	5.71e-08	1.08e-07	7.661e-07
6900	0.00444	0.00479	0.0001656	0.001458	0.002681	0.005504	0.04642
7000	0.003406	0.001807	0.0007186	0.002123	0.002915	0.004276	0.01215
7100	0.1658	0.03581	0.05181	0.1423	0.1679	0.19	0.2679
7200	0.08805	0.02994	0.03408	0.06975	0.08047	0.09732	0.2436
7300	0.429	0.06517	0.2265	0.3871	0.4329	0.478	0.5858
7400	3.792e-05	4.295e-05	6.975e-07	1.316e-05	2.272e-05	4.515e-05	0.0003299
7500	0.1236	0.06032	0.01952	0.08412	0.1127	0.1531	0.4528
7600	0.04518	0.0177	0.01585	0.03283	0.04259	0.05459	0.1396
7700	0.2201	0.06546	0.07963	0.175	0.2091	0.2589	0.4569
7800	0.02331	0.008019	0.006233	0.0175	0.0223	0.02776	0.06535
7900	0.1835	0.06004	0.04799	0.14	0.1823	0.2213	0.4148
8000	0.01106	0.01297	0.0003189	0.00297	0.006705	0.01403	0.1028
8100	0.05452	0.02913	0.01257	0.034	0.0476	0.06859	0.1801
8200	0.254	0.05256	0.08712	0.2209	0.2538	0.2875	0.4208
8300	0.1614	0.01542	0.1088	0.1521	0.1607	0.1707	0.2255
8400	0.5255	0.05654	0.281	0.4931	0.5311	0.5633	0.6389
8500	0.3012	0.05913	0.1351	0.2561	0.3051	0.342	0.4584
8600	0.1333	0.04114	0.05273	0.1049	0.1261	0.1559	0.3377
8700	0.2452	0.08035	0.05983	0.1815	0.2442	0.3068	0.4274
8800	0.04215	0.03214	0.00362	0.01856	0.03367	0.05514	0.2035
8900	0.01127	0.009528	0.0008396	0.004914	0.008559	0.01388	0.0624
9000	0.2176	0.0659	0.03525	0.1663	0.2193	0.2682	0.3898
9100	0.3584	0.09485	0.1154	0.2893	0.3608	0.4298	0.5766
9200	0.4645	0.05989	0.1832	0.4355	0.4746	0.5025	0.5942
9300	0.203	0.02835	0.1191	0.1857	0.2028	0.2193	0.2977
9400	0.2819	0.05234	0.0745	0.2507	0.2859	0.318	0.4096
9500	0.002745	0.001423	0.0007143	0.001813	0.002436	0.003287	0.01291
9600	0.1174	0.05522	0.02411	0.07438	0.1067	0.1515	0.344
9700	0.4671	0.06781	0.1406	0.4274	0.4778	0.5154	0.6108
9800	0.03222	0.02238	0.003551	0.01719	0.02751	0.04094	0.1762
9900	0.2794	0.04487	0.1129	0.2554	0.2863	0.3116	0.3699
10000	0.245	0.04121	0.07002	0.2187	0.2444	0.2717	0.416
10100	0.1572	0.0259	0.08619	0.1402	0.155	0.1743	0.2588
10200	0.09159	0.008772	0.04656	0.08732	0.09368	0.09847	0.1033
10300	0.09291	0.02618	0.01876	0.0748	0.09531	0.1106	0.162
10400	0.2159	0.03145	0.1181	0.1942	0.2171	0.2389	0.2987
10500	0.2391	0.06158	0.07353	0.1971	0.2426	0.2834	0.4407
10600	0.2274	0.0362	0.08269	0.2115	0.232	0.2503	0.3053
10700	0.3551	0.04569	0.1762	0.3293	0.3581	0.3868	0.5007
10800	0.1332	0.07736	0.01175	0.0766	0.1195	0.1753	0.4388
10900	0.06373	0.01486	0.02861	0.05299	0.06296	0.0738	0.1069
11000	0.1243	0.06597	0.01248	0.07796	0.1076	0.1601	0.5122
11100	0.2987	0.05934	0.09583	0.2636	0.2991	0.3381	0.4576
11200	0.5624	0.0342	0.4348	0.5421	0.5668	0.5866	0.6306
11300	0.09393	0.04148	0.01809	0.06243	0.08741	0.1165	0.2509
11400	0.42	0.06663	0.1177	0.3945	0.4331	0.4631	0.533
11500	0.07313	0.0104	0.04428	0.06613	0.07321	0.08059	0.1005
11600	0.09562	0.03324	0.02737	0.0707	0.09413	0.1172	0.1963
11700	0.2063	0.03087	0.1315	0.183	0.2031	0.2253	0.3024
11800	0.4272	0.06115	0.201	0.3975	0.4364	0.4707	0.5575
11900	0.1459	0.01286	0.09832	0.1378	0.1462	0.1544	0.1829
12000	0.07335	0.0171	0.03156	0.0607	0.07143	0.08501	0.1254
12100	0.2057	0.03332	0.1036	0.1842	0.2086	0.229	0.2829
12200	0.001137	0.001106	0.000132	0.0005491	0.0008633	0.001367	0.01747
12300	0.2264	0.04565	0.05048	0.2001	0.2341	0.258	0.3185
12400	0.1117	0.01067	0.07444	0.1042	0.112	0.1194	0.1514
12500	0.3481	0.05864	0.1349	0.3059	0.3536	0.3942	0.4711
12600	0.3193	0.03794	0.1818	0.2961	0.3256	0.3462	0.3995
12700	0.285	0.08455	0.01863	0.2461	0.3111	0.3463	0.4398
12800	0.009367	0.004784	0.002555	0.006233	0.008333	0.01103	0.054
12900	0.2015	0.04445	0.07795	0.1657	0.2032	0.2332	0.3309
13000	0.08539	0.01811	0.02196	0.07743	0.09257	0.09935	0.105
13100	0.006319	0.004986	0.000831	0.003222	0.004871	0.007606	0.03914
13200	0.1556	0.02474	0.06705	0.1395	0.1539	0.1699	0.2334
13300	0.17	0.02967	0.1062	0.1472	0.1718	0.1915	0.2718
13400	0.05643	0.02827	0.0118	0.03553	0.05061	0.07165	0.2015
13500	0.04031	0.01661	0.01108	0.02786	0.03782	0.04929	0.1074
13600	0.1898	0.03406	0.0671	0.1694	0.1887	0.2106	0.2971
13700	0.002412	0.002667	0.0002411	0.001027	0.001749	0.002965	0.04003
13800	0.004712	0.004721	0.0003927	0.001898	0.003413	0.005749	0.04299
13900	0.1207	0.01577	0.08064	0.1111	0.1186	0.1283	0.1922
14000	0.01939	0.009624	0.004976	0.01251	0.01755	0.02373	0.07292
14100	0.1351	0.007953	0.111	0.1301	0.1355	0.1404	0.156
14200	5.255e-05	3.669e-05	5.462e-06	2.899e-05	4.234e-05	6.491e-05	0.000276
14300	0.002228	0.00265	6.565e-05	0.0007771	0.001421	0.002672	0.02365
14400	0.07788	0.01621	0.03342	0.06709	0.07928	0.09077	0.1134
14500	0.05405	0.01457	0.0155	0.04363	0.05304	0.06384	0.09469
14600	0.06061	0.0173	0.02208	0.04812	0.06013	0.07297	0.1004
14700	0.002503	0.002755	0.0001497	0.0009006	0.001585	0.003067	0.02312
14800	0.09828	0.03318	0.008509	0.07432	0.1051	0.1231	0.201
14900	0.4882	0.04853	0.3204	0.4616	0.4937	0.5252	0.594
15000	0.0008613	0.000714	7.307e-05	0.000368	0.0006402	0.001113	0.004196
15100	0.1356	0.04974	0.03214	0.09801	0.1302	0.1688	0.3019
15200	0.135	0.06757	0.01711	0.08323	0.1318	0.1754	0.3839
15300	0.1757	0.0486	0.0339	0.1459	0.1782	0.2127	0.2927
15400	0.1934	0.02264	0.13	0.178	0.1959	0.2109	0.2556
15500	0.005039	0.004347	0.0002739	0.002155	0.003504	0.006412	0.02889
15600	0.3373	0.03395	0.2247	0.3164	0.3363	0.3613	0.4242
15700	0.1255	0.02116	0.05678	0.1128	0.1264	0.1379	0.1886
15800	0.01037	0.009531	0.0005995	0.004413	0.007464	0.01254	0.07766
15900	0.3183	0.06852	0.07583	0.2797	0.3246	0.3652	0.4991
16000	0.009389	0.003079	0.002867	0.007278	0.008853	0.01115	0.02693
16100	0.1635	0.05602	0.02417	0.119	0.161	0.207	0.3148
16200	0.02585	0.009107	0.003984	0.01924	0.02514	0.03147	0.06031
16300	0.03704	0.01857	0.005401	0.02467	0.03337	0.04622	0.1022
16400	0.001784	0.001065	0.0002852	0.001062	0.0015	0.002215	0.008218
16500	0.2135	0.07404	0.06964	0.1452	0.2144	0.2787	0.4172
16600	0.3987	0.05125	0.169	0.3656	0.3996	0.4326	0.529
16700	0.02805	0.03352	0.002217	0.01008	0.01825	0.03267	0.3226
16800	0.1499	0.06793	0.0109	0.08988	0.1554	0.2012	0.3228
16900	0.2634	0.05598	0.1075	0.2253	0.2629	0.3027	0.461
17000	0.0001343	5.499e-05	2.333e-05	9.303e-05	0.0001257	0.0001618	0.0004326
17100	0.1605	0.06541	0.03113	0.1078	0.1589	0.2049	0.3424
17200	0.1049	0.03922	0.0107	0.07479	0.1074	0.131	0.2242
17300	0.3242	0.06628	0.04854	0.288	0.3289	0.3696	0.4814
17400	0.0608	0.01911	0.02555	0.0473	0.05673	0.07177	0.132
17500	4.896e-05	4.964e-05	3.294e-06	1.897e-05	3.386e-05	6.023e-05	0.0003803
17600	0.2227	0.08691	0.05266	0.1559	0.2186	0.2843	0.453
17700	0.01627	0.01348	0.0004882	0.007155	0.01219	0.021	0.1064
17800	0.5009	0.04439	0.2107	0.4817	0.5095	0.5294	0.592
17900	0.1094	0.01719	0.06876	0.09729	0.1079	0.1194	0.1809
18000	0.04043	0.0313	0.004212	0.01868	0.03104	0.05222	0.1916
18100	0.0002307	0.0002881	1.031e-05	7.376e-05	0.0001482	0.0002763	0.003103
18200	0.0422	0.03645	0.001729	0.01639	0.02897	0.05478	0.1848
18300	0.2198	0.107	0.02541	0.1319	0.2141	0.2985	0.542
18400	0.2123	0.05939	0.05643	0.171	0.2123	0.2553	0.3655
18500	0.08056	0.01821	0.02973	0.06833	0.08246	0.09491	0.1161
18600	0.1327	0.05753	0.0167	0.08879	0.1257	0.1749	0.313
18700	0.3067	0.05078	0.1344	0.2686	0.3108	0.3493	0.4072
18800	0.01263	0.01374	0.0005008	0.004305	0.008863	0.01464	0.1067
18900	0.3161	0.084	0.05916	0.2605	0.3351	0.3797	0.4746
19000	0.1316	0.06209	0.02736	0.08516	0.1206	0.1659	0.3444
19100	0.004076	0.001676	0.0008157	0.002834	0.003805	0.004916	0.01011
19200	0.4212	0.06241	0.1753	0.3853	0.4328	0.4658	0.5398
19300	0.1439	0.01803	0.1111	0.1323	0.14	0.1515	0.2555
19400	0.002561	0.005175	5.774e-05	0.0006336	0.001307	0.002543	0.07147
19500	0.04685	0.02252	0.005718	0.02963	0.04242	0.06091	0.1169
19600	0.1129	0.03319	0.03394	0.08909	0.111	0.1379	0.2125
19700	0.2966	0.1195	0.0488	0.2029	0.2923	0.3817	0.5908
19800	5.869e-06	5.333e-06	4.288e-07	2.582e-06	4.207e-06	7.185e-06	4.52e-05
19900	0.006419	0.005994	0.0002716	0.002621	0.004609	0.008305	0.05807
20000	0.2281	0.05252	0.09477	0.1922	0.229	0.2655	0.3722
20100	0.2987	0.1295	0.02549	0.1922	0.3057	0.3976	0.5858
20200	0.00564	0.00366	0.0007579	0.00322	0.004703	0.006743	0.02423
20300	0.1293	0.02569	0.04191	0.1173	0.1327	0.1459	0.2129
20400	0.435	0.08973	0.1129	0.3786	0.4515	0.5055	0.604
20500	0.2869	0.07896	0.05884	0.2259	0.2895	0.3433	0.4673
20600	0.1365	0.04933	0.03318	0.102	0.1343	0.1676	0.3436
20700	0.1008	0.03203	0.03758	0.07805	0.09752	0.1213	0.2375
20800	0.05027	0.01518	0.01982	0.03927	0.04857	0.0593	0.1145
20900	0.2177	0.02344	0.1319	0.2037	0.2191	0.234	0.2737
21000	0.4786	0.07207	0.1438	0.4458	0.4938	0.5278	0.6064
21100	0.5439	0.1023	0.1092	0.5017	0.5738	0.6186	0.6916
21200	0.1823	0.0232	0.1005	0.1675	0.1841	0.1976	0.2728
21300	0.002101	0.001404	0.000389	0.001157	0.001769	0.002588	0.01068
21400	0.0008664	0.001363	1.121e-05	0.0002169	0.0004235	0.0009874	0.02054
21500	0.1183	0.03802	0.04169	0.09127	0.1126	0.1371	0.2756
21600	0.1516	0.0905	0.004105	0.08192	0.134	0.2123	0.4133
21700	0.3866	0.0471	0.1903	0.3576	0.3882	0.4202	0.515
21800	0.01394	0.007245	0.002993	0.008725	0.01255	0.01713	0.05654
21900	0.322	0.03454	0.1966	0.3012	0.323	0.3447	0.4092
22000	0.3988	0.07813	0.07272	0.3545	0.4096	0.4546	0.567
22100	0.12	0.03322	0.05086	0.09463	0.117	0.1401	0.2406
22200	0.5097	0.06375	0.2635	0.476	0.5225	0.5577	0.6401
22300	0.1932	0.09937	0.01768	0.1108	0.1789	0.2603	0.4838
22400	0.2663	0.04684	0.1063	0.2361	0.271	0.3014	0.3615
22500	0.4556	0.05754	0.2436	0.4189	0.459	0.4953	0.6009
22600	0.2365	0.1175	0.02861	0.1422	0.2245	0.3205	0.5446
22700	0.1424	0.01884	0.0711	0.1305	0.1462	0.1551	0.1848
22800	0.2971	0.03803	0.1926	0.2728	0.2971	0.3218	0.4205
22900	0.2622	0.08625	0.02324	0.2135	0.2803	0.3284	0.4225
23000	0.1722	0.02471	0.0912	0.1554	0.1728	0.1893	0.2492
23100	0.3963	0.0972	0.06444	0.3524	0.4244	0.4638	0.5602
23200	0.3893	0.04172	0.1977	0.367	0.393	0.4175	0.4942
23300	0.001627	0.001502	0.0002208	0.0007555	0.001221	0.00189	0.01538
23400	0.06461	0.02068	0.01903	0.0494	0.06152	0.07827	0.129
23500	0.2411	0.04625	0.1093	0.2151	0.2424	0.2726	0.3516
23600	0.01602	0.006193	0.003221	0.01165	0.01497	0.01958	0.04195
23700	0.2669	0.05684	0.076	0.2358	0.2704	0.3061	0.406
23800	0.03621	0.03522	0.0001961	0.01102	0.02338	0.05071	0.1823
23900	0.2092	0.02922	0.1354	0.1876	0.208	0.229	0.2945
24000	0.2832	0.02436	0.2046	0.2685	0.286	0.3011	0.3392
24100	0.4305	0.03723	0.2004	0.4105	0.4354	0.4565	0.5032
24200	0.03744	0.01178	0.0142	0.02927	0.03601	0.04393	0.09223
24300	0.08304	0.01141	0.04143	0.07497	0.08374	0.09273	0.1004
24400	0.188	0.05023	0.04148	0.1561	0.1825	0.2127	0.3507
24500	0.3833	0.09447	0.09513	0.3215	0.3851	0.4503	0.6254
24600	0.1744	0.04131	0.02288	0.1517	0.1801	0.2009	0.2899
24700	0.2401	0.07739	0.03966	0.1818	0.2397	0.2988	0.426
24800	0.2292	0.03282	0.1124	0.207	0.226	0.2482	0.335
24900	0.002352	0.001387	0.0004045	0.001347	0.001949	0.002981	0.008546
25000	4.03e-05	0.0001435	1.551e-06	1.224e-05	2.17e-05	4.301e-05	0.003131
25100	0.1161	0.03066	0.04733	0.09278	0.1152	0.1385	0.1937
25200	0.3895	0.07389	0.1338	0.3501	0.4044	0.4405	0.5713
25300	0.01876	0.01451	0.0022	0.009237	0.01487	0.02244	0.109
25400	0.09037	0.0109	0.05783	0.08258	0.09099	0.09875	0.1138
25500	0.004716	0.003936	0.000249	0.002034	0.003555	0.005994	0.02848
25600	0.3982	0.05107	0.16	0.3661	0.4025	0.4335	0.5331
25700	0.000261	0.0003301	1.164e-05	7.511e-05	0.0001485	0.0003151	0.003725
25800	0.3852	0.07951	0.1101	0.338	0.3976	0.445	0.5486
25900	0.0007922	0.0006129	6.289e-05	0.0004064	0.0006062	0.000967	0.004061
26000	0.03397	0.02298	0.007501	0.01902	0.02734	0.0422	0.1769
26100	0.03247	0.02616	0.001281	0.01405	0.02446	0.04209	0.2081
26200	0.5821	0.04675	0.3648	0.5554	0.5904	0.6162	0.6716
26300	0.1825	0.01462	0.1459	0.1725	0.1817	0.192	0.2295
26400	0.5384	0.06403	0.2057	0.5076	0.5523	0.5802	0.6628
26500	0.1864	0.04768	0.07433	0.1534	0.1809	0.2126	0.3556
26600	0.06035	0.0125	0.0309	0.05184	0.05918	0.06733	0.1231
26700	0.6006	0.04931	0.3969	0.5726	0.6095	0.6375	0.691
26800	0.01379	0.01192	0.001407	0.006358	0.01012	0.01708	0.1073
26900	0.004232	0.001043	0.001909	0.003508	0.004085	0.004777	0.009033
27000	0.001859	0.003041	5.318e-05	0.0005214	0.001001	0.002096	0.0478
27100	0.1727	0.07525	0.02804	0.1146	0.1619	0.2231	0.3938
27200	0.1301	0.04579	0.02858	0.09698	0.1255	0.1649	0.2844
27300	0.02311	0.01137	0.005598	0.01529	0.02044	0.02847	0.09188
27400	0.02108	0.02242	0.002082	0.008771	0.01345	0.02515	0.2074
27500	0.04342	0.01493	0.0119	0.03239	0.04216	0.05286	0.09469
27600	9.098e-07	1.305e-06	9.525e-09	2.359e-07	5.219e-07	9.708e-07	1.234e-05
27700	0.01778	0.0197	0.0005901	0.005723	0.01104	0.02258	0.1572
27800	0.1593	0.04294	0.03182	0.1296	0.1658	0.1958	0.2438
27900	0.3107	0.07166	0.1417	0.2631	0.3088	0.3534	0.5277
28000	0.01596	0.01138	0.001789	0.008168	0.01274	0.02007	0.07232
28100	0.01418	0.01177	0.001178	0.005981	0.01095	0.01839	0.07273
28200	0.3897	0.07436	0.09621	0.3494	0.4027	0.4448	0.5303
28300	0.2245	0.09675	0.02167	0.1489	0.2244	0.2929	0.5147
28400	0.09334	0.03568	0.01891	0.06376	0.09701	0.1203	0.1952
28500	0.5027	0.0355	0.3317	0.4804	0.5056	0.5273	0.6068
28600	0.2356	0.05505	0.07335	0.2082	0.2499	0.2765	0.345
28700	4.541e-05	2.418e-05	1.118e-05	2.803e-05	4.051e-05	5.409e-05	0.0001602
28800	0.5145	0.04286	0.3278	0.4873	0.5191	0.5425	0.6381
28900	0.4521	0.0553	0.2671	0.4195	0.4575	0.4948	0.5841
29000	0.07794	0.02801	0.01351	0.05798	0.07661	0.09635	0.2169
29100	0.4734	0.08863	0.2118	0.414	0.4695	0.5374	0.689
29200	0.3478	0.06884	0.1695	0.2962	0.346	0.3973	0.5335
29300	0.04077	0.02063	0.007157	0.02556	0.03756	0.05194	0.118
29400	0.02495	0.01968	0.001755	0.0113	0.01964	0.03245	0.1732
29500	0.236	0.0189	0.15	0.2252	0.2394	0.2503	0.2698
29600	0.1469	0.06762	0.02607	0.0906	0.1397	0.1903	0.3595
29700	0.4243	0.05318	0.1614	0.4001	0.4324	0.4593	0.5361
29800	0.3425	0.06562	0.125	0.2947	0.3441	0.3899	0.5445
29900	0.3624	0.02228	0.2814	0.3475	0.3627	0.3781	0.4379
30000	0.209	0.04798	0.05486	0.1838	0.2148	0.242	0.3454
30100	0.01404	0.006804	0.0035	0.009324	0.01245	0.01727	0.05495
30200	0.4037	0.05556	0.2281	0.3672	0.4045	0.4452	0.5427
30300	0.0003585	0.0002752	5.965e-05	0.0001833	0.0002814	0.0004361	0.00262
30400	0.3907	0.04227	0.2218	0.3669	0.3926	0.4167	0.5336
30500	0.2726	0.06952	0.1123	0.2222	0.2657	0.3152	0.4745
30600	5.443e-05	5.921e-05	2.27e-06	1.763e-05	3.534e-05	6.788e-05	0.0005206
30700	0.2043	0.1246	0.00895	0.1025	0.187	0.2722	0.5673
30800	0.5297	0.05181	0.2942	0.505	0.5376	0.5639	0.6344
30900	0.3215	0.08338	0.07052	0.2656	0.3305	0.3859	0.5608
31000	0.2364	0.06176	0.07102	0.19	0.2421	0.2787	0.4125
31100	5.295e-05	4.245e-05	6.358e-06	2.656e-05	4.008e-05	6.662e-05	0.0003579
31200	0.4437	0.05915	0.2427	0.4059	0.4471	0.4877	0.5899
31300	0.4388	0.02964	0.3434	0.4214	0.4415	0.4617	0.5134
31400	0.3784	0.03876	0.2261	0.3537	0.3802	0.4054	0.4812
31500	0.0683	0.04179	0.009132	0.03667	0.05917	0.08955	0.2375
31600	0.07099	0.02104	0.0289	0.05614	0.06814	0.08405	0.1489
31700	0.03599	0.01592	0.00665	0.02436	0.03393	0.04534	0.09263
31800	0.07777	0.008529	0.05081	0.07229	0.07898	0.08391	0.09681
31900	0.1361	0.01477	0.1012	0.1265	0.1349	0.1434	0.1991
32000	0.0003457	0.0003858	1.652e-05	0.0001282	0.0002241	0.0004173	0.003754
32100	0.00429	0.003433	0.0003682	0.002024	0.003409	0.005559	0.02429
32200	0.01777	0.009035	0.00369	0.01122	0.01597	0.02199	0.06469
32300	0.1842	0.01823	0.1111	0.1733	0.1857	0.1959	0.2288
32400	0.2032	0.04656	0.05524	0.1702	0.2036	0.2398	0.3069
32500	0.3716	0.03869	0.2473	0.347	0.3796	0.4013	0.4401
32600	0.03934	0.02233	0.004076	0.02221	0.03499	0.0517	0.1093
32700	0.17	0.02678	0.0888	0.1502	0.1718	0.1902	0.2419
32800	0.2143	0.01923	0.1392	0.2039	0.2177	0.2282	0.2523
32900	0.006822	0.003727	0.001468	0.004283	0.006055	0.008424	0.02745
33000	0.1845	0.04379	0.07807	0.1532	0.1824	0.2134	0.3101
33100	0.3515	0.04987	0.1204	0.3206	0.3537	0.3856	0.4626
33200	0.2483	0.03126	0.1542	0.2276	0.2489	0.2707	0.3327
33300	0.1885	0.02974	0.1096	0.1674	0.1878	0.2071	0.2804
33400	0.2613	0.07699	0.04182	0.2112	0.2776	0.3171	0.4172
33500	0.03106	0.01105	0.01102	0.02358	0.02835	0.03609	0.08334
33600	0.1581	0.04261	0.06208	0.1262	0.1564	0.1888	0.286
33700	0.3109	0.0637	0.1307	0.2727	0.3127	0.3506	0.5249
33800	0.4706	0.07793	0.1771	0.4262	0.4874	0.5272	0.615
33900	0.002702	0.004161	1.719e-05	0.0006176	0.001322	0.002883	0.04195
34000	0.2973	0.01849	0.2533	0.2851	0.2947	0.3064	0.3671
34100	0.2702	0.04788	0.09153	0.2438	0.2743	0.3007	0.4161
34200	0.102	0.04298	0.02852	0.07161	0.09424	0.1248	0.2848
34300	0.4426	0.04166	0.2755	0.4181	0.4438	0.4695	0.5668
34400	2.393e-05	2.591e-05	1.142e-06	1.053e-05	1.721e-05	2.902e-05	0.0003107
34500	0.04314	0.01402	0.01608	0.03458	0.04034	0.04994	0.1064
34600	0.3824	0.05287	0.2044	0.3491	0.387	0.4186	0.5032
34700	3.353e-07	6.022e-07	6.273e-09	6.828e-08	1.541e-07	3.636e-07	8.332e-06
34800	0.3368	0.03243	0.2462	0.3141	0.3395	0.3602	0.4147
34900	0.0819	0.02319	0.02728	0.06462	0.08149	0.09767	0.1601
35000	0.2148	0.03558	0.1086	0.1917	0.2172	0.2363	0.3239
35100	0.1246	0.02374	0.06146	0.1087	0.1221	0.14	0.1974
35200	0.1909	0.05972	0.03335	0.1512	0.1893	0.2278	0.3944
35300	0.3449	0.03582	0.1736	0.3264	0.349	0.3699	0.4275
35400	0.09448	0.03344	0.01305	0.06792	0.09352	0.1187	0.2168
35500	0.4934	0.03944	0.2319	0.4759	0.5018	0.5189	0.5648
35600	0.3078	0.05891	0.09061	0.271	0.3157	0.3501	0.428
35700	0.02698	0.02154	0.001233	0.01221	0.02065	0.03571	0.139
35800	0.06584	0.0318	0.01025	0.04157	0.06008	0.08361	0.2114
35900	0.3588	0.02758	0.2505	0.3432	0.3591	0.3775	0.4196
36000	0.2022	0.02366	0.1101	0.1882	0.203	0.2177	0.2747
36100	0.007931	0.00796	0.0004155	0.003222	0.00567	0.009873	0.08747
36200	0.005997	0.001668	0.002154	0.004797	0.005767	0.006866	0.01295
36300	0.008647	0.007077	0.0008135	0.004104	0.006779	0.01083	0.06558
36400	0.1172	0.03983	0.03742	0.09021	0.1111	0.1418	0.2653
36500	0.3126	0.04528	0.06324	0.2878	0.3137	0.3435	0.4586
36600	0.001682	0.0009617	0.0003005	0.000993	0.001445	0.002068	0.008092
36700	0.00284	0.001677	0.0004537	0.001658	0.002379	0.003605	0.01284
36800	8.351e-07	2.122e-06	6.417e-09	1.175e-07	2.664e-07	7.26e-07	2.307e-05
36900	0.4233	0.09213	0.1706	0.3583	0.4262	0.4965	0.6317
37000	0.5498	0.06343	0.2957	0.5147	0.5576	0.5939	0.6847
37100	0.4188	0.05793	0.1974	0.3871	0.4257	0.4587	0.5529
37200	0.1609	0.03647	0.1055	0.1306	0.1552	0.1889	0.2585
37300	8.472e-08	1.041e-07	2.275e-09	2.601e-08	4.847e-08	1.044e-07	8.61e-07
37400	0.1953	0.0257	0.1008	0.1778	0.1929	0.2122	0.2729
37500	0.4028	0.06769	0.1734	0.3604	0.4111	0.4536	0.5283
37600	0.566	0.06412	0.3641	0.525	0.5703	0.6144	0.7071
37700	0.3642	0.05621	0.2341	0.3224	0.3613	0.4033	0.5316
37800	0.0107	0.006505	0.001958	0.006404	0.009404	0.01333	0.06391
37900	0.4288	0.06895	0.1935	0.3811	0.4317	0.4767	0.5865
38000	0.1555	0.05435	0.04223	0.1147	0.1486	0.187	0.3168
38100	0.1356	0.0459	0.03529	0.1013	0.1298	0.1641	0.2871
38200	0.4758	0.04714	0.3149	0.4498	0.4799	0.5083	0.615
38300	3.71e-06	7.327e-06	1.597e-07	1.181e-06	2.188e-06	4.493e-06	0.0001467
38400	0.3549	0.03094	0.2562	0.3332	0.3554	0.3745	0.4506
38500	0.09685	0.04122	0.01965	0.06722	0.09009	0.1184	0.3051
38600	0.3797	0.07538	0.131	0.3356	0.3921	0.4339	0.5271
38700	0.112	0.06617	0.01411	0.06148	0.09933	0.1435	0.3769
38800	0.3024	0.04738	0.1351	0.2762	0.3092	0.3382	0.3884
38900	0.2536	0.04337	0.1197	0.2265	0.2525	0.2818	0.4136
39000	0.1516	0.0197	0.09583	0.1386	0.1528	0.1674	0.1898
39100	0.2606	0.03011	0.1829	0.2384	0.2594	0.2824	0.3501
39200	0.3061	0.04322	0.1063	0.2802	0.3079	0.3376	0.4187
39300	0.3677	0.04325	0.2123	0.3398	0.3692	0.3985	0.5057
39400	0.3821	0.08485	0.1341	0.315	0.3842	0.442	0.6131
39500	0.006996	0.004047	0.00186	0.004718	0.006175	0.008118	0.04316
39600	0.3295	0.06745	0.1273	0.2845	0.3315	0.3811	0.4936
39700	0.004578	0.003784	0.0005202	0.002098	0.00351	0.005525	0.03027
39800	0.0002048	0.000173	1.831e-05	9.726e-05	0.0001595	0.000254	0.001746
39900	0.02272	0.01023	0.003234	0.01556	0.02101	0.02806	0.07297
40000	0.0006269	0.0006905	1.688e-05	0.0002034	0.0003953	0.0007658	0.005002
40100	0.08721	0.02523	0.01686	0.06934	0.09021	0.107	0.1625
40200	0.1285	0.03914	0.04729	0.09905	0.1245	0.1535	0.2618
40300	0.008772	0.007137	0.000641	0.004056	0.006401	0.01113	0.04377
40400	0.1255	0.06862	0.009998	0.07134	0.1158	0.1679	0.3297
40500	0.09998	0.0005643	0.09715	0.09983	0.1002	0.1003	0.1005
40600	3.883e-07	1.081e-06	2.204e-09	5.517e-08	1.343e-07	3.615e-07	1.726e-05
40700	0.2295	0.03664	0.1038	0.2027	0.2337	0.2561	0.3101
40800	0.00297	0.00303	0.0001126	0.001118	0.002099	0.003735	0.0338
40900	0.1792	0.05349	0.04507	0.1405	0.1796	0.2122	0.379
41000	0.2306	0.08411	0.02725	0.1615	0.232	0.2948	0.4483
41100	0.0002645	0.0002095	1.837e-05	0.0001284	0.0001995	0.0003259	0.001488
41200	0.2557	0.04458	0.1386	0.2243	0.2511	0.2815	0.4294
41300	0.06293	0.01592	0.02265	0.05122	0.061	0.0748	0.1098
41400	0.163	0.0397	0.02914	0.1408	0.1692	0.1879	0.2746
41500	0.4476	0.07435	0.1971	0.3932	0.454	0.5069	0.617
41600	0.07558	0.02721	0.01548	0.05559	0.07379	0.0964	0.1586
41700	0.1224	0.03712	0.0383	0.0954	0.12	0.1481	0.2322
41800	0.5191	0.04686	0.2821	0.4942	0.5236	0.5501	0.6728
41900	0.2527	0.0342	0.1315	0.2329	0.2538	0.2753	0.3378
42000	0.04051	0.03441	0.003588	0.01919	0.03081	0.05279	0.4695
42100	0.09357	0.06335	0.01142	0.04852	0.07504	0.1263	0.4004
42200	0.01391	0.01174	0.001019	0.006141	0.01065	0.01785	0.08786
42300	0.2251	0.0423	0.04006	0.2001	0.2296	0.2528	0.3753
42400	0.3993	0.04061	0.2632	0.3742	0.4007	0.4274	0.5258
42500	0.2173	0.09219	0.02607	0.1416	0.2226	0.2915	0.4102
42600	0.0004226	0.0001979	0.0001194	0.0002972	0.0003809	0.0004947	0.001484
42700	0.2003	0.1064	0.01948	0.1145	0.1881	0.2628	0.6176
42800	0.1388	0.04656	0.04608	0.1052	0.1324	0.1649	0.3026
42900	0.5112	0.06704	0.2443	0.4692	0.5164	0.5576	0.6679
43000	0.3004	0.04283	0.1498	0.2775	0.3084	0.3324	0.3882
43100	0.03081	0.02024	0.004061	0.01662	0.02637	0.03809	0.1422
43200	0.3035	0.05356	0.112	0.2687	0.3079	0.3426	0.4183
43300	0.3788	0.1384	0.07641	0.2625	0.3871	0.5021	0.6625
43400	0.2062	0.05245	0.08341	0.1708	0.2078	0.2412	0.3461
43500	0.3397	0.1064	0.06887	0.2639	0.3609	0.4293	0.5319
43600	0.04089	0.01354	0.01209	0.03126	0.03794	0.04952	0.08641
43700	0.01471	0.006513	0.002731	0.00997	0.01344	0.01821	0.04373
43800	0.3551	0.02699	0.2077	0.3441	0.3593	0.3719	0.4156
43900	0.1014	0.01503	0.06527	0.09101	0.1	0.1089	0.1747
44000	0.1945	0.06157	0.0513	0.1499	0.1947	0.2446	0.372
44100	0.3832	0.05657	0.1791	0.346	0.3866	0.4229	0.5221
44200	0.03769	0.02092	0.007901	0.02329	0.03278	0.04622	0.1553
44300	0.03488	0.01547	0.01013	0.02378	0.03095	0.04356	0.119
44400	0.08772	0.01431	0.05469	0.07738	0.08733	0.09748	0.1336
44500	0.09625	0.04223	0.007424	0.06674	0.09687	0.1224	0.2501
44600	0.2061	0.04105	0.04839	0.1818	0.2172	0.2359	0.2804
44700	0.05707	0.02548	0.01557	0.03848	0.05126	0.07015	0.1488
44800	0.3587	0.03027	0.2134	0.3449	0.3628	0.3765	0.4362
44900	0.3454	0.09272	0.07418	0.2897	0.3601	0.4159	0.5174
45000	7.106e-05	0.0001195	3.819e-06	2.164e-05	3.986e-05	7.913e-05	0.001634
45100	0.009455	0.005735	0.00149	0.005526	0.008033	0.01162	0.04999
45200	0.07351	0.02811	0.01949	0.05176	0.06967	0.08976	0.1795
45300	0.04884	0.02941	0.0006393	0.02462	0.0439	0.07122	0.1177
45400	0.08613	0.02384	0.03171	0.06741	0.08428	0.1011	0.1868
45500	0.005911	0.005258	0.0003719	0.002521	0.004217	0.007383	0.03769
45600	0.1105	0.06288	0.005542	0.06207	0.0988	0.1498	0.4068
45700	0.001441	0.001294	9.023e-05	0.0006151	0.001082	0.001767	0.01052
45800	0.003647	0.001788	0.0006802	0.00232	0.003257	0.004519	0.01081
45900	8.054e-06	9.32e-06	8.487e-08	2.676e-06	4.817e-06	9.729e-06	6.597e-05
46000	0.4117	0.03271	0.2127	0.3929	0.4119	0.4352	0.4913
46100	0.02385	0.01281	0.004949	0.01475	0.02099	0.02978	0.08818
46200	0.008374	0.008658	0.0004216	0.003061	0.005336	0.009523	0.05382
46300	0.00546	0.00211	0.001974	0.003947	0.005049	0.006625	0.01655
46400	0.4706	0.054	0.2609	0.44	0.4772	0.5096	0.5865
46500	0.1388	0.04081	0.04138	0.1095	0.1355	0.1649	0.2673
46600	0.01923	0.009789	0.003508	0.01234	0.01692	0.02387	0.06522
46700	0.2858	0.04135	0.1399	0.2615	0.2902	0.3148	0.3752
46800	0.03015	0.01865	0.004992	0.01724	0.02586	0.03782	0.1122
46900	0.07886	0.03164	0.01478	0.05435	0.07506	0.09808	0.2221
47000	0.2004	0.09209	0.03419	0.1353	0.1873	0.2549	0.4859
47100	0.006777	0.003767	0.000974	0.003999	0.006052	0.008614	0.02642
47200	0.0121	0.003315	0.004993	0.00953	0.01171	0.01401	0.02472
47300	0.01389	0.003506	0.006377	0.01132	0.01369	0.01628	0.02679
47400	0.006458	0.005571	0.0003413	0.003021	0.004735	0.007492	0.04504
47500	0.06006	0.03981	0.004219	0.03033	0.05003	0.07821	0.1937
47600	0.007474	0.005079	0.00105	0.004017	0.006303	0.009479	0.0396
47700	0.383	0.04913	0.208	0.3553	0.388	0.4156	0.4937
47800	0.001714	0.002671	5.983e-06	0.0003567	0.0008247	0.001855	0.02575
47900	0.07389	0.02788	0.0152	0.05373	0.07007	0.09036	0.1705
48000	0.3592	0.07786	0.09339	0.3179	0.3748	0.411	0.5202
48100	0.1255	0.07318	0.0173	0.07061	0.1102	0.1648	0.4213
48200	0.256	0.06786	0.08162	0.2031	0.2511	0.3081	0.4451
48300	0.4091	0.08959	0.1129	0.3586	0.4111	0.4722	0.6161
48400	0.05744	0.01923	0.01906	0.04361	0.05386	0.06871	0.1425
48500	0.02198	0.01252	0.003727	0.01279	0.01925	0.02874	0.08671
48600	0.0605	0.01519	0.02334	0.04963	0.05931	0.06955	0.1222
48700	0.002887	0.002291	0.0002238	0.001399	0.002249	0.003663	0.02135
48800	0.2445	0.03605	0.1231	0.2234	0.2473	0.2687	0.3692
48900	0.3577	0.07873	0.1137	0.3011	0.3607	0.4179	0.544
49000	7.11e-05	8.595e-05	2.47e-06	2.438e-05	4.355e-05	8.886e-05	0.001032
49100	0.1957	0.08089	0.03229	0.1304	0.1812	0.2511	0.4831
49200	6.507e-06	4.579e-06	8.853e-07	3.599e-06	5.131e-06	7.797e-06	4.128e-05
49300	1.004e-05	1.216e-05	2.291e-07	2.84e-06	5.768e-06	1.228e-05	9.521e-05
49400	0.2009	0.04285	0.04941	0.1727	0.199	0.2292	0.3176
49500	0.1999	0.03385	0.06419	0.1817	0.2044	0.2221	0.2878
49600	0.01271	0.008241	0.003172	0.007395	0.01044	0.0145	0.06032
49700	0.0007745	0.0008562	1.893e-05	0.0002573	0.0005008	0.0009232	0.007835
49800	0.1859	0.09762	0.01231	0.11	0.1715	0.2474	0.4648
49900	0.06832	0.004981	0.05266	0.06504	0.0681	0.07169	0.08275
