idx	predict	radius	unperturbed predict	time
0	0	3.72	0	0:02:53.896078
100	0	3.79	0	0:02:50.341334
200	0	3.79	0	0:02:50.561225
300	0	3.79	0	0:02:50.961038
400	0	3.67	0	0:02:50.540928
500	0	0.314	0	0:02:50.396928
600	0	3.67	0	0:02:50.565618
700	0	2.51	0	0:02:51.720600
800	0	3.67	0	0:02:50.622292
900	0	3.79	0	0:02:50.615913
1000	0	3.72	0	0:02:50.418443
1100	0	3.79	0	0:02:50.327909
1200	1	0.419	1	0:02:50.467359
1300	0	3.67	0	0:02:50.385712
1400	0	3.72	0	0:02:50.588726
1500	0	3.79	0	0:02:50.423196
1600	0	3.79	0	0:02:50.524394
1700	0	3.72	0	0:02:50.222057
1800	0	3.79	0	0:02:50.062021
1900	0	3.55	0	0:02:50.281802
2000	0	3.72	0	0:02:50.131526
2100	0	3.63	0	0:02:50.408662
2200	0	3.67	0	0:02:50.498179
2300	0	3.79	0	0:02:50.418258
2400	0	3.79	0	0:02:50.253844
2500	0	3.67	0	0:02:50.512481
2600	0	3.79	0	0:02:50.583014
2700	0	1.83	0	0:02:50.323457
2800	0	1.35	0	0:02:50.566916
2900	0	3.67	0	0:02:50.609397
3000	0	3.79	0	0:02:50.368351
3100	0	3.6	0	0:02:50.493100
3200	0	3.79	0	0:02:50.110818
3300	0	3.72	0	0:02:50.463279
3400	0	3.72	0	0:02:50.182878
3500	0	2.26	0	0:02:50.485648
3600	0	3.67	0	0:02:50.625340
3700	0	3.67	0	0:02:50.286922
3800	0	3.72	0	0:02:50.246831
3900	0	3.67	0	0:02:50.289175
4000	1	1.87	1	0:02:50.126848
4100	0	3.67	0	0:02:50.610263
4200	0	3.63	0	0:02:50.304852
4300	0	3.63	0	0:02:50.446362
4400	0	3.72	0	0:02:50.522791
4500	0	2.68	0	0:02:50.269321
4600	0	3.72	0	0:02:50.203254
4700	0	3.79	0	0:02:50.304863
4800	1	3.72	1	0:02:50.442918
4900	0	3.72	0	0:02:50.283633
5000	1	0.687	1	0:02:50.252810
5100	0	3.72	0	0:02:50.482344
5200	0	3.79	0	0:02:50.502890
5300	0	3.79	0	0:02:50.249861
5400	0	3.67	0	0:02:50.306385
5500	0	3.79	0	0:02:50.491637
5600	0	3.72	0	0:02:50.190362
5700	0	3.63	0	0:02:50.267031
5800	0	3.58	0	0:02:50.502327
5900	0	3.79	0	0:02:50.190929
6000	0	3.72	0	0:02:50.349573
6100	0	3.67	0	0:02:50.311638
6200	0	3.72	0	0:02:50.592288
6300	0	3.79	0	0:02:50.760584
6400	0	3.79	0	0:02:50.509979
6500	0	3.72	0	0:02:50.660747
6600	0	3.63	0	0:02:50.045399
6700	0	3.79	0	0:02:50.037176
6800	1	3.72	1	0:02:50.267892
6900	0	2.69	0	0:02:50.550016
7000	0	1.89	0	0:02:50.422374
7100	0	3.72	0	0:02:50.258950
7200	0	3.72	0	0:02:50.405924
7300	0	3.63	0	0:02:50.383938
7400	1	0.282	1	0:02:50.353893
7500	0	3.79	0	0:02:50.454982
7600	0	3.79	0	0:02:50.557739
7700	0	3.72	0	0:02:50.214152
7800	0	1.81	0	0:02:50.120994
7900	0	3.67	0	0:02:50.429802
8000	0	3.72	0	0:02:50.095268
8100	0	3.79	0	0:02:50.307666
8200	0	3.79	0	0:02:50.087076
8300	0	3.72	0	0:02:50.087039
8400	0	3.72	0	0:02:50.041188
8500	0	3.67	0	0:02:50.229705
8600	0	3.63	0	0:02:50.136383
8700	0	3.63	0	0:02:50.544530
8800	0	3.67	0	0:02:50.236565
8900	0	3.03	0	0:02:50.303586
9000	0	3.63	0	0:02:50.258290
9100	0	3.79	0	0:02:50.364343
9200	0	3.79	0	0:02:50.217041
9300	0	3.72	0	0:02:50.086628
9400	0	3.72	0	0:02:50.149367
9500	1	0.0412	1	0:02:50.365348
9600	0	3.79	0	0:02:50.354928
9700	0	3.72	0	0:02:50.302928
9800	0	3.79	0	0:02:50.330902
9900	0	3.67	0	0:02:50.275000
10000	0	3.79	0	0:02:50.273383
10100	0	3.79	0	0:02:50.311525
10200	0	3.72	0	0:02:50.485051
10300	0	3.72	0	0:02:50.168269
10400	0	3.79	0	0:02:50.369107
10500	0	3.79	0	0:02:50.403197
10600	0	3.79	0	0:02:51.785966
10700	0	3.72	0	0:02:52.199916
10800	0	3.79	0	0:02:52.302828
10900	0	3.6	0	0:02:50.878593
11000	0	3.67	0	0:02:50.669155
11100	0	3.72	0	0:02:51.231657
11200	0	3.55	0	0:02:50.761527
11300	0	3.79	0	0:02:50.804668
11400	0	3.72	0	0:02:50.483255
11500	0	3.72	0	0:02:50.433717
11600	0	3.67	0	0:02:50.484052
11700	0	3.72	0	0:02:54.291358
11800	0	3.79	0	0:02:53.619364
11900	0	3.79	0	0:02:54.595935
12000	0	3.79	0	0:02:56.546879
12100	0	3.72	0	0:02:54.521306
12200	0	3.72	0	0:02:56.002580
12300	0	3.79	0	0:02:54.840528
12400	0	3.79	0	0:02:56.700080
12500	0	3.72	0	0:02:52.786955
12600	0	3.63	0	0:02:50.535875
12700	0	3.79	0	0:02:50.479674
12800	0	3.72	0	0:02:50.921888
12900	0	3.72	0	0:02:50.655036
13000	0	3.29	0	0:02:50.506423
13100	0	2.15	0	0:02:50.687829
13200	0	3.72	0	0:02:50.545338
13300	0	3.72	0	0:02:50.638350
13400	0	3.79	0	0:02:50.650116
13500	0	3.72	0	0:02:51.012620
13600	0	3.67	0	0:02:50.869464
13700	0	3.53	0	0:02:50.725596
13800	0	3.79	0	0:02:50.493946
13900	0	3.67	0	0:02:50.622164
14000	0	3.72	0	0:02:50.572326
14100	0	3.79	0	0:02:50.883775
14200	1	3.63	1	0:02:50.591682
14300	0	1.51	0	0:02:50.811513
14400	0	3.79	0	0:02:50.592665
14500	0	3.79	0	0:02:50.463446
14600	0	3.63	0	0:02:51.019808
14700	0	3.72	0	0:02:50.663218
14800	0	3.72	0	0:02:50.627292
14900	0	3.72	0	0:02:50.698982
15000	0	2.46	0	0:02:50.831334
15100	0	3.72	0	0:02:50.720231
15200	0	3.79	0	0:02:50.612962
15300	0	3.79	0	0:02:50.815679
15400	0	3.67	0	0:02:50.599942
15500	0	3.67	0	0:02:50.905438
15600	0	3.79	0	0:02:50.593063
15700	0	3.79	0	0:02:50.810017
15800	0	3.79	0	0:02:50.784231
15900	0	3.72	0	0:02:51.182644
16000	0	3.67	0	0:02:50.355234
16100	0	3.6	0	0:02:50.620345
16200	0	2.0	0	0:02:50.630270
16300	0	3.67	0	0:02:50.856842
16400	0	2.77	0	0:02:50.684984
16500	0	3.72	0	0:02:50.908418
16600	0	3.79	0	0:02:50.762945
16700	0	3.72	0	0:02:50.943687
16800	0	3.79	0	0:02:51.347440
16900	0	3.79	0	0:02:52.971044
17000	1	3.67	1	0:02:52.943792
17100	0	3.79	0	0:02:53.117601
17200	0	3.72	0	0:02:52.876963
17300	0	3.79	0	0:02:53.121219
17400	0	3.79	0	0:02:53.192859
17500	0	0.432	0	0:02:53.034253
17600	0	3.72	0	0:02:53.433766
17700	0	3.72	0	0:02:53.013145
17800	0	3.79	0	0:02:52.503867
17900	0	3.79	0	0:02:52.707486
18000	0	3.72	0	0:02:52.816115
18100	1	3.58	1	0:02:52.601770
18200	0	3.79	0	0:02:52.996227
18300	0	3.79	0	0:02:52.546277
18400	0	3.72	0	0:02:52.701365
18500	0	3.79	0	0:02:53.108444
18600	0	3.63	0	0:02:52.851606
18700	0	3.72	0	0:02:52.620904
18800	0	3.72	0	0:02:52.457747
18900	0	3.67	0	0:02:52.922637
19000	0	3.79	0	0:02:53.047188
19100	0	3.72	0	0:02:53.281100
19200	0	3.67	0	0:02:52.619460
19300	0	3.79	0	0:02:53.057208
19400	0	3.67	0	0:02:52.930742
19500	0	3.79	0	0:02:53.028994
19600	0	3.33	0	0:02:52.872142
19700	0	3.6	0	0:02:52.467003
19800	1	3.26	1	0:02:52.640239
19900	0	3.79	0	0:02:52.672236
20000	0	3.79	0	0:02:52.699070
20100	0	3.79	0	0:02:52.795267
20200	0	3.36	0	0:02:52.887447
20300	0	3.79	0	0:02:52.627903
20400	0	3.79	0	0:02:52.726424
20500	0	3.79	0	0:02:52.582426
20600	0	3.67	0	0:02:52.970845
20700	0	3.58	0	0:02:52.988966
20800	0	3.42	0	0:02:52.895197
20900	0	3.6	0	0:02:52.932691
21000	0	3.72	0	0:02:52.936454
21100	0	3.79	0	0:02:53.063023
21200	0	3.72	0	0:02:52.986661
21300	0	3.32	0	0:02:52.876935
21400	0	2.31	0	0:02:52.733952
21500	0	3.67	0	0:02:53.283811
21600	0	3.72	0	0:02:52.896560
21700	0	3.72	0	0:02:53.075990
21800	0	3.79	0	0:02:52.798352
21900	0	3.67	0	0:02:52.129930
22000	0	3.72	0	0:02:51.315903
22100	0	3.72	0	0:02:51.158993
22200	0	3.72	0	0:02:50.412725
22300	0	3.6	0	0:02:50.533810
22400	0	3.79	0	0:02:50.827735
22500	0	3.79	0	0:02:50.434667
22600	0	3.72	0	0:02:50.566924
22700	0	3.72	0	0:02:50.153512
22800	0	3.72	0	0:02:50.730290
22900	0	3.79	0	0:02:50.817376
23000	0	3.79	0	0:02:50.759465
23100	0	3.79	0	0:02:50.454010
23200	0	3.72	0	0:02:50.630174
23300	0	2.8	0	0:02:50.503040
23400	0	3.63	0	0:02:50.294442
23500	0	3.79	0	0:02:49.924510
23600	0	3.72	0	0:02:50.367847
23700	0	3.67	0	0:02:50.320378
23800	0	3.45	0	0:02:50.283818
23900	0	3.79	0	0:02:50.727140
24000	0	3.6	0	0:02:50.420265
24100	0	3.67	0	0:02:50.764449
24200	0	3.67	0	0:02:50.259901
24300	0	3.72	0	0:02:50.403079
24400	0	3.58	0	0:02:50.147631
24500	0	3.79	0	0:02:50.623919
24600	0	3.67	0	0:02:49.950528
24700	0	3.67	0	0:02:50.029747
24800	0	3.63	0	0:02:50.433340
24900	0	3.79	0	0:02:51.048954
25000	0	2.44	0	0:02:51.097983
25100	0	3.67	0	0:02:51.418215
25200	0	3.67	0	0:02:50.307785
25300	0	3.35	0	0:02:50.253177
25400	0	3.67	0	0:02:50.425863
25500	0	3.72	0	0:02:50.314182
25600	0	3.6	0	0:02:51.511207
25700	1	3.63	1	0:02:51.139287
25800	0	3.67	0	0:02:50.986137
25900	1	2.23	1	0:02:51.492123
26000	0	3.72	0	0:02:51.345189
26100	0	3.79	0	0:02:50.866714
26200	0	3.72	0	0:02:51.217851
26300	0	3.79	0	0:02:50.967089
26400	0	3.79	0	0:02:50.334791
26500	0	3.72	0	0:02:51.562356
26600	0	3.72	0	0:02:50.229564
26700	0	3.63	0	0:02:50.054373
26800	0	3.67	0	0:02:49.909643
26900	0	3.79	0	0:02:50.048887
27000	0	1.69	0	0:02:50.416774
27100	0	3.79	0	0:02:51.591089
27200	0	3.79	0	0:02:50.345236
27300	0	3.79	0	0:02:50.707658
27400	0	3.53	0	0:02:50.369816
27500	0	3.36	0	0:02:50.144125
27600	1	3.21	1	0:02:50.723283
27700	0	3.67	0	0:02:50.843367
27800	0	3.67	0	0:02:50.618929
27900	0	3.67	0	0:02:50.118992
28000	0	3.72	0	0:02:50.577897
28100	0	3.67	0	0:02:50.109807
28200	0	3.79	0	0:02:50.539343
28300	0	3.79	0	0:02:50.178103
28400	0	3.79	0	0:02:50.295827
28500	0	3.63	0	0:02:50.137450
28600	0	3.72	0	0:02:50.165015
28700	1	1.75	1	0:02:50.231447
28800	0	3.79	0	0:02:49.962116
28900	0	3.67	0	0:02:50.650326
29000	0	3.72	0	0:02:50.791630
29100	0	3.67	0	0:02:51.323225
29200	0	3.79	0	0:02:51.019527
29300	0	3.58	0	0:02:51.463607
29400	0	3.67	0	0:02:50.977103
29500	0	3.72	0	0:02:51.303673
29600	0	3.72	0	0:02:50.318751
29700	0	3.72	0	0:02:51.236736
29800	0	3.79	0	0:02:51.276792
29900	0	3.79	0	0:02:51.173565
30000	0	3.79	0	0:02:50.912710
30100	0	3.6	0	0:02:51.474389
30200	0	3.67	0	0:02:51.101870
30300	0	3.79	0	0:02:50.556194
30400	0	3.67	0	0:02:50.696940
30500	0	3.72	0	0:02:50.343101
30600	0	0.169	0	0:02:50.650627
30700	0	3.79	0	0:02:49.868808
30800	0	3.67	0	0:02:49.824195
30900	0	3.72	0	0:02:50.073126
31000	0	3.72	0	0:02:50.303779
31100	1	3.1	1	0:02:49.874117
31200	0	3.63	0	0:02:50.157075
31300	0	3.67	0	0:02:50.939103
31400	0	3.79	0	0:02:50.030093
31500	0	3.72	0	0:02:50.441967
31600	0	3.58	0	0:02:50.727003
31700	0	3.72	0	0:02:50.861181
31800	0	3.63	0	0:02:51.050999
31900	0	3.79	0	0:02:51.146607
32000	0	1.79	0	0:02:51.154843
32100	1	3.58	1	0:02:50.052702
32200	0	3.67	0	0:02:50.248961
32300	0	3.79	0	0:02:51.213197
32400	0	3.53	0	0:02:50.687145
32500	0	3.58	0	0:02:51.000287
32600	0	3.63	0	0:02:51.300259
32700	0	3.72	0	0:02:50.161212
32800	0	3.79	0	0:02:50.180210
32900	1	2.72	1	0:02:50.374674
33000	0	3.67	0	0:02:50.647567
33100	0	3.72	0	0:02:50.526538
33200	0	3.63	0	0:02:50.301471
33300	0	3.55	0	0:02:51.306807
33400	0	3.72	0	0:02:50.849751
33500	0	3.79	0	0:02:51.150888
33600	0	3.72	0	0:02:51.258293
33700	0	3.79	0	0:02:51.631705
33800	0	3.63	0	0:02:50.747927
33900	0	3.63	0	0:02:50.148170
34000	0	3.67	0	0:02:50.713641
34100	0	3.72	0	0:02:51.105645
34200	0	3.67	0	0:02:51.362628
34300	0	3.67	0	0:02:50.576608
34400	1	2.54	1	0:02:50.888304
34500	0	3.72	0	0:02:51.411300
34600	0	3.49	0	0:02:50.481435
34700	1	3.58	1	0:02:50.906412
34800	0	3.63	0	0:02:50.426937
34900	0	3.79	0	0:02:51.015053
35000	0	3.79	0	0:02:51.020656
35100	0	3.72	0	0:02:50.468114
35200	0	3.79	0	0:02:50.808142
35300	0	3.67	0	0:02:50.366273
35400	0	0.989	0	0:02:50.981395
35500	0	3.72	0	0:02:50.698395
35600	0	3.67	0	0:02:51.198656
35700	0	3.53	0	0:02:50.614496
35800	0	3.79	0	0:02:50.522859
35900	0	3.72	0	0:02:50.875887
36000	0	3.67	0	0:02:50.350379
36100	0	2.96	0	0:02:50.758380
36200	0	3.79	0	0:02:50.938074
36300	0	3.79	0	0:02:49.932948
36400	0	3.51	0	0:02:50.142616
36500	0	3.67	0	0:02:50.882132
36600	0	0.638	0	0:02:51.251331
36700	0	3.22	0	0:02:50.743221
36800	1	2.67	1	0:02:50.563352
36900	0	3.67	0	0:02:50.489528
37000	0	3.79	0	0:02:50.876412
37100	0	3.72	0	0:02:50.978888
37200	0	3.79	0	0:02:50.200755
37300	1	3.72	1	0:02:50.324572
37400	0	3.72	0	0:02:50.624432
37500	0	3.55	0	0:02:50.034870
37600	0	3.79	0	0:02:50.075500
37700	0	3.63	0	0:02:50.391812
37800	0	3.72	0	0:02:50.683649
37900	0	3.79	0	0:02:50.395560
38000	0	3.72	0	0:02:50.172908
38100	0	3.72	0	0:02:50.937962
38200	0	3.79	0	0:02:50.747898
38300	1	3.41	1	0:02:50.923242
38400	0	3.79	0	0:02:51.039456
38500	0	3.79	0	0:02:50.530498
38600	0	3.79	0	0:02:50.366675
38700	0	3.79	0	0:02:50.315754
38800	0	3.72	0	0:02:50.068731
38900	0	3.79	0	0:02:50.515547
39000	0	3.6	0	0:02:50.752624
39100	0	3.72	0	0:02:51.450401
39200	0	3.58	0	0:02:51.465981
39300	0	3.72	0	0:02:51.203990
39400	0	3.79	0	0:02:51.324060
39500	0	3.72	0	0:02:51.280957
39600	0	3.79	0	0:02:50.270408
39700	0	3.67	0	0:02:50.812968
39800	0	1.22	0	0:02:50.709208
39900	0	3.6	0	0:02:50.452939
40000	0	1.78	0	0:02:51.231251
40100	0	3.67	0	0:02:51.055270
40200	0	3.72	0	0:02:51.215848
40300	0	3.63	0	0:02:51.041369
40400	0	3.67	0	0:02:51.042463
40500	0	3.72	0	0:02:51.056086
40600	1	3.67	1	0:02:50.873881
40700	0	3.72	0	0:02:50.908244
40800	0	3.63	0	0:02:50.894528
40900	0	3.72	0	0:02:50.925428
41000	0	3.72	0	0:02:50.351311
41100	0	1.94	0	0:02:50.465327
41200	0	3.67	0	0:02:50.606806
41300	0	3.67	0	0:02:50.227378
41400	0	3.63	0	0:02:51.325914
41500	0	3.79	0	0:02:51.303772
41600	0	3.17	0	0:02:50.804041
41700	0	3.72	0	0:02:50.620613
41800	0	3.63	0	0:02:50.707610
41900	0	3.79	0	0:02:50.779243
42000	0	3.79	0	0:02:51.004460
42100	0	3.67	0	0:02:50.882435
42200	0	3.79	0	0:02:51.048869
42300	0	3.72	0	0:02:51.045927
42400	0	3.72	0	0:02:50.539828
42500	0	3.63	0	0:02:50.970938
42600	1	0.953	1	0:02:51.475001
42700	0	3.79	0	0:02:51.095140
42800	0	3.63	0	0:02:51.300505
42900	0	3.79	0	0:02:51.305494
43000	0	3.72	0	0:02:50.891492
43100	0	3.79	0	0:02:51.157601
43200	0	3.72	0	0:02:50.798209
43300	0	3.79	0	0:02:51.183851
43400	0	3.79	0	0:02:51.250498
43500	0	3.79	0	0:02:51.454839
43600	0	3.79	0	0:02:51.552484
43700	0	3.79	0	0:02:53.792098
43800	0	3.79	0	0:02:54.167026
43900	0	3.79	0	0:02:53.421149
44000	0	3.79	0	0:02:53.694038
44100	0	3.67	0	0:02:53.872266
44200	0	3.72	0	0:02:53.713835
44300	0	3.79	0	0:02:53.210612
44400	0	3.72	0	0:02:53.392133
44500	0	3.72	0	0:02:53.884152
44600	0	3.72	0	0:02:53.078286
44700	0	3.79	0	0:02:53.666836
44800	0	3.79	0	0:02:53.748940
44900	0	3.79	0	0:02:53.448025
45000	0	1.09	0	0:02:53.867075
45100	0	3.08	0	0:02:54.012045
45200	0	3.79	0	0:02:53.525162
45300	0	3.03	0	0:02:53.561072
45400	0	3.67	0	0:02:53.413901
45500	0	0.695	0	0:02:53.577157
45600	0	3.67	0	0:02:54.121572
45700	0	2.26	0	0:02:53.350351
45800	0	0.33	0	0:02:54.250566
45900	0	0.56	0	0:02:53.636676
46000	0	3.67	0	0:02:53.448945
46100	0	3.72	0	0:02:53.132597
46200	0	3.58	0	0:02:53.266018
46300	0	3.41	0	0:02:53.242014
46400	0	3.67	0	0:02:53.699398
46500	0	3.79	0	0:02:53.193501
46600	0	3.67	0	0:02:53.600280
46700	0	3.67	0	0:02:53.773206
46800	0	3.6	0	0:02:53.174529
46900	0	3.79	0	0:02:53.897611
47000	0	3.72	0	0:02:53.823008
47100	0	1.48	0	0:02:53.612170
47200	0	3.67	0	0:02:53.317237
47300	0	3.31	0	0:02:53.448178
47400	0	3.79	0	0:02:53.547309
47500	0	3.72	0	0:02:53.173953
47600	1	2.24	1	0:02:53.485005
47700	0	3.72	0	0:02:53.519272
47800	0	3.72	0	0:02:52.766443
47900	0	3.72	0	0:02:53.122555
48000	0	3.79	0	0:02:52.515609
48100	0	3.79	0	0:02:52.556732
48200	0	3.67	0	0:02:50.141013
48300	0	3.67	0	0:02:50.332723
48400	0	3.67	0	0:02:50.483379
48500	0	3.72	0	0:02:50.566922
48600	0	3.67	0	0:02:50.184463
48700	0	1.83	0	0:02:50.141639
48800	0	3.6	0	0:02:50.435527
48900	0	3.67	0	0:02:50.468439
49000	0	0.842	0	0:02:50.221537
49100	0	3.79	0	0:02:50.335388
49200	1	3.48	1	0:02:50.795077
49300	1	3.67	1	0:02:50.100486
49400	0	3.79	0	0:02:49.941875
49500	0	3.72	0	0:02:50.156472
49600	0	3.63	0	0:02:50.545579
49700	0	2.78	0	0:02:50.142152
49800	0	3.72	0	0:02:51.227338
49900	0	3.72	0	0:02:50.459588
