idx	mean	std	min	25 percentile	50 percentile	75 percentile	max
0	0.6286	0.05788	0.3796	0.5914	0.6341	0.6676	0.7811
100	0.1786	0.03477	0.09209	0.1529	0.1789	0.2028	0.2833
200	0.7755	0.0514	0.4584	0.7585	0.7873	0.8086	0.8576
300	0.2131	0.04703	0.07082	0.1848	0.2116	0.2369	0.3824
400	0.4555	0.1789	0.09411	0.3022	0.4648	0.6081	0.809
500	0.01413	0.009948	0.001969	0.007811	0.01153	0.01775	0.09462
600	0.5945	0.07644	0.2391	0.5565	0.6073	0.644	0.7546
700	0.1174	0.08561	0.00526	0.05031	0.09386	0.1658	0.5795
800	0.4489	0.1445	0.07626	0.3442	0.4596	0.5568	0.7814
900	0.568	0.05542	0.2295	0.5412	0.5719	0.604	0.6925
1000	0.6068	0.09633	0.1326	0.5522	0.6227	0.679	0.788
1100	0.2453	0.03286	0.1217	0.2242	0.2485	0.2686	0.3315
1200	0.01189	0.01953	8.732e-05	0.002688	0.006047	0.01278	0.2579
1300	0.6089	0.06857	0.4192	0.5613	0.612	0.6577	0.7802
1400	0.7201	0.02471	0.6084	0.704	0.7209	0.7368	0.7832
1500	0.4596	0.0691	0.245	0.4153	0.4629	0.5091	0.6446
1600	0.4957	0.07121	0.2327	0.4568	0.5024	0.5469	0.6662
1700	0.7167	0.04819	0.4539	0.6892	0.7227	0.7494	0.8212
1800	0.1312	0.02144	0.07755	0.1198	0.1276	0.1371	0.2778
1900	0.5375	0.04943	0.4043	0.504	0.5362	0.5704	0.6856
2000	0.5514	0.05992	0.1831	0.5327	0.5629	0.5879	0.6613
2100	0.6834	0.04444	0.5241	0.6545	0.6875	0.7129	0.8047
2200	0.3088	0.05974	0.1744	0.2612	0.3068	0.3498	0.4707
2300	0.102	0.01408	0.08114	0.09401	0.09878	0.1058	0.1977
2400	0.8108	0.04296	0.6194	0.7899	0.8165	0.8403	0.8948
2500	0.5052	0.05649	0.3169	0.4714	0.5117	0.5459	0.646
2600	0.2586	0.06691	0.08593	0.2082	0.2568	0.3012	0.5268
2700	0.02762	0.01387	0.004878	0.01832	0.02466	0.03337	0.1054
2800	0.02193	0.01225	0.003842	0.01337	0.01914	0.02685	0.08657
2900	0.5841	0.0752	0.2725	0.5427	0.5954	0.6411	0.7533
3000	0.2336	0.02654	0.1442	0.2148	0.2345	0.2523	0.3207
3100	0.2511	0.06194	0.114	0.2072	0.2418	0.2884	0.4569
3200	0.2344	0.03643	0.1639	0.2057	0.2292	0.2575	0.3964
3300	0.6618	0.08606	0.2332	0.6315	0.6834	0.719	0.7857
3400	0.1733	0.07515	0.01604	0.1109	0.1664	0.224	0.3574
3500	0.03073	0.01532	0.007791	0.01958	0.0274	0.03778	0.1453
3600	0.3683	0.09104	0.1579	0.3008	0.3667	0.4285	0.6178
3700	0.4301	0.1153	0.1248	0.3497	0.4479	0.5169	0.7067
3800	0.6063	0.06199	0.3211	0.5681	0.6177	0.6494	0.7513
3900	0.2616	0.04292	0.1449	0.2359	0.2612	0.2876	0.4057
4000	0.002768	0.002549	0.0001938	0.001083	0.001989	0.003428	0.02013
4100	0.2931	0.07327	0.1331	0.2414	0.2834	0.3302	0.5817
4200	0.5466	0.1226	0.1817	0.4599	0.5474	0.6433	0.8073
4300	0.5373	0.1073	0.03985	0.4714	0.5485	0.6168	0.7427
4400	0.3462	0.1039	0.07369	0.2755	0.3604	0.4266	0.5719
4500	0.1829	0.1221	0.008253	0.08007	0.1569	0.2681	0.5777
4600	0.491	0.113	0.07496	0.4349	0.5163	0.5734	0.6757
4700	0.1076	0.02942	0.02012	0.08928	0.115	0.1286	0.1581
4800	2.966e-05	2.592e-05	2.678e-06	1.436e-05	2.273e-05	3.749e-05	0.000329
4900	0.5173	0.06664	0.3036	0.4775	0.52	0.5618	0.6836
5000	0.007792	0.006762	0.0005011	0.003664	0.005703	0.009652	0.05828
5100	0.4312	0.1161	0.08078	0.362	0.4442	0.5105	0.7103
5200	0.3863	0.07619	0.1892	0.3291	0.3806	0.437	0.6159
5300	0.2475	0.0718	0.07508	0.195	0.2448	0.2929	0.4704
5400	0.6049	0.07439	0.3666	0.5562	0.6161	0.661	0.7564
5500	0.1239	0.0298	0.07933	0.1058	0.1163	0.1319	0.3293
5600	0.7977	0.03738	0.673	0.774	0.8037	0.824	0.8764
5700	0.5978	0.03871	0.2749	0.5758	0.5997	0.6226	0.7035
5800	0.08669	0.04739	0.01789	0.05316	0.07617	0.1096	0.3399
5900	0.3489	0.0639	0.1711	0.306	0.3512	0.3904	0.5369
6000	0.5762	0.04512	0.4039	0.5498	0.579	0.6085	0.6853
6100	0.4041	0.0545	0.2139	0.3687	0.4097	0.4414	0.5538
6200	0.6984	0.03318	0.5136	0.6795	0.7036	0.721	0.7731
6300	0.5084	0.08384	0.117	0.4622	0.5231	0.5673	0.66
6400	0.05956	0.01756	0.02526	0.04731	0.05769	0.06878	0.1456
6500	0.2351	0.04329	0.09037	0.2097	0.2344	0.2619	0.3673
6600	0.07567	0.02113	0.02967	0.05958	0.07327	0.09087	0.1344
6700	0.578	0.07269	0.3159	0.5264	0.5908	0.6348	0.7218
6800	6.708e-05	8.753e-05	2.385e-06	2.176e-05	3.938e-05	7.851e-05	0.001092
6900	0.08708	0.05789	0.008729	0.04417	0.07081	0.1156	0.4536
7000	0.0253	0.01109	0.00696	0.01724	0.02264	0.03149	0.06739
7100	0.317	0.08669	0.09885	0.253	0.3122	0.3742	0.5598
7200	0.2777	0.09926	0.08032	0.1976	0.2739	0.3406	0.6328
7300	0.6113	0.06414	0.3553	0.5788	0.6193	0.6586	0.748
7400	0.0121	0.01389	0.0007178	0.004267	0.007929	0.01437	0.1405
7500	0.6118	0.08297	0.3487	0.5517	0.6198	0.6758	0.7834
7600	0.08595	0.02208	0.02501	0.06985	0.09072	0.1034	0.1688
7700	0.4384	0.06498	0.1591	0.3986	0.4374	0.4807	0.6136
7800	0.03173	0.01671	0.005567	0.01917	0.0287	0.04024	0.1016
7900	0.5051	0.06726	0.339	0.4571	0.5	0.5445	0.7426
8000	0.1787	0.05009	0.04092	0.1452	0.177	0.2069	0.4248
8100	0.3912	0.08977	0.1626	0.3285	0.3909	0.4517	0.6442
8200	0.5668	0.06507	0.3112	0.528	0.5694	0.6077	0.8089
8300	0.2301	0.02952	0.1579	0.2098	0.2267	0.2477	0.3482
8400	0.7701	0.02745	0.6257	0.7545	0.7727	0.7894	0.824
8500	0.5123	0.06838	0.2771	0.4746	0.5151	0.5535	0.7583
8600	0.3033	0.08476	0.1045	0.2385	0.3013	0.3598	0.5416
8700	0.3831	0.09978	0.1136	0.3141	0.3885	0.4591	0.6049
8800	0.2862	0.06066	0.1204	0.2416	0.2909	0.331	0.4239
8900	0.08086	0.04946	0.01175	0.04469	0.06981	0.1011	0.3445
9000	0.6171	0.0685	0.455	0.5647	0.6184	0.6653	0.7952
9100	0.6448	0.05419	0.4851	0.608	0.6496	0.6841	0.773
9200	0.5482	0.04702	0.3398	0.5214	0.5518	0.5795	0.6902
9300	0.3321	0.04365	0.1527	0.3111	0.3382	0.3622	0.4378
9400	0.5432	0.0609	0.2971	0.5091	0.5495	0.5843	0.6824
9500	0.01153	0.007324	0.002007	0.00692	0.009872	0.01404	0.05799
9600	0.5535	0.04799	0.3986	0.523	0.5545	0.5866	0.6844
9700	0.6233	0.0633	0.3448	0.5871	0.6348	0.6691	0.7384
9800	0.316	0.06303	0.1301	0.2736	0.3181	0.3584	0.5009
9900	0.5201	0.08832	0.1889	0.4778	0.525	0.5708	0.7635
10000	0.3823	0.04112	0.2245	0.3571	0.3836	0.4073	0.4937
10100	0.423	0.03221	0.2729	0.4036	0.4205	0.4412	0.5637
10200	0.153	0.02764	0.1056	0.1341	0.147	0.168	0.3793
10300	0.3045	0.05547	0.1517	0.2659	0.2994	0.3395	0.5216
10400	0.5153	0.08017	0.2822	0.4549	0.516	0.5647	0.7494
10500	0.5671	0.07265	0.3404	0.52	0.5672	0.6147	0.758
10600	0.3348	0.08888	0.1239	0.2712	0.3179	0.3917	0.6798
10700	0.5029	0.04378	0.329	0.4742	0.5021	0.5315	0.6562
10800	0.5135	0.0458	0.3396	0.4846	0.5188	0.5472	0.6253
10900	0.05547	0.01223	0.02924	0.04693	0.05411	0.06188	0.1038
11000	0.5545	0.1516	0.1475	0.4399	0.5701	0.6802	0.8282
11100	0.3907	0.0504	0.229	0.3578	0.3936	0.4224	0.5542
11200	0.7269	0.07053	0.4339	0.6945	0.7418	0.7743	0.8513
11300	0.179	0.06658	0.04186	0.1314	0.169	0.221	0.3648
11400	0.4513	0.1054	0.1446	0.3787	0.4629	0.5278	0.6952
11500	0.09811	0.00859	0.07455	0.09269	0.09771	0.1034	0.1338
11600	0.2825	0.03379	0.1027	0.2608	0.2839	0.3068	0.3684
11700	0.36	0.02982	0.2852	0.3395	0.3591	0.3787	0.4655
11800	0.658	0.0473	0.4955	0.6293	0.6638	0.6914	0.7673
11900	0.1816	0.01781	0.1446	0.1701	0.1794	0.19	0.2899
12000	0.1956	0.03699	0.1089	0.1703	0.1962	0.2208	0.2993
12100	0.3873	0.03135	0.2785	0.3642	0.3878	0.4106	0.4637
12200	0.1779	0.08942	0.02238	0.106	0.1664	0.2328	0.5328
12300	0.5466	0.05344	0.3709	0.5147	0.5464	0.5822	0.7307
12400	0.1692	0.007969	0.1536	0.1642	0.1677	0.1722	0.2015
12500	0.7305	0.0663	0.3802	0.6922	0.7395	0.7813	0.8606
12600	0.5161	0.06279	0.000177	0.4813	0.5214	0.5605	0.6738
12700	0.4439	0.1311	0.1058	0.3673	0.4708	0.5414	0.6928
12800	0.05843	0.01698	0.02657	0.04672	0.05604	0.06886	0.1532
12900	0.4881	0.04949	0.3546	0.4513	0.4868	0.5221	0.6667
13000	0.07281	0.0306	0.01435	0.05024	0.06993	0.09199	0.2696
13100	0.04019	0.02296	0.006583	0.02325	0.03623	0.05176	0.1658
13200	0.1925	0.02768	0.1298	0.1725	0.1878	0.2074	0.3004
13300	0.1678	0.02477	0.116	0.15	0.1652	0.181	0.2952
13400	0.4859	0.1351	0.1262	0.3886	0.5205	0.5954	0.711
13500	0.1485	0.05183	0.04914	0.1083	0.1395	0.1788	0.4094
13600	0.3683	0.05418	0.2327	0.334	0.3594	0.395	0.59
13700	0.1157	0.05521	0.02696	0.0773	0.1043	0.1409	0.3925
13800	0.1938	0.06931	0.06441	0.1455	0.1812	0.2327	0.5091
13900	0.3152	0.07492	0.1479	0.2607	0.3052	0.3657	0.5616
14000	0.528	0.151	0.1279	0.4137	0.5392	0.6423	0.829
14100	0.1548	0.008533	0.1168	0.1498	0.1557	0.1605	0.1845
14200	7.582e-05	5.622e-05	7.946e-06	4.074e-05	5.967e-05	9.465e-05	0.000476
14300	0.0312	0.02265	0.004816	0.01573	0.02442	0.03885	0.1422
14400	0.2859	0.1629	0.09197	0.1604	0.2286	0.3778	0.7757
14500	0.1147	0.0118	0.07489	0.1074	0.1149	0.1214	0.1567
14600	0.08004	0.01442	0.01936	0.07034	0.08094	0.09132	0.1155
14700	0.2358	0.1211	0.03222	0.1434	0.21	0.3082	0.7225
14800	0.5187	0.1114	0.2087	0.439	0.5267	0.6069	0.7671
14900	0.679	0.04382	0.5692	0.6495	0.6797	0.706	0.839
15000	0.1448	0.09665	0.009282	0.07236	0.1312	0.1981	0.5021
15100	0.3665	0.04618	0.2323	0.3335	0.3667	0.3983	0.5358
15200	0.4653	0.07611	0.1789	0.4283	0.4782	0.5184	0.6213
15300	0.4793	0.1011	0.2116	0.4082	0.481	0.5483	0.7665
15400	0.2547	0.03035	0.1578	0.2337	0.2537	0.2754	0.3356
15500	0.3222	0.08028	0.1011	0.2616	0.3212	0.3807	0.5605
15600	0.8163	0.04306	0.6243	0.7939	0.8224	0.8466	0.9079
15700	0.2477	0.03629	0.1569	0.2228	0.2478	0.2742	0.3399
15800	0.1197	0.03029	0.03988	0.1024	0.1189	0.1357	0.2369
15900	0.5233	0.1271	0.083	0.4497	0.5392	0.6175	0.766
16000	0.05835	0.01655	0.0285	0.04668	0.0558	0.06652	0.1307
16100	0.4457	0.06585	0.2815	0.3971	0.4404	0.4869	0.651
16200	0.01814	0.005226	0.004879	0.01451	0.01763	0.02108	0.04027
16300	0.06637	0.01863	0.02176	0.05213	0.06595	0.08035	0.1609
16400	0.05956	0.03837	0.007116	0.03459	0.05128	0.0716	0.2589
16500	0.4666	0.04701	0.3414	0.4366	0.4659	0.4992	0.5906
16600	0.4983	0.04656	0.3743	0.4655	0.4991	0.5284	0.6465
16700	0.588	0.139	0.0629	0.5015	0.6318	0.692	0.7894
16800	0.4986	0.07271	0.2805	0.4508	0.5021	0.5484	0.7514
16900	0.6253	0.03945	0.429	0.6026	0.6289	0.6505	0.7235
17000	0.0002007	0.0001269	3.435e-05	0.0001153	0.0001679	0.0002482	0.001145
17100	0.4214	0.05872	0.2086	0.3789	0.4268	0.46	0.5914
17200	0.4908	0.07035	0.2896	0.4474	0.4909	0.5385	0.6829
17300	0.5296	0.06898	0.2944	0.4831	0.5311	0.5716	0.7034
17400	0.1934	0.03885	0.0951	0.1683	0.1868	0.2164	0.371
17500	0.0169	0.01158	0.002359	0.009325	0.01349	0.02092	0.0916
17600	0.654	0.06665	0.344	0.6255	0.6688	0.6995	0.7747
17700	0.3623	0.06209	0.1633	0.3203	0.3688	0.4071	0.5025
17800	0.625	0.04806	0.4211	0.5985	0.6308	0.66	0.7288
17900	0.1879	0.04898	0.1043	0.1535	0.1773	0.2083	0.4146
18000	0.4877	0.08076	0.2391	0.4327	0.4885	0.5425	0.6938
18100	0.0003091	0.0002887	1.202e-05	0.0001255	0.0002282	0.0004021	0.002561
18200	0.4109	0.1176	0.1332	0.3274	0.4163	0.4981	0.7009
18300	0.4386	0.09679	0.1482	0.3771	0.443	0.5033	0.6779
18400	0.3534	0.1012	2.768e-06	0.2848	0.3539	0.425	0.6154
18500	0.06758	0.01861	0.02352	0.05342	0.06577	0.07781	0.1502
18600	0.5048	0.06153	0.2961	0.4653	0.5078	0.5506	0.6518
18700	0.7123	0.06475	0.4148	0.6807	0.7241	0.7613	0.8251
18800	0.3283	0.1005	0.05368	0.2544	0.3402	0.404	0.5589
18900	0.698	0.07722	0.1877	0.6628	0.7072	0.749	0.8436
19000	0.3243	0.06566	0.1504	0.2788	0.3156	0.3601	0.5633
19100	0.2777	0.1754	0.01329	0.1265	0.2414	0.4013	0.8172
19200	0.5136	0.08042	0.1972	0.4718	0.5192	0.5636	0.7681
19300	0.3789	0.07315	0.2203	0.3246	0.3692	0.4274	0.5939
19400	0.534	0.1101	0.07906	0.4781	0.5561	0.6137	0.7351
19500	0.2301	0.03683	0.1087	0.2078	0.2318	0.2549	0.3379
19600	0.08471	0.04925	0.01296	0.05076	0.07313	0.1041	0.3411
19700	0.6928	0.03397	0.5501	0.6742	0.6966	0.7154	0.7911
19800	0.0006999	0.0006806	2.05e-05	0.0002712	0.0004951	0.000902	0.006329
19900	0.6496	0.07802	0.3114	0.6144	0.6641	0.7036	0.7981
20000	0.4976	0.09331	0.1859	0.4326	0.5041	0.5712	0.733
20100	0.6038	0.1113	0.1991	0.5442	0.6332	0.6871	0.7812
20200	0.1332	0.08573	0.01717	0.07098	0.1085	0.1752	0.4974
20300	0.3824	0.07305	0.1561	0.3285	0.3857	0.4349	0.5547
20400	0.6731	0.04948	0.4365	0.6506	0.6822	0.7065	0.765
20500	0.7053	0.05482	0.2636	0.6808	0.7117	0.7427	0.803
20600	0.6708	0.05275	0.4976	0.6382	0.6735	0.7093	0.7931
20700	0.363	0.0703	0.1517	0.3155	0.3607	0.412	0.5431
20800	0.03783	0.01316	0.01475	0.02852	0.03521	0.04412	0.09346
20900	0.1677	0.04043	0.07339	0.1365	0.1662	0.1934	0.3307
21000	0.6998	0.06054	0.4773	0.6684	0.7058	0.7445	0.8277
21100	0.7271	0.06828	0.4467	0.6883	0.7374	0.7761	0.8475
21200	0.5073	0.05655	0.3462	0.4687	0.5049	0.5423	0.6917
21300	0.07871	0.05664	0.01202	0.04259	0.06568	0.09584	0.5254
21400	0.1378	0.09873	0.00441	0.05688	0.1089	0.2057	0.4373
21500	0.6231	0.1155	0.2715	0.5569	0.6221	0.7101	0.8749
21600	0.5173	0.05114	0.2522	0.4973	0.5247	0.5506	0.6132
21700	0.5405	0.05257	0.3487	0.5058	0.5438	0.5775	0.6507
21800	0.1972	0.07102	0.07407	0.145	0.1836	0.2336	0.4681
21900	0.5424	0.03206	0.4474	0.5206	0.5431	0.5633	0.6349
22000	0.6812	0.04443	0.4643	0.6629	0.6882	0.7108	0.7609
22100	0.169	0.04714	0.05981	0.1353	0.1651	0.2007	0.3319
22200	0.7461	0.03213	0.6305	0.7269	0.7477	0.7698	0.8192
22300	0.6976	0.0357	0.5107	0.6795	0.7021	0.7236	0.7634
22400	0.4758	0.04453	0.3381	0.4462	0.4799	0.5072	0.5907
22500	0.6657	0.0417	0.3994	0.6434	0.6706	0.6931	0.7717
22600	0.6536	0.03518	0.414	0.6376	0.6587	0.6761	0.7309
22700	0.2177	0.02965	0.1076	0.2001	0.2204	0.2391	0.2958
22800	0.5339	0.03847	0.3435	0.5081	0.5367	0.563	0.6226
22900	0.4671	0.04552	0.3329	0.4368	0.4689	0.4986	0.6374
23000	0.3153	0.03859	0.2231	0.2871	0.3088	0.3391	0.4426
23100	0.776	0.04231	0.5692	0.7544	0.7823	0.8048	0.8572
23200	0.4617	0.05726	0.2704	0.427	0.4669	0.5015	0.6123
23300	0.114	0.08241	0.008138	0.0552	0.08983	0.154	0.5497
23400	0.1691	0.02856	0.08854	0.1505	0.1677	0.1869	0.2478
23500	0.666	0.06569	0.4739	0.6221	0.67	0.7117	0.8089
23600	0.07396	0.02415	0.02977	0.05915	0.07021	0.0831	0.3101
23700	0.4189	0.07149	0.08306	0.3773	0.4264	0.469	0.5884
23800	0.1791	0.1045	0.01841	0.09986	0.1583	0.2346	0.5203
23900	0.3675	0.02785	0.2831	0.3478	0.367	0.3858	0.4734
24000	0.5241	0.06293	0.297	0.4869	0.5259	0.5646	0.6947
24100	0.5453	0.04457	0.3901	0.5162	0.5476	0.5784	0.6576
24200	0.06379	0.01666	0.03311	0.05216	0.0619	0.07333	0.1501
24300	0.1111	0.01676	0.07967	0.1032	0.1076	0.1135	0.2765
24400	0.5306	0.1148	0.1658	0.455	0.5456	0.6204	0.7594
24500	0.6032	0.07027	0.308	0.563	0.6103	0.6525	0.7451
24600	0.4423	0.1116	0.09996	0.3593	0.4649	0.5294	0.6438
24700	0.2025	0.07262	0.0759	0.1436	0.1914	0.2551	0.4052
24800	0.4551	0.04349	0.249	0.429	0.4563	0.4819	0.601
24900	0.2061	0.1097	0.01674	0.1187	0.1878	0.2658	0.6211
25000	0.2531	0.169	0.003288	0.109	0.2232	0.3726	0.7277
25100	0.28	0.06175	0.1287	0.2333	0.2772	0.3256	0.4391
25200	0.6555	0.07883	0.2794	0.6319	0.6817	0.7065	0.7559
25300	0.2286	0.1142	0.0132	0.1366	0.226	0.3166	0.5487
25400	0.107	0.006486	0.07913	0.103	0.1077	0.1115	0.1226
25500	0.1787	0.05626	0.05684	0.137	0.1748	0.2154	0.3347
25600	0.7013	0.04075	0.3066	0.6827	0.7069	0.7263	0.7802
25700	6.634e-05	4.792e-05	7.506e-06	3.25e-05	5.167e-05	8.571e-05	0.000351
25800	0.7171	0.03775	0.5817	0.6914	0.7212	0.7451	0.7953
25900	0.00346	0.002106	0.0005461	0.002006	0.002934	0.004251	0.01697
26000	0.544	0.1144	7.323e-08	0.489	0.5659	0.6226	0.8032
26100	0.523	0.1077	0.1895	0.4566	0.5348	0.6055	0.7527
26200	0.6358	0.04606	0.4675	0.6079	0.6413	0.6671	0.7416
26300	0.2862	0.02204	0.2302	0.2703	0.2847	0.3014	0.3841
26400	0.7124	0.03698	0.5497	0.6896	0.7133	0.7378	0.8055
26500	0.5759	0.0439	0.299	0.5536	0.5834	0.6061	0.6602
26600	0.4362	0.1366	0.103	0.3333	0.4415	0.543	0.7172
26700	0.8051	0.0294	0.5751	0.7905	0.8089	0.8234	0.8626
26800	0.36	0.09685	0.116	0.2892	0.3701	0.4357	0.6164
26900	0.09249	0.03449	0.0305	0.0671	0.08698	0.1138	0.2443
27000	0.06764	0.05829	0.001514	0.02766	0.05058	0.08374	0.3544
27100	0.5879	0.07908	0.3153	0.5424	0.6004	0.6452	0.7429
27200	0.3316	0.09205	0.06202	0.265	0.3324	0.3926	0.6098
27300	0.2772	0.07273	0.1319	0.2217	0.2658	0.3322	0.5188
27400	0.1283	0.07784	0.01812	0.07222	0.1131	0.1638	0.4871
27500	0.05471	0.02673	0.0118	0.03638	0.0497	0.06671	0.2277
27600	0.001223	0.0009472	0.0001489	0.0006033	0.0009757	0.001503	0.006051
27700	0.4759	0.1537	0.1228	0.3644	0.4898	0.5921	0.8149
27800	0.1114	0.03334	0.02924	0.08727	0.113	0.1314	0.2294
27900	0.5605	0.06852	0.3752	0.5124	0.5601	0.6051	0.7282
28000	0.1643	0.04853	0.05529	0.1288	0.1644	0.2004	0.3145
28100	0.2305	0.05811	0.06949	0.1906	0.2295	0.2717	0.4154
28200	0.8025	0.04934	0.5664	0.7764	0.8103	0.8369	0.9044
28300	0.6823	0.07389	0.3544	0.6429	0.6961	0.7375	0.8079
28400	0.3612	0.0438	0.216	0.3353	0.3649	0.3939	0.4861
28500	0.5273	0.03677	0.3915	0.5043	0.5319	0.5528	0.6137
28600	0.3892	0.04842	0.2377	0.3555	0.3911	0.4237	0.547
28700	0.003527	0.002835	0.0003267	0.001646	0.002646	0.004517	0.01824
28800	0.7099	0.02411	0.5243	0.6983	0.7123	0.7246	0.764
28900	0.7254	0.04715	0.4752	0.6965	0.7334	0.7591	0.8278
29000	0.5586	0.07818	0.2504	0.5082	0.5603	0.616	0.7387
29100	0.7683	0.05445	0.3438	0.7468	0.7762	0.8035	0.8501
29200	0.4268	0.08368	0.1834	0.3686	0.4249	0.4883	0.6285
29300	0.08995	0.03375	0.02108	0.06416	0.08849	0.1112	0.209
29400	0.1048	0.04401	0.02716	0.07161	0.09914	0.1287	0.2631
29500	0.1822	0.03423	0.07213	0.1603	0.1881	0.2086	0.2504
29600	0.4225	0.04156	0.2685	0.3972	0.4231	0.4502	0.5568
29700	0.6071	0.0637	0.3205	0.5661	0.6155	0.6555	0.7177
29800	0.6443	0.05171	0.4302	0.6183	0.649	0.6786	0.756
29900	0.4325	0.03331	0.3432	0.4086	0.4334	0.4545	0.5529
30000	0.4201	0.09688	0.0725	0.3595	0.4362	0.4923	0.6197
30100	0.2078	0.06478	0.07489	0.1611	0.2039	0.2505	0.4221
30200	0.5786	0.0631	0.3856	0.5363	0.5798	0.6246	0.7289
30300	0.2116	0.09036	0.02242	0.1422	0.1969	0.2645	0.5277
30400	0.5579	0.07828	0.281	0.517	0.5669	0.613	0.7124
30500	0.4565	0.0722	0.2023	0.4113	0.4604	0.5101	0.6487
30600	0.01623	0.01601	0.001103	0.007179	0.01109	0.02006	0.1524
30700	0.7244	0.03952	0.5461	0.7069	0.7302	0.7509	0.8094
30800	0.7485	0.03683	0.5107	0.7285	0.7551	0.7738	0.8257
30900	0.6959	0.05178	0.4846	0.6647	0.701	0.7359	0.7929
31000	0.6367	0.05046	0.3956	0.6073	0.6407	0.6659	0.7545
31100	0.001303	0.0009831	0.0001324	0.000665	0.001075	0.001624	0.008601
31200	0.6926	0.03219	0.5385	0.6726	0.6968	0.7141	0.7714
31300	0.5614	0.0235	0.4897	0.5458	0.5622	0.5768	0.6232
31400	0.5514	0.05697	0.3464	0.5196	0.5619	0.5947	0.6624
31500	0.6701	0.03675	0.4967	0.65	0.6759	0.6971	0.7401
31600	0.244	0.01244	0.1997	0.237	0.2455	0.2525	0.274
31700	0.05439	0.02005	0.01572	0.03976	0.05134	0.06594	0.173
31800	0.07891	0.008078	0.05545	0.07354	0.07913	0.08419	0.1005
31900	0.3273	0.03811	0.2129	0.3006	0.3272	0.3547	0.4236
32000	0.05653	0.06072	0.003528	0.02282	0.03924	0.06658	0.5987
32100	0.000382	0.0002014	6.245e-05	0.0002379	0.0003365	0.0004802	0.00149
32200	0.1575	0.0275	0.06423	0.1408	0.1593	0.176	0.2487
32300	0.1737	0.06721	0.03733	0.1243	0.1683	0.2101	0.4246
32400	0.4332	0.06154	0.2691	0.3887	0.4347	0.4714	0.6631
32500	0.8187	0.03201	0.687	0.7991	0.8241	0.8411	0.8851
32600	0.367	0.1288	0.117	0.2677	0.3551	0.4564	0.7736
32700	0.2442	0.02506	0.1805	0.2272	0.2439	0.2609	0.322
32800	0.2444	0.02988	0.1686	0.2227	0.2441	0.2658	0.319
32900	0.002942	0.001555	0.000797	0.001902	0.002602	0.003544	0.01464
33000	0.4077	0.062	0.24	0.3651	0.4115	0.4506	0.5866
33100	0.7085	0.02917	0.5479	0.6918	0.71	0.7277	0.7992
33200	0.5003	0.05796	0.3347	0.4604	0.5026	0.5429	0.6608
33300	0.1498	0.04196	0.05904	0.1199	0.1469	0.1771	0.2835
33400	0.5863	0.05026	0.3428	0.5545	0.5908	0.6214	0.7143
33500	0.1361	0.05665	0.02596	0.09737	0.1276	0.167	0.3448
33600	0.3175	0.04238	0.1935	0.2882	0.3158	0.3448	0.465
33700	0.4311	0.09717	0.04365	0.3755	0.4417	0.4988	0.6816
33800	0.5917	0.07249	0.3199	0.5407	0.6027	0.6477	0.7542
33900	0.4062	0.1458	0.06381	0.2946	0.4166	0.5201	0.7346
34000	0.8759	0.01399	0.8045	0.8699	0.8788	0.8852	0.9023
34100	0.2726	0.03748	0.1344	0.2501	0.2779	0.2963	0.3599
34200	0.4793	0.06474	0.2273	0.4407	0.4855	0.5264	0.6427
34300	0.7277	0.06835	0.3061	0.7044	0.7391	0.7693	0.8398
34400	0.001285	0.001768	3.913e-05	0.0003911	0.0007905	0.001448	0.02166
34500	0.4551	0.1571	0.0855	0.3381	0.4605	0.5847	0.7606
34600	0.502	0.0599	0.2504	0.465	0.509	0.5432	0.6409
34700	0.0001154	0.0002095	4.82e-06	2.812e-05	6.12e-05	0.0001252	0.003136
34800	0.7979	0.03546	0.6118	0.7773	0.8021	0.8231	0.8733
34900	0.1418	0.01908	0.08781	0.129	0.142	0.1539	0.2097
35000	0.2903	0.03171	0.157	0.2739	0.2923	0.309	0.4268
35100	0.2129	0.04864	0.1279	0.1775	0.2041	0.2369	0.4179
35200	0.5926	0.08123	0.2559	0.5521	0.6084	0.6532	0.7564
35300	0.5186	0.04805	0.3536	0.4906	0.5225	0.5552	0.6149
35400	0.01992	0.01134	0.004578	0.012	0.01699	0.02509	0.08774
35500	0.5783	0.04686	0.3673	0.5558	0.5878	0.6108	0.6792
35600	0.5125	0.03503	0.3255	0.4935	0.5166	0.5343	0.6466
35700	0.1657	0.08207	0.02281	0.09911	0.154	0.2207	0.4164
35800	0.3447	0.06725	0.1149	0.3104	0.3599	0.3924	0.4812
35900	0.559	0.1041	0.2573	0.4904	0.5759	0.6354	0.7655
36000	0.3016	0.0508	0.1226	0.275	0.3054	0.336	0.4873
36100	0.1175	0.09319	0.009284	0.04955	0.08657	0.1573	0.5398
36200	0.03262	0.009537	0.01446	0.02631	0.03102	0.03724	0.07948
36300	0.4269	0.08221	0.1759	0.3781	0.429	0.488	0.611
36400	0.5672	0.04166	2.705e-08	0.5523	0.5738	0.5892	0.6429
36500	0.4628	0.08186	0.22	0.406	0.4569	0.5195	0.6703
36600	0.01851	0.01429	0.001553	0.009672	0.01455	0.024	0.1313
36700	0.04357	0.01761	0.008456	0.03101	0.04038	0.05375	0.1182
36800	0.0004288	0.001714	4.736e-06	5.212e-05	0.0001187	0.0002888	0.03235
36900	0.8148	0.05263	0.441	0.7964	0.8284	0.8486	0.8954
37000	0.7067	0.0711	0.358	0.6823	0.7261	0.7532	0.8162
37100	0.7283	0.08061	0.3993	0.6798	0.7414	0.7872	0.8858
37200	0.2162	0.05287	0.0677	0.1815	0.2118	0.2488	0.4089
37300	3.227e-07	3.905e-07	5.608e-09	1.075e-07	1.957e-07	3.902e-07	3.013e-06
37400	0.3658	0.03836	0.2806	0.3399	0.3606	0.3883	0.5311
37500	0.6341	0.04686	0.5019	0.6022	0.6352	0.6663	0.7605
37600	0.5941	0.07513	0.1488	0.5565	0.6033	0.6479	0.7426
37700	0.5292	0.04049	0.3897	0.5023	0.5274	0.554	0.6684
37800	0.1309	0.06274	0.02901	0.0859	0.1182	0.1655	0.3614
37900	0.6295	0.03443	0.5101	0.6107	0.632	0.6535	0.7127
38000	0.4502	0.03424	0.3217	0.4291	0.4537	0.4737	0.549
38100	0.4875	0.04307	0.3627	0.4587	0.4856	0.5161	0.6391
38200	0.697	0.05091	0.5294	0.6659	0.7028	0.7323	0.8043
38300	0.0005212	0.0005172	4.026e-05	0.0001969	0.000358	0.0006583	0.00452
38400	0.5982	0.05012	0.394	0.5679	0.6026	0.6345	0.716
38500	0.5146	0.09384	0.1844	0.4687	0.5287	0.576	0.7081
38600	0.525	0.03498	0.4047	0.5017	0.5294	0.5497	0.6004
38700	0.737	0.04671	0.511	0.715	0.7448	0.7701	0.8254
38800	0.4668	0.07152	0.1946	0.421	0.465	0.5163	0.6642
38900	0.5004	0.05952	0.3084	0.4653	0.5034	0.5388	0.6575
39000	0.1781	0.03113	0.07706	0.1609	0.1825	0.1986	0.3028
39100	0.3122	0.03934	0.2306	0.2845	0.3075	0.3349	0.4741
39200	0.4986	0.03896	0.3851	0.4733	0.4999	0.5259	0.6151
39300	0.5097	0.0624	0.31	0.4693	0.5151	0.556	0.6443
39400	0.6684	0.07357	0.3974	0.6202	0.6799	0.7223	0.8306
39500	0.1998	0.04216	0.07963	0.1731	0.2003	0.2249	0.3293
39600	0.4548	0.06209	0.2921	0.4149	0.4543	0.5012	0.6138
39700	0.2982	0.08687	0.06252	0.235	0.2966	0.3571	0.5523
39800	0.04741	0.04596	0.003283	0.01819	0.03261	0.06138	0.3837
39900	0.2464	0.01946	0.1682	0.2369	0.2474	0.2584	0.3072
40000	0.0521	0.03644	0.003561	0.02607	0.0408	0.07008	0.2279
40100	0.3494	0.1105	0.09331	0.2627	0.3425	0.4226	0.6497
40200	0.3986	0.04412	0.2432	0.3714	0.3994	0.4275	0.5106
40300	0.2094	0.05576	0.08116	0.1711	0.2012	0.2396	0.41
40400	0.6465	0.04256	0.4355	0.6221	0.6489	0.6743	0.7473
40500	0.08419	0.003957	0.07149	0.08154	0.08442	0.08705	0.09299
40600	1.182e-05	1.882e-05	2.277e-07	2.903e-06	5.871e-06	1.261e-05	0.000208
40700	0.3674	0.05206	0.1002	0.3382	0.3744	0.4045	0.4816
40800	0.2115	0.1031	0.01495	0.1309	0.1988	0.2874	0.4983
40900	0.5544	0.03752	0.4034	0.533	0.5587	0.5801	0.6568
41000	0.5879	0.06103	0.2848	0.5555	0.5925	0.6303	0.7341
41100	0.09248	0.07994	0.005505	0.03645	0.06829	0.1213	0.4645
41200	0.7971	0.05296	0.4743	0.7768	0.81	0.8319	0.8808
41300	0.1137	0.02064	0.06161	0.1007	0.112	0.125	0.2077
41400	0.2033	0.04164	0.07237	0.1765	0.2047	0.2308	0.3045
41500	0.7907	0.0216	0.6707	0.779	0.7929	0.805	0.8392
41600	0.05575	0.02552	0.01123	0.03799	0.05045	0.06808	0.1526
41700	0.5174	0.05947	0.3215	0.4768	0.5208	0.5593	0.6731
41800	0.651	0.05222	0.3843	0.6211	0.6562	0.6845	0.7782
41900	0.7032	0.05089	0.5512	0.6683	0.705	0.7398	0.8247
42000	0.5694	0.05427	0.2767	0.5402	0.5748	0.6045	0.6914
42100	0.5304	0.08194	0.2582	0.4769	0.5422	0.5951	0.7013
42200	0.1954	0.09142	0.04076	0.121	0.1811	0.256	0.515
42300	0.3788	0.06902	0.2089	0.3298	0.3805	0.4264	0.5624
42400	0.6722	0.02389	0.5614	0.657	0.6753	0.6889	0.7344
42500	0.4188	0.09383	0.1399	0.3697	0.4323	0.4859	0.6158
42600	0.007056	0.00398	0.001476	0.004403	0.006233	0.008566	0.03553
42700	0.7062	0.06994	0.2345	0.6811	0.7219	0.7513	0.8092
42800	0.6375	0.06516	0.3561	0.6104	0.6557	0.683	0.7421
42900	0.7302	0.02683	0.5473	0.7156	0.7334	0.7483	0.7934
43000	0.4199	0.05914	0.113	0.3898	0.4242	0.4631	0.5223
43100	0.3242	0.06601	0.1206	0.2833	0.3281	0.3726	0.4823
43200	0.758	0.05296	0.4372	0.728	0.7628	0.7939	0.8846
43300	0.7881	0.03556	0.5873	0.7709	0.7945	0.8111	0.8535
43400	0.4221	0.0519	0.2338	0.388	0.4289	0.4577	0.5608
43500	0.7179	0.03924	0.5669	0.6935	0.7165	0.7439	0.822
43600	0.6461	0.05159	0.3332	0.6126	0.6504	0.6841	0.7894
43700	0.09368	0.03458	0.02477	0.06838	0.08963	0.1148	0.2252
43800	0.4686	0.1027	0.1195	0.4001	0.4719	0.5358	0.7109
43900	0.2383	0.06377	0.1228	0.1933	0.2242	0.2763	0.457
44000	0.4857	0.08544	0.1651	0.4215	0.4825	0.5487	0.7006
44100	0.6551	0.0472	0.4091	0.6266	0.66	0.6866	0.7841
44200	0.6445	0.1013	0.3175	0.5941	0.6622	0.7183	0.8305
44300	0.1089	0.03809	0.03844	0.0815	0.1015	0.1319	0.3247
44400	0.2888	0.08015	0.1275	0.2285	0.2796	0.3411	0.5545
44500	0.3141	0.08453	0.1055	0.2529	0.3207	0.3742	0.5247
44600	0.2562	0.06149	0.12	0.2159	0.2459	0.2868	0.5631
44700	0.3384	0.05111	0.1858	0.3027	0.3396	0.3748	0.4857
44800	0.8573	0.03409	0.6456	0.8456	0.8664	0.88	0.9077
44900	0.5153	0.09059	0.1876	0.459	0.5314	0.5798	0.7068
45000	0.0772	0.09242	0.0008187	0.01587	0.03799	0.1027	0.4829
45100	0.03738	0.01513	0.008399	0.02659	0.03459	0.045	0.1049
45200	0.4195	0.0666	0.2218	0.3742	0.4198	0.4647	0.5976
45300	0.1115	0.04064	0.01338	0.08078	0.1155	0.1443	0.2099
45400	0.2634	0.04071	0.1804	0.2328	0.2577	0.2862	0.4533
45500	0.01835	0.01129	0.002306	0.01049	0.01575	0.02304	0.08945
45600	0.442	0.1052	0.1002	0.3658	0.4512	0.524	0.6632
45700	0.04706	0.03557	0.007188	0.02537	0.03762	0.0563	0.3706
45800	0.01465	0.008802	0.002761	0.008714	0.01207	0.01812	0.05468
45900	0.05776	0.08701	6.677e-05	0.008934	0.02429	0.06736	0.5542
46000	0.8161	0.02852	0.6795	0.8034	0.8218	0.8348	0.8688
46100	0.1148	0.04999	0.02555	0.0794	0.103	0.1435	0.342
46200	0.1998	0.104	2.546e-09	0.1194	0.1817	0.2674	0.5319
46300	0.04133	0.01761	0.01079	0.02897	0.03755	0.04931	0.117
46400	0.4976	0.09843	0.09735	0.4406	0.5133	0.5703	0.6889
46500	0.2604	0.06833	0.07105	0.2121	0.265	0.3083	0.4361
46600	0.2585	0.06249	0.08925	0.2115	0.2561	0.3051	0.4096
46700	0.4893	0.06488	0.2977	0.4483	0.4893	0.5322	0.6778
46800	0.2074	0.09355	0.04726	0.1402	0.1885	0.2555	0.6372
46900	0.4078	0.09092	0.2162	0.3433	0.3991	0.464	0.6798
47000	0.5684	0.05941	0.374	0.5319	0.5729	0.6084	0.6936
47100	0.02013	0.007819	0.005338	0.01427	0.01904	0.02446	0.04987
47200	0.09686	0.0343	0.03941	0.07405	0.08808	0.1124	0.2603
47300	0.02965	0.0084	0.009498	0.02419	0.02859	0.03426	0.06212
47400	0.1168	0.03175	0.03713	0.09261	0.1169	0.1413	0.2013
47500	0.2003	0.06427	0.04642	0.1508	0.2086	0.2502	0.3516
47600	0.001903	0.002089	9.413e-05	0.0007436	0.001309	0.002228	0.0203
47700	0.6721	0.04601	0.448	0.6427	0.6761	0.7064	0.7733
47800	0.1421	0.05142	0.02917	0.1055	0.1362	0.1711	0.3222
47900	0.2112	0.0572	0.08406	0.1697	0.2049	0.2455	0.4176
48000	0.5063	0.07468	0.2941	0.4514	0.5083	0.5592	0.6671
48100	0.722	0.0392	0.5644	0.7033	0.7282	0.7504	0.7955
48200	0.7123	0.06004	0.388	0.6794	0.7184	0.7553	0.8462
48300	0.6198	0.1134	0.1452	0.5867	0.6502	0.6949	0.7865
48400	0.3414	0.1129	0.1271	0.2507	0.3218	0.4251	0.6261
48500	0.05206	0.01832	0.02105	0.03877	0.0483	0.06166	0.14
48600	0.2209	0.04497	0.1083	0.1893	0.2191	0.2473	0.3855
48700	0.05083	0.04327	0.006055	0.02394	0.03947	0.06413	0.3984
48800	0.5922	0.07526	0.3536	0.5382	0.5884	0.6438	0.8022
48900	0.5964	0.07581	0.3076	0.5483	0.6023	0.6512	0.7699
49000	0.0258	0.02031	0.001954	0.01221	0.01949	0.03257	0.1599
49100	0.6832	0.04965	0.477	0.6591	0.6929	0.72	0.7827
49200	0.0004797	0.0002913	8.739e-05	0.0002789	0.0004088	0.0005966	0.002767
49300	1.837e-05	2.275e-05	8.696e-07	6.357e-06	1.139e-05	2.179e-05	0.0001925
49400	0.3521	0.06501	0.1482	0.305	0.3579	0.3992	0.5182
49500	0.2708	0.0305	0.1929	0.2499	0.2693	0.2899	0.3634
49600	0.1242	0.0763	0.02789	0.06876	0.1034	0.1518	0.4844
49700	0.09807	0.06745	0.008151	0.05062	0.08203	0.128	0.4248
49800	0.6532	0.08312	0.3644	0.6095	0.6672	0.711	0.8397
49900	0.08204	0.004893	0.06916	0.07861	0.08203	0.08549	0.09444
