idx	predict	radius	unperturbed predict	time
0	0	3.13	0	0:02:53.896078
100	1	3.79	1	0:02:50.341334
200	0	2.97	0	0:02:50.561225
300	1	2.52	1	0:02:50.961038
400	0	0.202	0	0:02:50.540928
500	1	3.79	1	0:02:50.396928
600	0	2.05	0	0:02:50.565618
700	1	2.37	1	0:02:51.720600
800	0	0.264	0	0:02:50.622292
900	0	2.13	0	0:02:50.615913
1000	0	1.97	0	0:02:50.418443
1100	1	3.79	1	0:02:50.327909
1200	1	3.34	1	0:02:50.467359
1300	0	2.76	0	0:02:50.385712
1400	0	3.58	0	0:02:50.588726
1500	0	0.995	0	0:02:50.423196
1600	0	1.4	0	0:02:50.524394
1700	0	3.42	0	0:02:50.222057
1800	1	3.58	1	0:02:50.062021
1900	0	2.75	0	0:02:50.281802
2000	0	2.03	0	0:02:50.131526
2100	0	3.3	0	0:02:50.408662
2200	1	1.32	1	0:02:50.498179
2300	1	3.72	1	0:02:50.418258
2400	0	3.67	0	0:02:50.253844
2500	0	1.82	0	0:02:50.512481
2600	1	1.8	1	0:02:50.583014
2700	1	3.79	1	0:02:50.323457
2800	1	3.72	1	0:02:50.566916
2900	0	2.15	0	0:02:50.609397
3000	1	3.79	1	0:02:50.368351
3100	1	1.8	1	0:02:50.493100
3200	1	2.63	1	0:02:50.110818
3300	0	2.12	0	0:02:50.463279
3400	1	3.1	1	0:02:50.182878
3500	1	3.79	1	0:02:50.485648
3600	1	0.25	1	0:02:50.625340
3700	0	0.325	0	0:02:50.286922
3800	0	2.87	0	0:02:50.246831
3900	1	2.44	1	0:02:50.289175
4000	1	3.79	1	0:02:50.126848
4100	1	1.29	1	0:02:50.610263
4200	0	1.34	0	0:02:50.304852
4300	0	1.19	0	0:02:50.446362
4400	1	0.283	1	0:02:50.522791
4500	1	1.45	1	0:02:50.269321
4600	0	0.843	0	0:02:50.203254
4700	1	3.79	1	0:02:50.304863
4800	1	3.79	1	0:02:50.442918
4900	0	1.71	0	0:02:50.283633
5000	1	3.72	1	0:02:50.252810
5100	0	0.519	0	0:02:50.482344
5200	1	0.14	1	0:02:50.502890
5300	1	1.8	1	0:02:50.249861
5400	0	2.51	0	0:02:50.306385
5500	1	3.14	1	0:02:50.491637
5600	0	3.55	0	0:02:50.190362
5700	0	3.39	0	0:02:50.267031
5800	1	3.08	1	0:02:50.502327
5900	1	0.565	1	0:02:50.190929
6000	0	3.01	0	0:02:50.349573
6100	0	0.284	0	0:02:50.311638
6200	0	3.55	0	0:02:50.592288
6300	0	1.26	0	0:02:50.760584
6400	1	3.72	1	0:02:50.509979
6500	1	2.81	1	0:02:50.660747
6600	1	3.79	1	0:02:50.045399
6700	0	2.16	0	0:02:50.037176
6800	1	3.79	1	0:02:50.267892
6900	1	3.01	1	0:02:50.550016
7000	1	3.79	1	0:02:50.422374
7100	1	0.876	1	0:02:50.258950
7200	1	1.11	1	0:02:50.405924
7300	0	2.52	0	0:02:50.383938
7400	1	3.63	1	0:02:50.353893
7500	0	2.46	0	0:02:50.454982
7600	1	3.79	1	0:02:50.557739
7700	0	0.778	0	0:02:50.214152
7800	1	3.79	1	0:02:50.120994
7900	0	1.9	0	0:02:50.429802
8000	1	3.11	1	0:02:50.095268
8100	-1	0.0	0	0:02:50.307666
8200	0	2.18	0	0:02:50.087076
8300	1	3.41	1	0:02:50.087039
8400	0	3.6	0	0:02:50.041188
8500	0	1.81	0	0:02:50.229705
8600	1	0.853	1	0:02:50.136383
8700	0	0.0717	0	0:02:50.544530
8800	1	1.8	1	0:02:50.236565
8900	1	3.0	1	0:02:50.303586
9000	0	3.53	0	0:02:50.258290
9100	0	3.25	0	0:02:50.364343
9200	0	2.78	0	0:02:50.217041
9300	1	1.64	1	0:02:50.086628
9400	0	2.03	0	0:02:50.149367
9500	1	3.79	1	0:02:50.365348
9600	0	2.72	0	0:02:50.354928
9700	0	2.63	0	0:02:50.302928
9800	1	1.2	1	0:02:50.330902
9900	0	1.42	0	0:02:50.275000
10000	1	0.152	1	0:02:50.273383
10100	0	1.05	0	0:02:50.311525
10200	1	3.26	1	0:02:50.485051
10300	1	1.42	1	0:02:50.168269
10400	0	1.55	0	0:02:50.369107
10500	0	2.19	0	0:02:50.403197
10600	1	0.715	1	0:02:51.785966
10700	0	2.35	0	0:02:52.199916
10800	0	2.41	0	0:02:52.302828
10900	1	3.79	1	0:02:50.878593
11000	0	0.908	0	0:02:50.669155
11100	0	0.00738	0	0:02:51.231657
11200	0	2.83	0	0:02:50.761527
11300	1	2.68	1	0:02:50.804668
11400	0	0.565	0	0:02:50.483255
11500	1	3.67	1	0:02:50.433717
11600	1	3.6	1	0:02:50.484052
11700	1	1.02	1	0:02:54.291358
11800	0	3.45	0	0:02:53.619364
11900	1	3.79	1	0:02:54.595935
12000	1	3.79	1	0:02:56.546879
12100	1	0.016	1	0:02:54.521306
12200	1	1.93	1	0:02:56.002580
12300	0	2.3	0	0:02:54.840528
12400	1	3.79	1	0:02:56.700080
12500	0	3.08	0	0:02:52.786955
12600	0	1.79	0	0:02:50.535875
12700	0	0.513	0	0:02:50.479674
12800	1	3.79	1	0:02:50.921888
12900	0	2.2	0	0:02:50.655036
13000	1	3.55	1	0:02:50.506423
13100	1	3.72	1	0:02:50.687829
13200	1	3.72	1	0:02:50.545338
13300	1	3.72	1	0:02:50.638350
13400	0	0.752	0	0:02:50.650116
13500	1	3.23	1	0:02:51.012620
13600	1	0.564	1	0:02:50.869464
13700	1	2.67	1	0:02:50.725596
13800	1	2.05	1	0:02:50.493946
13900	1	0.905	1	0:02:50.622164
14000	0	0.794	0	0:02:50.572326
14100	1	3.79	1	0:02:50.883775
14200	1	3.79	1	0:02:50.591682
14300	1	3.72	1	0:02:50.811513
14400	1	0.765	1	0:02:50.592665
14500	1	3.79	1	0:02:50.463446
14600	1	3.79	1	0:02:51.019808
14700	1	1.19	1	0:02:50.663218
14800	0	1.01	0	0:02:50.627292
14900	0	3.6	0	0:02:50.698982
15000	1	2.01	1	0:02:50.831334
15100	1	0.475	1	0:02:50.720231
15200	0	1.06	0	0:02:50.612962
15300	0	0.823	0	0:02:50.815679
15400	1	3.79	1	0:02:50.599942
15500	1	0.765	1	0:02:50.905438
15600	0	3.79	0	0:02:50.593063
15700	1	3.63	1	0:02:50.810017
15800	1	3.72	1	0:02:50.784231
15900	0	1.09	0	0:02:51.182644
16000	1	3.72	1	0:02:50.355234
16100	0	0.814	0	0:02:50.620345
16200	1	3.79	1	0:02:50.630270
16300	1	3.79	1	0:02:50.856842
16400	1	3.43	1	0:02:50.684984
16500	0	1.42	0	0:02:50.908418
16600	0	2.26	0	0:02:50.762945
16700	0	1.13	0	0:02:50.943687
16800	0	1.34	0	0:02:51.347440
16900	0	3.51	0	0:02:52.971044
17000	1	3.79	1	0:02:52.943792
17100	0	0.575	0	0:02:53.117601
17200	0	1.36	0	0:02:52.876963
17300	0	1.98	0	0:02:53.121219
17400	1	3.08	1	0:02:53.192859
17500	1	3.67	1	0:02:53.034253
17600	0	2.53	0	0:02:53.433766
17700	1	0.371	1	0:02:53.013145
17800	0	3.35	0	0:02:52.503867
17900	1	2.59	1	0:02:52.707486
18000	0	1.17	0	0:02:52.816115
18100	1	3.79	1	0:02:52.601770
18200	0	0.1	0	0:02:52.996227
18300	0	0.485	0	0:02:52.546277
18400	1	0.326	1	0:02:52.701365
18500	1	3.72	1	0:02:53.108444
18600	0	1.69	0	0:02:52.851606
18700	0	3.55	0	0:02:52.620904
18800	1	0.527	1	0:02:52.457747
18900	0	2.72	0	0:02:52.922637
19000	1	0.97	1	0:02:53.047188
19100	1	0.525	1	0:02:53.281100
19200	0	1.46	0	0:02:52.619460
19300	1	0.232	1	0:02:53.057208
19400	0	1.2	0	0:02:52.930742
19500	1	3.67	1	0:02:53.028994
19600	1	3.25	1	0:02:52.872142
19700	0	3.58	0	0:02:52.467003
19800	1	3.79	1	0:02:52.640239
19900	0	2.31	0	0:02:52.672236
20000	0	1.02	0	0:02:52.699070
20100	0	1.63	0	0:02:52.795267
20200	1	2.06	1	0:02:52.887447
20300	1	0.00224	-1	0:02:52.627903
20400	0	2.97	0	0:02:52.726424
20500	0	2.69	0	0:02:52.582426
20600	0	3.58	0	0:02:52.970845
20700	1	0.351	1	0:02:52.988966
20800	1	3.79	1	0:02:52.895197
20900	1	3.79	1	0:02:52.932691
21000	0	3.46	0	0:02:52.936454
21100	0	2.92	0	0:02:53.063023
21200	0	2.0	0	0:02:52.986661
21300	1	2.52	1	0:02:52.876935
21400	1	2.29	1	0:02:52.733952
21500	0	1.8	0	0:02:53.283811
21600	0	1.93	0	0:02:52.896560
21700	0	2.55	0	0:02:53.075990
21800	1	2.05	1	0:02:52.798352
21900	0	3.38	0	0:02:52.129930
22000	0	3.24	0	0:02:51.315903
22100	1	3.46	1	0:02:51.158993
22200	0	3.6	0	0:02:50.412725
22300	0	3.46	0	0:02:50.533810
22400	0	1.6	0	0:02:50.827735
22500	0	3.19	0	0:02:50.434667
22600	0	3.46	0	0:02:50.566924
22700	1	3.72	1	0:02:50.153512
22800	0	2.88	0	0:02:50.730290
22900	0	1.57	0	0:02:50.817376
23000	1	1.65	1	0:02:50.759465
23100	0	3.43	0	0:02:50.454010
23200	0	1.15	0	0:02:50.630174
23300	1	2.13	1	0:02:50.503040
23400	1	3.79	1	0:02:50.294442
23500	0	3.6	0	0:02:49.924510
23600	1	3.79	1	0:02:50.367847
23700	0	0.471	0	0:02:50.320378
23800	1	1.53	1	0:02:50.283818
23900	1	0.93	1	0:02:50.727140
24000	0	1.9	0	0:02:50.420265
24100	0	3.21	0	0:02:50.764449
24200	1	3.72	1	0:02:50.259901
24300	1	3.51	1	0:02:50.403079
24400	0	1.08	0	0:02:50.147631
24500	0	2.36	0	0:02:50.623919
24600	0	0.546	0	0:02:49.950528
24700	1	2.46	1	0:02:50.029747
24800	0	1.56	0	0:02:50.433340
24900	1	1.41	1	0:02:51.048954
25000	1	0.706	1	0:02:51.097983
25100	1	1.79	1	0:02:51.418215
25200	0	2.21	0	0:02:50.307785
25300	1	1.22	1	0:02:50.253177
25400	1	3.79	1	0:02:50.425863
25500	1	3.51	1	0:02:50.314182
25600	0	3.42	0	0:02:51.511207
25700	1	3.79	1	0:02:51.139287
25800	0	3.63	0	0:02:50.986137
25900	1	3.79	1	0:02:51.492123
26000	0	1.36	0	0:02:51.345189
26100	0	1.05	0	0:02:50.866714
26200	0	3.41	0	0:02:51.217851
26300	1	3.6	1	0:02:50.967089
26400	0	3.6	0	0:02:50.334791
26500	0	2.52	0	0:02:51.562356
26600	0	0.287	0	0:02:50.229564
26700	0	3.51	0	0:02:50.054373
26800	1	0.251	1	0:02:49.909643
26900	1	3.79	1	0:02:50.048887
27000	1	2.78	1	0:02:50.416774
27100	0	1.96	0	0:02:51.591089
27200	1	0.645	1	0:02:50.345236
27300	1	1.4	1	0:02:50.707658
27400	1	2.56	1	0:02:50.369816
27500	1	3.49	1	0:02:50.144125
27600	1	3.79	1	0:02:50.723283
27700	0	0.52	0	0:02:50.843367
27800	1	3.63	1	0:02:50.618929
27900	0	2.38	0	0:02:50.118992
28000	1	3.53	1	0:02:50.577897
28100	1	2.64	1	0:02:50.109807
28200	0	3.67	0	0:02:50.539343
28300	0	2.68	0	0:02:50.178103
28400	1	0.602	1	0:02:50.295827
28500	0	2.79	0	0:02:50.137450
28600	-1	0.0	0	0:02:50.165015
28700	1	3.79	1	0:02:50.231447
28800	0	3.67	0	0:02:49.962116
28900	0	3.46	0	0:02:50.650326
29000	0	1.9	0	0:02:50.791630
29100	0	3.05	0	0:02:51.323225
29200	0	0.386	0	0:02:51.019527
29300	1	3.55	1	0:02:51.463607
29400	1	3.79	1	0:02:50.977103
29500	1	3.72	1	0:02:51.303673
29600	0	0.682	0	0:02:50.318751
29700	0	2.72	0	0:02:51.236736
29800	0	3.36	0	0:02:51.276792
29900	0	1.29	0	0:02:51.173565
30000	0	0.398	0	0:02:50.912710
30100	1	2.4	1	0:02:51.474389
30200	0	2.76	0	0:02:51.101870
30300	1	1.7	1	0:02:50.556194
30400	0	1.77	0	0:02:50.696940
30500	0	0.908	0	0:02:50.343101
30600	1	3.63	1	0:02:50.650627
30700	0	3.51	0	0:02:49.868808
30800	0	3.49	0	0:02:49.824195
30900	0	3.49	0	0:02:50.073126
31000	0	3.1	0	0:02:50.303779
31100	1	3.79	1	0:02:49.874117
31200	0	3.6	0	0:02:50.157075
31300	0	3.6	0	0:02:50.939103
31400	0	2.32	0	0:02:50.030093
31500	0	3.53	0	0:02:50.441967
31600	1	3.79	1	0:02:50.727003
31700	1	3.79	1	0:02:50.861181
31800	1	3.79	1	0:02:51.050999
31900	1	1.54	1	0:02:51.146607
32000	1	2.4	1	0:02:51.154843
32100	1	3.79	1	0:02:50.052702
32200	1	3.79	1	0:02:50.248961
32300	1	2.64	1	0:02:51.213197
32400	0	0.778	0	0:02:50.687145
32500	0	3.46	0	0:02:51.000287
32600	1	0.27	1	0:02:51.300259
32700	1	3.79	1	0:02:50.161212
32800	1	3.79	1	0:02:50.180210
32900	1	3.79	1	0:02:50.374674
33000	0	0.222	0	0:02:50.647567
33100	0	3.63	0	0:02:50.526538
33200	0	1.78	0	0:02:50.301471
33300	1	3.79	1	0:02:51.306807
33400	0	2.85	0	0:02:50.849751
33500	1	3.05	1	0:02:51.150888
33600	1	1.63	1	0:02:51.258293
33700	0	0.566	0	0:02:51.631705
33800	0	2.34	0	0:02:50.747927
33900	0	0.0685	0	0:02:50.148170
34000	0	3.63	0	0:02:50.713641
34100	1	3.26	1	0:02:51.105645
34200	0	1.31	0	0:02:51.362628
34300	0	2.81	0	0:02:50.576608
34400	1	3.79	1	0:02:50.888304
34500	0	0.365	0	0:02:51.411300
34600	0	1.61	0	0:02:50.481435
34700	1	3.79	1	0:02:50.906412
34800	0	3.51	0	0:02:50.426937
34900	1	3.72	1	0:02:51.015053
35000	1	3.06	1	0:02:51.020656
35100	1	2.54	1	0:02:50.468114
35200	0	2.02	0	0:02:50.808142
35300	0	2.08	0	0:02:50.366273
35400	1	3.72	1	0:02:50.981395
35500	0	2.62	0	0:02:50.698395
35600	0	2.29	0	0:02:51.198656
35700	1	2.46	1	0:02:50.614496
35800	1	0.679	1	0:02:50.522859
35900	0	1.48	0	0:02:50.875887
36000	1	1.78	1	0:02:50.350379
36100	1	1.82	1	0:02:50.758380
36200	1	3.79	1	0:02:50.938074
36300	0	0.41	0	0:02:49.932948
36400	0	2.85	0	0:02:50.142616
36500	0	0.844	0	0:02:50.882132
36600	1	3.79	1	0:02:51.251331
36700	1	3.67	1	0:02:50.743221
36800	1	3.79	1	0:02:50.563352
36900	0	3.03	0	0:02:50.489528
37000	0	2.69	0	0:02:50.876412
37100	0	2.56	0	0:02:50.978888
37200	1	2.35	1	0:02:50.200755
37300	1	3.79	1	0:02:50.324572
37400	1	0.739	1	0:02:50.624432
37500	0	3.42	0	0:02:50.034870
37600	0	2.22	0	0:02:50.075500
37700	0	2.98	0	0:02:50.391812
37800	1	3.07	1	0:02:50.683649
37900	0	3.72	0	0:02:50.395560
38000	0	1.61	0	0:02:50.172908
38100	0	2.15	0	0:02:50.937962
38200	0	3.67	0	0:02:50.747898
38300	1	3.67	1	0:02:50.923242
38400	0	3.26	0	0:02:51.039456
38500	0	1.31	0	0:02:50.530498
38600	0	2.86	0	0:02:50.366675
38700	0	3.19	0	0:02:50.315754
38800	0	1.04	0	0:02:50.068731
38900	0	1.81	0	0:02:50.515547
39000	1	3.79	1	0:02:50.752624
39100	1	1.69	1	0:02:51.450401
39200	0	2.5	0	0:02:51.465981
39300	0	1.71	0	0:02:51.203990
39400	0	2.92	0	0:02:51.324060
39500	1	3.72	1	0:02:51.280957
39600	0	0.857	0	0:02:50.270408
39700	1	0.924	1	0:02:50.812968
39800	1	2.98	1	0:02:50.709208
39900	1	3.79	1	0:02:50.452939
40000	1	3.67	1	0:02:51.231251
40100	1	0.469	1	0:02:51.055270
40200	0	0.188	0	0:02:51.215848
40300	1	2.44	1	0:02:51.041369
40400	0	3.37	0	0:02:51.042463
40500	1	3.79	1	0:02:51.056086
40600	1	3.79	1	0:02:50.873881
40700	1	0.398	1	0:02:50.908244
40800	1	1.6	1	0:02:50.894528
40900	0	2.99	0	0:02:50.925428
41000	0	2.3	0	0:02:50.351311
41100	1	2.49	1	0:02:50.465327
41200	0	3.51	0	0:02:50.606806
41300	1	3.79	1	0:02:50.227378
41400	1	3.63	1	0:02:51.325914
41500	0	3.58	0	0:02:51.303772
41600	1	3.79	1	0:02:50.804041
41700	0	2.0	0	0:02:50.620613
41800	0	3.16	0	0:02:50.707610
41900	0	3.72	0	0:02:50.779243
42000	0	2.25	0	0:02:51.004460
42100	0	1.45	0	0:02:50.882435
42200	1	1.82	1	0:02:51.048869
42300	1	0.0688	1	0:02:51.045927
42400	0	3.63	0	0:02:50.539828
42500	0	0.42	0	0:02:50.970938
42600	1	3.79	1	0:02:51.475001
42700	0	2.53	0	0:02:51.095140
42800	0	2.59	0	0:02:51.300505
42900	0	3.58	0	0:02:51.305494
43000	0	0.608	0	0:02:50.891492
43100	1	0.909	1	0:02:51.157601
43200	0	3.55	0	0:02:50.798209
43300	0	3.63	0	0:02:51.183851
43400	0	0.735	0	0:02:51.250498
43500	0	3.67	0	0:02:51.454839
43600	0	3.3	0	0:02:51.552484
43700	1	3.6	1	0:02:53.792098
43800	0	0.675	0	0:02:54.167026
43900	1	1.71	1	0:02:53.421149
44000	0	1.07	0	0:02:53.694038
44100	0	3.4	0	0:02:53.872266
44200	0	1.85	0	0:02:53.713835
44300	1	3.79	1	0:02:53.210612
44400	1	1.06	1	0:02:53.392133
44500	1	0.822	1	0:02:53.884152
44600	1	1.75	1	0:02:53.078286
44700	1	0.964	1	0:02:53.666836
44800	0	3.63	0	0:02:53.748940
44900	0	1.33	0	0:02:53.448025
45000	1	2.38	1	0:02:53.867075
45100	1	3.79	1	0:02:54.012045
45200	0	0.315	0	0:02:53.525162
45300	1	3.72	1	0:02:53.561072
45400	1	2.51	1	0:02:53.413901
45500	1	3.79	1	0:02:53.577157
45600	0	0.506	0	0:02:54.121572
45700	1	3.23	1	0:02:53.350351
45800	1	3.79	1	0:02:54.250566
45900	1	1.99	1	0:02:53.636676
46000	0	3.63	0	0:02:53.448945
46100	1	3.31	1	0:02:53.132597
46200	1	1.44	1	0:02:53.266018
46300	1	3.79	1	0:02:53.242014
46400	0	0.921	0	0:02:53.699398
46500	1	1.84	1	0:02:53.193501
46600	1	2.04	1	0:02:53.600280
46700	0	1.57	0	0:02:53.773206
46800	1	1.49	1	0:02:53.174529
46900	0	0.0586	0	0:02:53.897611
47000	0	2.34	0	0:02:53.823008
47100	1	3.79	1	0:02:53.612170
47200	1	3.72	1	0:02:53.317237
47300	1	3.79	1	0:02:53.448178
47400	1	3.79	1	0:02:53.547309
47500	1	3.6	1	0:02:53.173953
47600	1	3.72	1	0:02:53.485005
47700	0	3.4	0	0:02:53.519272
47800	1	3.31	1	0:02:52.766443
47900	1	2.54	1	0:02:53.122555
48000	0	1.47	0	0:02:52.515609
48100	0	3.63	0	0:02:52.556732
48200	0	3.28	0	0:02:50.141013
48300	0	1.52	0	0:02:50.332723
48400	1	0.511	1	0:02:50.483379
48500	1	3.67	1	0:02:50.566922
48600	1	3.1	1	0:02:50.184463
48700	1	3.19	1	0:02:50.141639
48800	0	3.09	0	0:02:50.435527
48900	0	2.32	0	0:02:50.468439
49000	1	3.67	1	0:02:50.221537
49100	0	3.32	0	0:02:50.335388
49200	1	3.79	1	0:02:50.795077
49300	1	3.79	1	0:02:50.100486
49400	1	0.516	1	0:02:49.941875
49500	1	3.34	1	0:02:50.156472
49600	1	2.48	1	0:02:50.545579
49700	1	2.68	1	0:02:50.142152
49800	0	2.37	0	0:02:51.227338
49900	1	3.79	1	0:02:50.459588
