idx	label	predict	radius	correct	unperturbed predict	unperturbed correct	time
0	0	58	0.239	0	58	0	0:02:53.896078
100	2	2	3.16	1	2	1	0:02:50.341334
200	4	-1	0.0	0	-1	0	0:02:50.561225
300	6	69	0.676	0	69	0	0:02:50.961038
400	8	8	0.335	1	8	1	0:02:50.540928
500	10	10	3.6	1	10	1	0:02:50.396928
600	12	-1	0.0	0	835	0	0:02:50.565618
700	14	14	2.44	1	14	1	0:02:51.720600
800	16	16	1.64	1	16	1	0:02:50.622292
900	18	275	0.284	0	275	0	0:02:50.615913
1000	20	20	2.0	1	20	1	0:02:50.418443
1100	22	21	1.33	0	21	0	0:02:50.327909
1200	24	24	3.79	1	24	1	0:02:50.467359
1300	26	26	0.914	1	26	1	0:02:50.385712
1400	28	-1	0.0	0	76	0	0:02:50.588726
1500	30	30	1.17	1	30	1	0:02:50.423196
1600	32	103	0.909	0	103	0	0:02:50.524394
1700	34	-1	0.0	0	-1	0	0:02:50.222057
1800	36	35	1.34	0	35	0	0:02:50.062021
1900	38	44	0.243	0	44	0	0:02:50.281802
2000	40	-1	0.0	0	90	0	0:02:50.131526
2100	42	48	0.482	0	48	0	0:02:50.408662
2200	44	44	1.69	1	44	1	0:02:50.498179
2300	46	40	3.51	0	40	0	0:02:50.418258
2400	48	-1	0.0	0	69	0	0:02:50.253844
2500	50	47	0.579	0	47	0	0:02:50.512481
2600	52	329	1.41	0	329	0	0:02:50.583014
2700	54	57	3.6	0	57	0	0:02:50.323457
2800	56	56	3.63	1	56	1	0:02:50.566916
2900	58	114	1.41	0	114	0	0:02:50.609397
3000	60	62	1.37	0	62	0	0:02:50.368351
3100	62	61	0.955	0	61	0	0:02:50.493100
3200	64	-1	0.0	0	-1	0	0:02:50.110818
3300	66	-1	0.0	0	371	0	0:02:50.463279
3400	68	111	2.63	0	111	0	0:02:50.182878
3500	70	70	3.6	1	70	1	0:02:50.485648
3600	72	72	2.91	1	72	1	0:02:50.625340
3700	74	78	0.884	0	78	0	0:02:50.286922
3800	76	-1	0.0	0	-1	0	0:02:50.246831
3900	78	78	0.367	1	78	1	0:02:50.289175
4000	80	80	3.67	1	80	1	0:02:50.126848
4100	82	82	2.04	1	82	1	0:02:50.610263
4200	84	108	0.374	0	108	0	0:02:50.304852
4300	86	-1	0.0	0	83	0	0:02:50.446362
4400	88	88	1.2	1	88	1	0:02:50.522791
4500	90	90	2.31	1	90	1	0:02:50.269321
4600	92	14	0.319	0	14	0	0:02:50.203254
4700	94	94	0.905	1	94	1	0:02:50.304863
4800	96	96	3.67	1	96	1	0:02:50.442918
4900	98	98	0.2	1	98	1	0:02:50.283633
5000	100	100	3.51	1	100	1	0:02:50.252810
5100	102	316	0.602	0	316	0	0:02:50.482344
5200	104	342	1.47	0	342	0	0:02:50.502890
5300	106	106	2.67	1	106	1	0:02:50.249861
5400	108	-1	0.0	0	951	0	0:02:50.306385
5500	110	110	1.37	1	110	1	0:02:50.491637
5600	112	-1	0.0	0	726	0	0:02:50.190362
5700	114	-1	0.0	0	988	0	0:02:50.267031
5800	116	116	3.4	1	116	1	0:02:50.502327
5900	118	-1	0.0	0	-1	0	0:02:50.190929
6000	120	33	0.219	0	33	0	0:02:50.349573
6100	122	122	0.639	1	122	1	0:02:50.311638
6200	124	-1	0.0	0	776	0	0:02:50.592288
6300	126	363	0.107	0	363	0	0:02:50.760584
6400	128	128	3.58	1	128	1	0:02:50.509979
6500	130	127	0.581	0	127	0	0:02:50.660747
6600	132	132	2.55	1	132	1	0:02:50.045399
6700	134	127	0.656	0	127	0	0:02:50.037176
6800	136	136	3.58	1	136	1	0:02:50.267892
6900	138	138	2.8	1	138	1	0:02:50.550016
7000	140	140	3.55	1	140	1	0:02:50.422374
7100	142	135	0.696	0	135	0	0:02:50.258950
7200	144	331	1.4	0	331	0	0:02:50.405924
7300	146	83	0.314	0	83	0	0:02:50.383938
7400	148	148	3.53	1	148	1	0:02:50.353893
7500	150	360	0.408	0	360	0	0:02:50.454982
7600	152	152	1.43	1	152	1	0:02:50.557739
7700	154	260	0.564	0	260	0	0:02:50.214152
7800	156	156	3.38	1	156	1	0:02:50.120994
7900	158	-1	0.0	0	227	0	0:02:50.429802
8000	160	160	1.13	1	160	1	0:02:50.095268
8100	162	162	2.07	1	162	1	0:02:50.307666
8200	164	-1	0.0	0	195	0	0:02:50.087076
8300	166	162	1.65	0	162	0	0:02:50.087039
8400	168	125	0.164	0	125	0	0:02:50.041188
8500	170	-1	0.0	0	352	0	0:02:50.229705
8600	172	246	2.44	0	246	0	0:02:50.136383
8700	174	174	1.43	1	174	1	0:02:50.544530
8800	176	176	1.58	1	176	1	0:02:50.236565
8900	178	178	3.3	1	178	1	0:02:50.303586
9000	180	-1	0.0	0	-1	0	0:02:50.258290
9100	182	760	2.49	0	760	0	0:02:50.364343
9200	184	189	0.374	0	189	0	0:02:50.217041
9300	186	203	0.34	0	203	0	0:02:50.086628
9400	188	-1	0.0	0	-1	0	0:02:50.149367
9500	190	190	3.72	1	190	1	0:02:50.365348
9600	192	199	0.573	0	199	0	0:02:50.354928
9700	194	947	0.275	0	947	0	0:02:50.302928
9800	196	199	1.23	0	199	0	0:02:50.330902
9900	198	194	0.379	0	194	0	0:02:50.275000
10000	200	-1	0.0	0	-1	0	0:02:50.273383
10100	202	-1	0.0	0	182	0	0:02:50.311525
10200	204	204	0.791	1	204	1	0:02:50.485051
10300	206	206	0.497	1	206	1	0:02:50.168269
10400	208	205	1.39	0	205	0	0:02:50.369107
10500	210	210	1.43	1	210	1	0:02:50.403197
10600	212	-1	0.0	0	194	0	0:02:51.785966
10700	214	-1	0.0	0	197	0	0:02:52.199916
10800	216	-1	0.0	0	169	0	0:02:52.302828
10900	218	218	3.53	1	218	1	0:02:50.878593
11000	220	220	1.65	1	220	1	0:02:50.669155
11100	222	270	0.253	0	270	0	0:02:51.231657
11200	224	384	0.0226	0	384	0	0:02:50.761527
11300	226	226	2.83	1	226	1	0:02:50.804668
11400	228	228	0.727	1	228	1	0:02:50.483255
11500	230	230	2.75	1	230	1	0:02:50.433717
11600	232	232	0.879	1	232	1	0:02:50.484052
11700	234	-1	0.0	0	205	0	0:02:54.291358
11800	236	164	0.257	0	164	0	0:02:53.619364
11900	238	238	1.04	1	238	1	0:02:54.595935
12000	240	238	1.91	0	238	0	0:02:56.546879
12100	242	171	0.357	0	171	0	0:02:54.521306
12200	244	244	3.06	1	244	1	0:02:56.002580
12300	246	-1	0.0	0	251	0	0:02:54.840528
12400	248	-1	0.0	0	248	1	0:02:56.700080
12500	250	384	0.101	0	384	0	0:02:52.786955
12600	252	244	1.99	0	244	0	0:02:50.535875
12700	254	254	0.536	1	254	1	0:02:50.479674
12800	256	256	3.58	1	256	1	0:02:50.921888
12900	258	232	0.635	0	232	0	0:02:50.655036
13000	260	260	1.81	1	260	1	0:02:50.506423
13100	262	262	3.6	1	262	1	0:02:50.687829
13200	264	232	0.64	0	232	0	0:02:50.545338
13300	266	266	2.69	1	266	1	0:02:50.638350
13400	268	268	1.25	1	268	1	0:02:50.650116
13500	270	270	2.87	1	270	1	0:02:51.012620
13600	272	-1	0.0	0	-1	0	0:02:50.869464
13700	274	274	2.39	1	274	1	0:02:50.725596
13800	276	276	1.64	1	276	1	0:02:50.493946
13900	278	278	1.69	1	278	1	0:02:50.622164
14000	280	280	1.91	1	280	1	0:02:50.572326
14100	282	282	1.29	1	282	1	0:02:50.883775
14200	284	284	3.6	1	284	1	0:02:50.591682
14300	286	286	3.67	1	286	1	0:02:50.811513
14400	288	290	1.47	0	290	0	0:02:50.592665
14500	290	290	0.18	1	290	1	0:02:50.463446
14600	292	290	2.22	0	290	0	0:02:51.019808
14700	294	294	3.16	1	294	1	0:02:50.663218
14800	296	279	0.0756	0	279	0	0:02:50.627292
14900	298	-1	0.0	0	331	0	0:02:50.698982
15000	300	300	1.41	1	300	1	0:02:50.831334
15100	302	310	0.0658	0	310	0	0:02:50.720231
15200	304	-1	0.0	0	989	0	0:02:50.612962
15300	306	316	0.354	0	316	0	0:02:50.815679
15400	308	303	2.26	0	303	0	0:02:50.599942
15500	310	310	0.577	1	310	1	0:02:50.905438
15600	312	-1	0.0	0	-1	0	0:02:50.593063
15700	314	304	2.78	0	304	0	0:02:50.810017
15800	316	316	0.826	1	316	1	0:02:50.784231
15900	318	-1	0.0	0	-1	0	0:02:51.182644
16000	320	320	3.55	1	320	1	0:02:50.355234
16100	322	309	1.31	0	309	0	0:02:50.620345
16200	324	324	3.72	1	324	1	0:02:50.630270
16300	326	326	2.94	1	326	1	0:02:50.856842
16400	328	328	3.55	1	328	1	0:02:50.684984
16500	330	343	1.2	0	343	0	0:02:50.908418
16600	332	265	0.944	0	265	0	0:02:50.762945
16700	334	334	0.938	1	334	1	0:02:50.943687
16800	336	373	1.05	0	373	0	0:02:51.347440
16900	338	452	0.368	0	452	0	0:02:52.971044
17000	340	340	3.67	1	340	1	0:02:52.943792
17100	342	342	0.73	1	342	1	0:02:53.117601
17200	344	150	0.646	0	150	0	0:02:52.876963
17300	346	-1	0.0	0	346	1	0:02:53.121219
17400	348	348	2.15	1	348	1	0:02:53.192859
17500	350	350	3.72	1	350	1	0:02:53.034253
17600	352	352	1.3	1	352	1	0:02:53.433766
17700	354	354	1.53	1	354	1	0:02:53.013145
17800	356	-1	0.0	0	278	0	0:02:52.503867
17900	358	359	1.84	0	359	0	0:02:52.707486
18000	360	360	0.609	1	360	1	0:02:52.816115
18100	362	362	3.63	1	362	1	0:02:52.601770
18200	364	364	1.48	1	364	1	0:02:52.996227
18300	366	366	0.376	1	366	1	0:02:52.546277
18400	368	376	1.33	0	376	0	0:02:52.701365
18500	370	370	3.58	1	370	1	0:02:53.108444
18600	372	150	0.56	0	150	0	0:02:52.851606
18700	374	-1	0.0	0	-1	0	0:02:52.620904
18800	376	376	1.72	1	376	1	0:02:52.457747
18900	378	-1	0.0	0	244	0	0:02:52.922637
19000	380	380	1.46	1	380	1	0:02:53.047188
19100	382	382	2.48	1	382	1	0:02:53.281100
19200	384	338	1.11	0	338	0	0:02:52.619460
19300	386	346	0.225	0	346	0	0:02:53.057208
19400	388	388	0.26	1	388	1	0:02:52.930742
19500	390	-1	0.0	0	392	0	0:02:53.028994
19600	392	397	3.29	0	397	0	0:02:52.872142
19700	394	568	0.117	0	568	0	0:02:52.467003
19800	396	396	3.63	1	396	1	0:02:52.640239
19900	398	398	0.725	1	398	1	0:02:52.672236
20000	400	400	0.556	1	400	1	0:02:52.699070
20100	402	990	0.826	0	990	0	0:02:52.795267
20200	404	404	3.09	1	404	1	0:02:52.887447
20300	406	562	0.224	0	562	0	0:02:52.627903
20400	408	-1	0.0	0	346	0	0:02:52.726424
20500	410	-1	0.0	0	212	0	0:02:52.582426
20600	412	412	0.247	1	412	1	0:02:52.970845
20700	414	414	1.76	1	414	1	0:02:52.988966
20800	416	416	3.6	1	416	1	0:02:52.895197
20900	418	558	3.19	0	558	0	0:02:52.932691
21000	420	432	0.14	0	432	0	0:02:52.936454
21100	422	604	0.708	0	604	0	0:02:53.063023
21200	424	424	0.0461	1	424	1	0:02:52.986661
21300	426	426	3.6	1	426	1	0:02:52.876935
21400	428	428	1.77	1	428	1	0:02:52.733952
21500	430	430	1.41	1	430	1	0:02:53.283811
21600	432	-1	0.0	0	432	1	0:02:52.896560
21700	434	452	0.471	0	452	0	0:02:53.075990
21800	436	436	3.34	1	436	1	0:02:52.798352
21900	438	463	0.277	0	463	0	0:02:52.129930
22000	440	-1	0.0	0	-1	0	0:02:51.315903
22100	442	442	3.58	1	442	1	0:02:51.158993
22200	444	-1	0.0	0	-1	0	0:02:50.412725
22300	446	-1	0.0	0	905	0	0:02:50.533810
22400	448	663	1.51	0	663	0	0:02:50.827735
22500	450	-1	0.0	0	646	0	0:02:50.434667
22600	452	-1	0.0	0	796	0	0:02:50.566924
22700	454	624	1.17	0	624	0	0:02:50.153512
22800	456	522	0.126	0	522	0	0:02:50.730290
22900	458	-1	0.0	0	556	0	0:02:50.817376
23000	460	976	0.718	0	976	0	0:02:50.759465
23100	462	500	0.541	0	500	0	0:02:50.454010
23200	464	686	1.16	0	686	0	0:02:50.630174
23300	466	466	3.55	1	466	1	0:02:50.503040
23400	468	468	3.32	1	468	1	0:02:50.294442
23500	470	-1	0.0	0	498	0	0:02:49.924510
23600	472	472	3.55	1	472	1	0:02:50.367847
23700	474	715	0.69	0	715	0	0:02:50.320378
23800	476	476	3.24	1	476	1	0:02:50.283818
23900	478	526	0.156	0	526	0	0:02:50.727140
24000	480	877	1.04	0	877	0	0:02:50.420265
24100	482	-1	0.0	0	860	0	0:02:50.764449
24200	484	871	3.58	0	871	0	0:02:50.259901
24300	486	486	1.29	1	486	1	0:02:50.403079
24400	488	483	1.3	0	483	0	0:02:50.147631
24500	490	-1	0.0	0	490	1	0:02:50.623919
24600	492	779	0.79	0	779	0	0:02:49.950528
24700	494	878	2.36	0	878	0	0:02:50.029747
24800	496	-1	0.0	0	591	0	0:02:50.433340
24900	498	498	3.45	1	498	1	0:02:51.048954
25000	500	500	1.87	1	500	1	0:02:51.097983
25100	502	502	2.3	1	502	1	0:02:51.418215
25200	504	766	0.78	0	766	0	0:02:50.307785
25300	506	506	1.64	1	506	1	0:02:50.253177
25400	508	508	1.45	1	508	1	0:02:50.425863
25500	510	510	2.89	1	510	1	0:02:50.314182
25600	512	-1	0.0	0	27	0	0:02:51.511207
25700	514	514	3.63	1	514	1	0:02:51.139287
25800	516	-1	0.0	0	333	0	0:02:50.986137
25900	518	518	3.72	1	518	1	0:02:51.492123
26000	520	520	0.627	1	520	1	0:02:51.345189
26100	522	522	1.21	1	522	1	0:02:50.866714
26200	524	-1	0.0	0	-1	0	0:02:51.217851
26300	526	527	0.612	0	527	0	0:02:50.967089
26400	528	478	0.455	0	478	0	0:02:50.334791
26500	530	-1	0.0	0	531	0	0:02:51.562356
26600	532	846	1.98	0	846	0	0:02:50.229564
26700	534	-1	0.0	0	534	1	0:02:50.054373
26800	536	403	1.85	0	403	0	0:02:49.909643
26900	538	538	3.67	1	538	1	0:02:50.048887
27000	540	540	2.97	1	540	1	0:02:50.416774
27100	542	477	1.81	0	477	0	0:02:51.591089
27200	544	766	0.44	0	766	0	0:02:50.345236
27300	546	546	2.96	1	546	1	0:02:50.707658
27400	548	548	3.09	1	548	1	0:02:50.369816
27500	550	505	3.58	0	505	0	0:02:50.144125
27600	552	552	3.63	1	552	1	0:02:50.723283
27700	554	554	1.63	1	554	1	0:02:50.843367
27800	556	790	2.84	0	790	0	0:02:50.618929
27900	558	257	1.16	0	257	0	0:02:50.118992
28000	560	560	1.81	1	560	1	0:02:50.577897
28100	562	562	1.44	1	562	1	0:02:50.109807
28200	564	-1	0.0	0	669	0	0:02:50.539343
28300	566	-1	0.0	0	887	0	0:02:50.178103
28400	568	399	0.856	0	399	0	0:02:50.295827
28500	570	754	0.196	0	754	0	0:02:50.137450
28600	572	572	0.224	1	572	1	0:02:50.165015
28700	574	574	3.58	1	574	1	0:02:50.231447
28800	576	-1	0.0	0	880	0	0:02:49.962116
28900	578	-1	0.0	0	894	0	0:02:50.650326
29000	580	-1	0.0	0	-1	0	0:02:50.791630
29100	582	-1	0.0	0	994	0	0:02:51.323225
29200	584	745	1.02	0	745	0	0:02:51.019527
29300	586	586	2.75	1	586	1	0:02:51.463607
29400	588	588	3.3	1	588	1	0:02:50.977103
29500	590	590	1.29	1	590	1	0:02:51.303673
29600	592	868	0.373	0	868	0	0:02:50.318751
29700	594	612	0.818	0	612	0	0:02:51.236736
29800	596	825	2.4	0	825	0	0:02:51.276792
29900	598	664	3.6	0	664	0	0:02:51.173565
30000	600	417	1.56	0	417	0	0:02:50.912710
30100	602	602	2.85	1	602	1	0:02:51.474389
30200	604	743	1.03	0	743	0	0:02:51.101870
30300	606	606	2.96	1	606	1	0:02:50.556194
30400	608	523	1.32	0	523	0	0:02:50.696940
30500	610	610	2.73	1	610	1	0:02:50.343101
30600	612	612	3.6	1	612	1	0:02:50.650627
30700	614	-1	0.0	0	614	1	0:02:49.868808
30800	616	-1	0.0	0	594	0	0:02:49.824195
30900	618	758	0.7	0	758	0	0:02:50.073126
31000	620	575	0.0903	0	575	0	0:02:50.303779
31100	622	622	3.49	1	622	1	0:02:49.874117
31200	624	905	0.233	0	905	0	0:02:50.157075
31300	626	692	1.25	0	692	0	0:02:50.939103
31400	628	737	0.301	0	737	0	0:02:50.030093
31500	630	703	0.574	0	703	0	0:02:50.441967
31600	632	632	1.03	1	632	1	0:02:50.727003
31700	634	489	3.72	0	489	0	0:02:50.861181
31800	636	636	3.46	1	636	1	0:02:51.050999
31900	638	638	1.11	1	638	1	0:02:51.146607
32000	640	640	3.37	1	640	1	0:02:51.154843
32100	642	642	3.67	1	642	1	0:02:50.052702
32200	644	644	0.958	1	644	1	0:02:50.248961
32300	646	798	1.21	0	798	0	0:02:51.213197
32400	648	648	0.384	1	648	1	0:02:50.687145
32500	650	-1	0.0	0	546	0	0:02:51.000287
32600	652	652	1.7	1	652	1	0:02:51.300259
32700	654	436	0.971	0	436	0	0:02:50.161212
32800	656	656	2.52	1	656	1	0:02:50.180210
32900	658	658	3.63	1	658	1	0:02:50.374674
33000	660	660	2.86	1	660	1	0:02:50.647567
33100	662	-1	0.0	0	769	0	0:02:50.526538
33200	664	-1	0.0	0	851	0	0:02:50.301471
33300	666	659	2.3	0	659	0	0:02:51.306807
33400	668	517	0.0288	0	517	0	0:02:50.849751
33500	670	670	2.5	1	670	1	0:02:51.150888
33600	672	979	2.8	0	979	0	0:02:51.258293
33700	674	448	0.195	0	448	0	0:02:51.631705
33800	676	960	0.954	0	960	0	0:02:50.747927
33900	678	678	2.48	1	678	1	0:02:50.148170
34000	680	591	0.297	0	591	0	0:02:50.713641
34100	682	682	0.256	1	682	1	0:02:51.105645
34200	684	684	0.936	1	684	1	0:02:51.362628
34300	686	822	0.279	0	822	0	0:02:50.576608
34400	688	688	3.6	1	688	1	0:02:50.888304
34500	690	690	2.26	1	690	1	0:02:51.411300
34600	692	571	0.0864	0	571	0	0:02:50.481435
34700	694	694	3.67	1	694	1	0:02:50.906412
34800	696	-1	0.0	0	34	0	0:02:50.426937
34900	698	663	3.11	0	663	0	0:02:51.015053
35000	700	478	0.152	0	478	0	0:02:51.020656
35100	702	702	0.374	1	702	1	0:02:50.468114
35200	704	877	0.256	0	877	0	0:02:50.808142
35300	706	536	0.926	0	536	0	0:02:50.366273
35400	708	682	3.46	0	682	0	0:02:50.981395
35500	710	-1	0.0	0	482	0	0:02:50.698395
35600	712	-1	0.0	0	441	0	0:02:51.198656
35700	714	714	2.84	1	714	1	0:02:50.614496
35800	716	716	0.399	1	716	1	0:02:50.522859
35900	718	425	0.312	0	425	0	0:02:50.875887
36000	720	951	0.15	0	951	0	0:02:50.350379
36100	722	722	2.77	1	722	1	0:02:50.758380
36200	724	780	3.67	0	780	0	0:02:50.938074
36300	726	726	1.78	1	726	1	0:02:49.932948
36400	728	-1	0.0	0	714	0	0:02:50.142616
36500	730	856	2.34	0	856	0	0:02:50.882132
36600	732	732	3.63	1	732	1	0:02:51.251331
36700	734	734	3.58	1	734	1	0:02:50.743221
36800	736	736	3.72	1	736	1	0:02:50.563352
36900	738	-1	0.0	0	738	1	0:02:50.489528
37000	740	450	0.905	0	450	0	0:02:50.876412
37100	742	-1	0.0	0	466	0	0:02:50.978888
37200	744	442	1.46	0	442	0	0:02:50.200755
37300	746	746	3.79	1	746	1	0:02:50.324572
37400	748	893	0.902	0	893	0	0:02:50.624432
37500	750	-1	0.0	0	259	0	0:02:50.034870
37600	752	-1	0.0	0	423	0	0:02:50.075500
37700	754	754	0.258	1	754	1	0:02:50.391812
37800	756	756	3.53	1	756	1	0:02:50.683649
37900	758	-1	0.0	0	726	0	0:02:50.395560
38000	760	799	1.66	0	799	0	0:02:50.172908
38100	762	762	0.685	1	762	1	0:02:50.937962
38200	764	-1	0.0	0	650	0	0:02:50.747898
38300	766	766	3.58	1	766	1	0:02:50.923242
38400	768	416	0.389	0	416	0	0:02:51.039456
38500	770	-1	0.0	0	676	0	0:02:50.530498
38600	772	419	0.0234	0	419	0	0:02:50.366675
38700	774	-1	0.0	0	514	0	0:02:50.315754
38800	776	645	0.238	0	645	0	0:02:50.068731
38900	778	747	1.72	0	747	0	0:02:50.515547
39000	780	484	1.3	0	484	0	0:02:50.752624
39100	782	664	3.43	0	664	0	0:02:51.450401
39200	784	828	0.547	0	828	0	0:02:51.465981
39300	786	665	1.48	0	665	0	0:02:51.203990
39400	788	-1	0.0	0	702	0	0:02:51.324060
39500	790	830	1.81	0	830	0	0:02:51.280957
39600	792	792	1.49	1	792	1	0:02:50.270408
39700	794	794	1.81	1	794	1	0:02:50.812968
39800	796	796	3.35	1	796	1	0:02:50.709208
39900	798	-1	0.0	0	798	1	0:02:50.452939
40000	800	800	2.86	1	800	1	0:02:51.231251
40100	802	802	1.37	1	802	1	0:02:51.055270
40200	804	707	0.778	0	707	0	0:02:51.215848
40300	806	774	0.22	0	774	0	0:02:51.041369
40400	808	823	0.228	0	823	0	0:02:51.042463
40500	810	810	3.67	1	810	1	0:02:51.056086
40600	812	812	3.6	1	812	1	0:02:50.873881
40700	814	628	0.56	0	628	0	0:02:50.908244
40800	816	816	2.64	1	816	1	0:02:50.894528
40900	818	-1	0.0	0	732	0	0:02:50.925428
41000	820	820	0.339	1	820	1	0:02:50.351311
41100	822	822	3.27	1	822	1	0:02:50.465327
41200	824	824	0.516	1	824	1	0:02:50.606806
41300	826	531	2.09	0	531	0	0:02:50.227378
41400	828	818	1.16	0	818	0	0:02:51.325914
41500	830	-1	0.0	0	643	0	0:02:51.303772
41600	832	832	3.6	1	832	1	0:02:50.804041
41700	834	834	1.89	1	834	1	0:02:50.620613
41800	836	444	0.606	0	444	0	0:02:50.707610
41900	838	478	0.476	0	478	0	0:02:50.779243
42000	840	455	0.672	0	455	0	0:02:51.004460
42100	842	752	0.795	0	752	0	0:02:50.882435
42200	844	844	3.24	1	844	1	0:02:51.048869
42300	846	532	0.462	0	532	0	0:02:51.045927
42400	848	-1	0.0	0	624	0	0:02:50.539828
42500	850	850	1.35	1	850	1	0:02:50.970938
42600	852	852	3.79	1	852	1	0:02:51.475001
42700	854	-1	0.0	0	950	0	0:02:51.095140
42800	856	856	0.44	1	856	1	0:02:51.300505
42900	858	-1	0.0	0	564	0	0:02:51.305494
43000	860	941	0.618	0	941	0	0:02:50.891492
43100	862	467	0.579	0	467	0	0:02:51.157601
43200	864	-1	0.0	0	29	0	0:02:50.798209
43300	866	-1	0.0	0	801	0	0:02:51.183851
43400	868	967	0.968	0	967	0	0:02:51.250498
43500	870	-1	0.0	0	-1	0	0:02:51.454839
43600	872	-1	0.0	0	731	0	0:02:51.552484
43700	874	874	3.48	1	874	1	0:02:53.792098
43800	876	648	2.8	0	648	0	0:02:54.167026
43900	878	878	0.844	1	878	1	0:02:53.421149
44000	880	621	0.256	0	621	0	0:02:53.694038
44100	882	760	0.179	0	760	0	0:02:53.872266
44200	884	884	1.26	1	884	1	0:02:53.713835
44300	886	886	3.6	1	886	1	0:02:53.210612
44400	888	718	3.53	0	718	0	0:02:53.392133
44500	890	645	0.0175	0	645	0	0:02:53.884152
44600	892	663	0.893	0	663	0	0:02:53.078286
44700	894	894	1.14	1	894	1	0:02:53.666836
44800	896	-1	0.0	0	430	0	0:02:53.748940
44900	898	458	1.87	0	458	0	0:02:53.448025
45000	900	900	2.03	1	900	1	0:02:53.867075
45100	902	902	3.63	1	902	1	0:02:54.012045
45200	904	905	2.51	0	905	0	0:02:53.525162
45300	906	906	0.992	1	906	1	0:02:53.561072
45400	908	895	0.0306	0	895	0	0:02:53.413901
45500	910	641	3.72	0	641	0	0:02:53.577157
45600	912	730	1.75	0	730	0	0:02:54.121572
45700	914	914	3.6	1	914	1	0:02:53.350351
45800	916	916	3.67	1	916	1	0:02:54.250566
45900	918	918	3.14	1	918	1	0:02:53.636676
46000	920	-1	0.0	0	796	0	0:02:53.448945
46100	922	922	3.55	1	922	1	0:02:53.132597
46200	924	924	2.65	1	924	1	0:02:53.266018
46300	926	926	3.63	1	926	1	0:02:53.242014
46400	928	332	1.06	0	332	0	0:02:53.699398
46500	930	964	2.4	0	964	0	0:02:53.193501
46600	932	932	1.7	1	932	1	0:02:53.600280
46700	934	937	1.28	0	937	0	0:02:53.773206
46800	936	936	1.41	1	936	1	0:02:53.174529
46900	938	937	2.5	0	937	0	0:02:53.897611
47000	940	940	0.584	1	940	1	0:02:53.823008
47100	942	942	3.53	1	942	1	0:02:53.612170
47200	944	946	3.24	0	946	0	0:02:53.317237
47300	946	946	3.63	1	946	1	0:02:53.448178
47400	948	948	1.98	1	948	1	0:02:53.547309
47500	950	950	1.72	1	950	1	0:02:53.173953
47600	952	90	3.58	0	90	0	0:02:53.485005
47700	954	-1	0.0	0	954	1	0:02:53.519272
47800	956	956	2.57	1	956	1	0:02:52.766443
47900	958	483	3.14	0	483	0	0:02:53.122555
48000	960	213	0.356	0	213	0	0:02:52.515609
48100	962	962	0.571	1	962	1	0:02:52.556732
48200	964	-1	0.0	0	-1	0	0:02:50.141013
48300	966	594	0.435	0	594	0	0:02:50.332723
48400	968	968	1.98	1	968	1	0:02:50.483379
48500	970	795	3.48	0	795	0	0:02:50.566922
48600	972	979	2.79	0	979	0	0:02:50.184463
48700	974	974	3.46	1	974	1	0:02:50.141639
48800	976	-1	0.0	0	628	0	0:02:50.435527
48900	978	693	1.5	0	693	0	0:02:50.468439
49000	980	980	3.79	1	980	1	0:02:50.221537
49100	982	982	1.76	1	982	1	0:02:50.335388
49200	984	984	3.49	1	984	1	0:02:50.795077
49300	986	986	3.72	1	986	1	0:02:50.100486
49400	988	112	0.0331	0	112	0	0:02:49.941875
49500	990	956	0.483	0	956	0	0:02:50.156472
49600	992	992	2.72	1	992	1	0:02:50.545579
49700	994	994	2.76	1	994	1	0:02:50.142152
49800	996	996	0.41	1	996	1	0:02:51.227338
49900	998	987	3.55	0	987	0	0:02:50.459588
