idx	label	predict	correct	time
0	3	3	1	0:00:00.374120
20	7	7	1	0:00:00.055197
40	4	4	1	0:00:00.058249
60	7	7	1	0:00:00.058979
80	8	8	1	0:00:00.056886
100	4	4	1	0:00:00.056373
120	8	8	1	0:00:00.057421
140	6	6	1	0:00:00.058738
160	2	2	1	0:00:00.055809
180	0	0	1	0:00:00.056620
200	5	5	1	0:00:00.058146
220	7	7	1	0:00:00.056171
240	1	1	1	0:00:00.056686
260	8	8	1	0:00:00.052276
280	9	9	1	0:00:00.056503
300	6	6	1	0:00:00.058053
320	3	3	1	0:00:00.057930
340	2	2	1	0:00:00.058441
360	9	9	1	0:00:00.056509
380	6	6	1	0:00:00.054971
400	9	9	1	0:00:00.053141
420	4	4	1	0:00:00.056941
440	1	1	1	0:00:00.057650
460	5	5	1	0:00:00.057724
480	8	8	1	0:00:00.058088
500	4	4	1	0:00:00.057553
520	5	5	1	0:00:00.058748
540	1	1	1	0:00:00.058313
560	0	0	1	0:00:00.058072
580	4	4	1	0:00:00.058239
600	8	8	1	0:00:00.058082
620	7	7	1	0:00:00.053858
640	5	5	1	0:00:00.055223
660	9	9	1	0:00:00.056770
680	9	9	1	0:00:00.057572
700	7	7	1	0:00:00.057181
720	4	4	1	0:00:00.056440
740	2	2	1	0:00:00.057952
760	3	3	1	0:00:00.057990
780	9	9	1	0:00:00.058140
800	7	7	1	0:00:00.056773
820	6	6	1	0:00:00.058250
840	7	7	1	0:00:00.057493
860	4	4	1	0:00:00.057117
880	8	8	1	0:00:00.058169
900	2	2	1	0:00:00.056017
920	6	6	1	0:00:00.056214
940	9	9	1	0:00:00.056156
960	9	9	1	0:00:00.057220
980	2	2	1	0:00:00.056705
1000	5	5	1	0:00:00.052845
1020	1	1	1	0:00:00.056227
1040	7	7	1	0:00:00.057580
1060	9	9	1	0:00:00.058363
1080	6	6	1	0:00:00.057555
1100	7	7	1	0:00:00.058309
1120	5	5	1	0:00:00.057926
1140	6	6	1	0:00:00.056128
1160	8	8	1	0:00:00.056148
1180	3	3	1	0:00:00.056557
1200	8	8	1	0:00:00.060358
1220	9	9	1	0:00:00.057748
1240	2	2	1	0:00:00.056947
1260	1	1	1	0:00:00.055457
1280	3	3	1	0:00:00.057572
1300	4	4	1	0:00:00.054923
1320	7	7	1	0:00:00.055851
1340	1	1	1	0:00:00.057764
1360	7	7	1	0:00:00.054216
1380	4	4	1	0:00:00.055876
1400	5	5	1	0:00:00.056192
1420	4	4	1	0:00:00.054615
1440	0	2	0	0:00:00.053043
1460	6	6	1	0:00:00.054816
1480	1	1	1	0:00:00.053625
1500	1	1	1	0:00:00.051193
1520	7	7	1	0:00:00.053269
1540	8	8	1	0:00:00.055310
1560	7	7	1	0:00:00.056346
1580	6	6	1	0:00:00.056902
1600	8	8	1	0:00:00.053760
1620	5	5	1	0:00:00.051238
1640	7	7	1	0:00:00.053187
1660	3	3	1	0:00:00.055784
1680	6	6	1	0:00:00.050245
1700	5	5	1	0:00:00.055069
1720	4	4	1	0:00:00.055455
1740	1	1	1	0:00:00.057983
1760	0	0	1	0:00:00.057561
1780	7	7	1	0:00:00.055779
1800	4	4	1	0:00:00.054949
1820	8	8	1	0:00:00.056286
1840	8	8	1	0:00:00.056785
1860	8	8	1	0:00:00.055750
1880	1	1	1	0:00:00.054753
1900	8	8	1	0:00:00.056284
1920	2	2	1	0:00:00.055379
1940	5	5	1	0:00:00.055365
1960	2	2	1	0:00:00.055721
1980	9	9	1	0:00:00.055118
2000	1	1	1	0:00:00.057427
2020	9	9	1	0:00:00.055560
2040	0	0	1	0:00:00.055161
2060	5	5	1	0:00:00.056621
2080	1	1	1	0:00:00.053637
2100	2	2	1	0:00:00.055950
2120	4	4	1	0:00:00.053822
2140	9	9	1	0:00:00.055784
2160	0	0	1	0:00:00.055417
2180	4	4	1	0:00:00.055925
2200	0	0	1	0:00:00.057376
2220	1	1	1	0:00:00.055306
2240	9	9	1	0:00:00.054497
2260	4	4	1	0:00:00.056178
2280	4	4	1	0:00:00.055492
2300	3	3	1	0:00:00.054597
2320	5	5	1	0:00:00.056926
2340	7	7	1	0:00:00.053909
2360	7	7	1	0:00:00.057202
2380	8	8	1	0:00:00.056632
2400	0	0	1	0:00:00.054170
2420	8	8	1	0:00:00.055437
2440	7	7	1	0:00:00.057369
2460	9	9	1	0:00:00.056924
2480	8	8	1	0:00:00.053743
2500	4	4	1	0:00:00.056073
2520	1	1	1	0:00:00.055974
2540	2	2	1	0:00:00.054757
2560	7	7	1	0:00:00.056985
2580	6	6	1	0:00:00.056759
2600	8	8	1	0:00:00.054065
2620	1	1	1	0:00:00.053697
2640	7	7	1	0:00:00.056817
2660	3	3	1	0:00:00.056065
2680	0	0	1	0:00:00.052031
2700	9	9	1	0:00:00.050806
2720	3	3	1	0:00:00.056921
2740	1	1	1	0:00:00.053260
2760	2	2	1	0:00:00.056592
2780	7	7	1	0:00:00.057610
2800	4	4	1	0:00:00.056132
2820	6	6	1	0:00:00.057153
2840	3	3	1	0:00:00.055942
2860	5	5	1	0:00:00.054444
2880	4	4	1	0:00:00.056607
2900	3	3	1	0:00:00.053357
2920	2	2	1	0:00:00.053576
2940	3	3	1	0:00:00.055791
2960	9	9	1	0:00:00.055158
2980	8	8	1	0:00:00.054982
3000	5	5	1	0:00:00.055292
3020	1	1	1	0:00:00.055508
3040	7	7	1	0:00:00.056947
3060	7	7	1	0:00:00.053310
3080	1	1	1	0:00:00.056566
3100	0	0	1	0:00:00.056258
3120	4	4	1	0:00:00.057294
3140	8	8	1	0:00:00.054807
3160	6	6	1	0:00:00.054260
3180	3	3	1	0:00:00.056808
3200	5	5	1	0:00:00.054729
3220	3	3	1	0:00:00.057400
3240	4	4	1	0:00:00.056788
3260	7	7	1	0:00:00.056594
3280	3	3	1	0:00:00.051884
3300	4	4	1	0:00:00.051278
3320	2	2	1	0:00:00.051547
3340	6	6	1	0:00:00.055749
3360	4	4	1	0:00:00.054762
3380	8	8	1	0:00:00.050655
3400	6	6	1	0:00:00.051412
3420	5	5	1	0:00:00.054012
3440	2	2	1	0:00:00.049807
3460	1	1	1	0:00:00.054608
3480	2	2	1	0:00:00.049380
3500	1	1	1	0:00:00.053383
3520	1	1	1	0:00:00.055879
3540	6	6	1	0:00:00.055750
3560	1	9	0	0:00:00.053911
3580	4	4	1	0:00:00.054216
3600	4	4	1	0:00:00.053807
3620	0	0	1	0:00:00.056147
3640	6	6	1	0:00:00.055170
3660	0	0	1	0:00:00.054009
3680	0	0	1	0:00:00.057462
3700	3	3	1	0:00:00.056748
3720	2	2	1	0:00:00.054721
3740	0	0	1	0:00:00.050429
3760	7	7	1	0:00:00.052551
3780	4	4	1	0:00:00.049026
3800	9	9	1	0:00:00.054633
3820	0	0	1	0:00:00.053267
3840	6	6	1	0:00:00.052639
3860	7	7	1	0:00:00.054191
3880	6	6	1	0:00:00.056573
3900	3	3	1	0:00:00.053945
3920	7	7	1	0:00:00.055723
3940	6	6	1	0:00:00.057236
3960	2	2	1	0:00:00.055248
3980	9	9	1	0:00:00.054515
4000	8	8	1	0:00:00.056857
4020	8	8	1	0:00:00.055414
4040	0	0	1	0:00:00.054833
4060	6	6	1	0:00:00.056387
4080	1	1	1	0:00:00.054620
4100	7	7	1	0:00:00.056212
4120	4	4	1	0:00:00.053620
4140	5	5	1	0:00:00.057615
4160	5	5	1	0:00:00.056520
4180	0	0	1	0:00:00.054675
4200	4	4	1	0:00:00.053536
4220	4	4	1	0:00:00.053606
4240	7	7	1	0:00:00.058107
4260	8	8	1	0:00:00.054520
4280	8	8	1	0:00:00.054646
4300	8	8	1	0:00:00.057698
4320	1	1	1	0:00:00.055552
4340	0	0	1	0:00:00.054288
4360	6	6	1	0:00:00.054952
4380	9	9	1	0:00:00.055897
4400	3	3	1	0:00:00.055489
4420	5	5	1	0:00:00.055874
4440	2	2	1	0:00:00.057479
4460	9	9	1	0:00:00.055816
4480	9	9	1	0:00:00.053653
4500	3	3	1	0:00:00.056376
4520	3	3	1	0:00:00.055011
4540	9	9	1	0:00:00.049687
4560	1	1	1	0:00:00.051215
4580	6	6	1	0:00:00.056320
4600	4	4	1	0:00:00.053674
4620	7	7	1	0:00:00.054704
4640	2	2	1	0:00:00.055342
4660	7	7	1	0:00:00.055146
4680	9	9	1	0:00:00.049700
4700	6	6	1	0:00:00.053467
4720	8	8	1	0:00:00.053362
4740	5	3	0	0:00:00.055449
4760	3	3	1	0:00:00.054999
4780	0	0	1	0:00:00.054993
4800	9	9	1	0:00:00.056226
4820	3	3	1	0:00:00.053988
4840	0	0	1	0:00:00.057413
4860	5	5	1	0:00:00.055594
4880	0	0	1	0:00:00.054656
4900	3	3	1	0:00:00.055999
4920	7	7	1	0:00:00.053215
4940	6	6	1	0:00:00.056144
4960	4	4	1	0:00:00.053635
4980	1	1	1	0:00:00.056557
5000	7	7	1	0:00:00.054968
5020	8	8	1	0:00:00.055586
5040	3	3	1	0:00:00.055001
5060	6	6	1	0:00:00.054083
5080	7	7	1	0:00:00.057975
5100	3	3	1	0:00:00.057596
5120	9	9	1	0:00:00.055307
5140	8	8	1	0:00:00.049968
5160	0	0	1	0:00:00.057300
5180	9	9	1	0:00:00.053622
5200	3	3	1	0:00:00.052800
5220	0	0	1	0:00:00.052840
5240	1	1	1	0:00:00.053701
5260	0	0	1	0:00:00.054351
5280	0	0	1	0:00:00.054373
5300	9	9	1	0:00:00.055079
5320	7	7	1	0:00:00.055812
5340	3	3	1	0:00:00.054514
5360	9	9	1	0:00:00.056550
5380	1	1	1	0:00:00.057194
5400	9	9	1	0:00:00.053498
5420	6	6	1	0:00:00.055384
5440	9	9	1	0:00:00.055407
5460	0	0	1	0:00:00.052041
5480	1	1	1	0:00:00.051799
5500	8	8	1	0:00:00.048678
5520	4	4	1	0:00:00.050876
5540	5	5	1	0:00:00.055526
5560	3	3	1	0:00:00.054709
5580	5	5	1	0:00:00.056028
5600	6	6	1	0:00:00.056919
5620	3	3	1	0:00:00.053509
5640	2	2	1	0:00:00.057765
5660	9	9	1	0:00:00.055155
5680	2	2	1	0:00:00.054906
5700	3	3	1	0:00:00.055920
5720	9	9	1	0:00:00.055626
5740	6	6	1	0:00:00.050428
5760	2	2	1	0:00:00.053550
5780	7	7	1	0:00:00.057120
5800	2	2	1	0:00:00.055915
5820	5	5	1	0:00:00.055138
5840	2	2	1	0:00:00.057523
5860	0	0	1	0:00:00.055842
5880	0	0	1	0:00:00.055025
5900	4	4	1	0:00:00.056713
5920	8	8	1	0:00:00.055333
5940	7	7	1	0:00:00.050469
5960	2	2	1	0:00:00.056067
5980	9	9	1	0:00:00.055640
6000	8	8	1	0:00:00.053357
6020	6	6	1	0:00:00.054385
6040	2	2	1	0:00:00.052339
6060	3	3	1	0:00:00.053661
6080	1	1	1	0:00:00.056750
6100	1	1	1	0:00:00.058497
6120	5	5	1	0:00:00.054107
6140	9	9	1	0:00:00.053458
6160	2	2	1	0:00:00.054379
6180	0	0	1	0:00:00.056947
6200	3	3	1	0:00:00.056707
6220	2	2	1	0:00:00.053476
6240	2	2	1	0:00:00.055460
6260	2	2	1	0:00:00.056485
6280	8	8	1	0:00:00.054405
6300	1	1	1	0:00:00.056138
6320	0	0	1	0:00:00.056249
6340	3	3	1	0:00:00.055314
6360	2	2	1	0:00:00.054967
6380	3	3	1	0:00:00.055859
6400	0	0	1	0:00:00.054384
6420	7	7	1	0:00:00.055526
6440	3	3	1	0:00:00.056254
6460	3	3	1	0:00:00.056299
6480	0	0	1	0:00:00.055420
6500	7	7	1	0:00:00.054944
6520	6	6	1	0:00:00.055355
6540	8	8	1	0:00:00.054348
6560	6	6	1	0:00:00.054220
6580	1	1	1	0:00:00.056393
6600	7	7	1	0:00:00.057348
6620	7	7	1	0:00:00.056718
6640	5	5	1	0:00:00.056087
6660	0	0	1	0:00:00.055952
6680	3	3	1	0:00:00.054929
6700	6	6	1	0:00:00.056030
6720	2	2	1	0:00:00.055280
6740	2	2	1	0:00:00.054705
6760	5	5	1	0:00:00.054749
6780	7	7	1	0:00:00.053680
6800	6	6	1	0:00:00.053752
6820	1	1	1	0:00:00.057471
6840	9	9	1	0:00:00.056955
6860	0	0	1	0:00:00.055300
6880	2	2	1	0:00:00.054663
6900	3	3	1	0:00:00.055050
6920	5	5	1	0:00:00.054918
6940	1	1	1	0:00:00.054821
6960	9	9	1	0:00:00.054749
6980	0	0	1	0:00:00.055098
7000	2	2	1	0:00:00.056529
7020	7	7	1	0:00:00.053279
7040	7	7	1	0:00:00.054943
7060	8	8	1	0:00:00.051952
7080	5	5	1	0:00:00.056375
7100	9	9	1	0:00:00.056274
7120	7	7	1	0:00:00.053451
7140	4	4	1	0:00:00.056165
7160	5	5	1	0:00:00.056986
7180	6	6	1	0:00:00.057425
7200	4	4	1	0:00:00.054498
7220	9	9	1	0:00:00.055975
7240	0	0	1	0:00:00.053932
7260	1	1	1	0:00:00.057544
7280	1	1	1	0:00:00.055619
7300	3	3	1	0:00:00.055363
7320	8	8	1	0:00:00.055598
7340	2	2	1	0:00:00.054521
7360	2	2	1	0:00:00.055974
7380	7	7	1	0:00:00.054205
7400	3	3	1	0:00:00.055247
7420	3	3	1	0:00:00.055700
7440	3	3	1	0:00:00.053626
7460	5	5	1	0:00:00.057245
7480	1	1	1	0:00:00.056101
7500	6	6	1	0:00:00.054152
7520	4	4	1	0:00:00.056495
7540	5	5	1	0:00:00.053919
7560	0	0	1	0:00:00.056576
7580	8	8	1	0:00:00.055470
7600	8	8	1	0:00:00.055120
7620	5	5	1	0:00:00.054548
7640	9	9	1	0:00:00.056373
7660	7	7	1	0:00:00.055711
7680	3	3	1	0:00:00.055561
7700	6	6	1	0:00:00.057445
7720	5	5	1	0:00:00.055612
7740	4	4	1	0:00:00.054431
7760	2	2	1	0:00:00.056505
7780	3	3	1	0:00:00.054187
7800	0	0	1	0:00:00.054952
7820	5	5	1	0:00:00.055097
7840	1	1	1	0:00:00.055646
7860	8	8	1	0:00:00.057299
7880	0	0	1	0:00:00.055176
7900	0	0	1	0:00:00.054199
7920	9	9	1	0:00:00.057209
7940	2	2	1	0:00:00.055339
7960	0	0	1	0:00:00.054485
7980	3	3	1	0:00:00.055500
8000	9	9	1	0:00:00.055079
8020	6	6	1	0:00:00.056387
8040	2	2	1	0:00:00.053442
8060	6	6	1	0:00:00.050934
8080	4	4	1	0:00:00.055805
8100	6	6	1	0:00:00.053868
8120	8	8	1	0:00:00.056212
8140	5	5	1	0:00:00.054731
8160	6	6	1	0:00:00.058227
8180	4	4	1	0:00:00.056708
8200	3	3	1	0:00:00.054626
8220	6	6	1	0:00:00.055817
8240	7	7	1	0:00:00.056270
8260	1	1	1	0:00:00.055056
8280	4	4	1	0:00:00.054517
8300	5	5	1	0:00:00.054802
8320	7	7	1	0:00:00.055020
8340	5	5	1	0:00:00.055189
8360	7	7	1	0:00:00.054585
8380	9	9	1	0:00:00.056034
8400	0	0	1	0:00:00.054854
8420	3	3	1	0:00:00.056419
8440	5	5	1	0:00:00.055021
8460	8	8	1	0:00:00.054260
8480	2	6	0	0:00:00.053843
8500	4	4	1	0:00:00.055003
8520	8	8	1	0:00:00.055060
8540	4	4	1	0:00:00.054136
8560	7	7	1	0:00:00.056919
8580	3	3	1	0:00:00.055996
8600	3	3	1	0:00:00.054622
8620	3	3	1	0:00:00.057018
8640	1	1	1	0:00:00.054470
8660	7	7	1	0:00:00.055157
8680	3	3	1	0:00:00.055207
8700	3	3	1	0:00:00.053878
8720	2	2	1	0:00:00.057742
8740	2	2	1	0:00:00.055718
8760	8	8	1	0:00:00.054907
8780	4	4	1	0:00:00.054306
8800	0	0	1	0:00:00.056231
8820	2	2	1	0:00:00.058388
8840	2	2	1	0:00:00.056987
8860	2	2	1	0:00:00.055249
8880	1	1	1	0:00:00.055722
8900	2	2	1	0:00:00.056511
8920	6	6	1	0:00:00.053794
8940	6	6	1	0:00:00.056212
8960	0	0	1	0:00:00.053573
8980	9	9	1	0:00:00.052693
9000	8	8	1	0:00:00.054250
9020	7	7	1	0:00:00.056833
9040	2	2	1	0:00:00.055587
9060	9	9	1	0:00:00.056061
9080	3	3	1	0:00:00.057356
9100	9	9	1	0:00:00.054855
9120	3	3	1	0:00:00.054974
9140	7	7	1	0:00:00.053955
9160	5	5	1	0:00:00.053885
9180	5	5	1	0:00:00.053886
9200	8	8	1	0:00:00.055459
9220	8	8	1	0:00:00.054911
9240	8	8	1	0:00:00.053504
9260	5	5	1	0:00:00.054783
9280	9	9	1	0:00:00.056753
9300	5	5	1	0:00:00.056670
9320	9	9	1	0:00:00.054132
9340	1	1	1	0:00:00.057547
9360	5	5	1	0:00:00.054914
9380	5	3	0	0:00:00.054736
9400	6	6	1	0:00:00.054336
9420	5	5	1	0:00:00.056261
9440	8	8	1	0:00:00.056270
9460	3	3	1	0:00:00.053549
9480	2	2	1	0:00:00.055085
9500	9	9	1	0:00:00.054887
9520	1	1	1	0:00:00.056125
9540	5	5	1	0:00:00.053927
9560	9	9	1	0:00:00.055420
9580	1	1	1	0:00:00.054070
9600	8	8	1	0:00:00.056198
9620	4	4	1	0:00:00.053499
9640	5	5	1	0:00:00.053767
9660	6	6	1	0:00:00.053876
9680	8	8	1	0:00:00.056087
9700	0	0	1	0:00:00.054394
9720	8	8	1	0:00:00.056598
9740	3	3	1	0:00:00.054414
9760	9	9	1	0:00:00.053663
9780	4	4	1	0:00:00.054265
9800	1	1	1	0:00:00.053599
9820	0	0	1	0:00:00.057039
9840	4	4	1	0:00:00.054349
9860	0	0	1	0:00:00.057542
9880	7	7	1	0:00:00.054016
9900	8	8	1	0:00:00.056285
9920	6	6	1	0:00:00.056594
9940	4	4	1	0:00:00.054313
9960	2	2	1	0:00:00.056769
9980	0	0	1	0:00:00.053368
