idx	label	predict	correct	time
0	3	3	1	0:00:00.118753
20	7	7	1	0:00:00.007765
40	4	4	1	0:00:00.007082
60	7	7	1	0:00:00.006946
80	8	8	1	0:00:00.006837
100	4	4	1	0:00:00.006879
120	8	8	1	0:00:00.006846
140	6	6	1	0:00:00.006827
160	2	2	1	0:00:00.006827
180	0	0	1	0:00:00.006818
200	5	5	1	0:00:00.006830
220	7	7	1	0:00:00.006856
240	1	1	1	0:00:00.006795
260	8	8	1	0:00:00.006857
280	9	9	1	0:00:00.006817
300	6	6	1	0:00:00.006820
320	3	3	1	0:00:00.006789
340	2	2	1	0:00:00.006906
360	9	9	1	0:00:00.006849
380	6	6	1	0:00:00.006827
400	9	9	1	0:00:00.006932
420	4	4	1	0:00:00.006813
440	1	1	1	0:00:00.006838
460	5	5	1	0:00:00.006845
480	8	8	1	0:00:00.006809
500	4	4	1	0:00:00.006817
520	5	5	1	0:00:00.006888
540	1	1	1	0:00:00.006857
560	0	0	1	0:00:00.006826
580	4	4	1	0:00:00.006869
600	8	8	1	0:00:00.007259
620	7	7	1	0:00:00.007058
640	5	5	1	0:00:00.006837
660	9	9	1	0:00:00.006831
680	9	1	0	0:00:00.006875
700	7	7	1	0:00:00.006899
720	4	4	1	0:00:00.006829
740	2	2	1	0:00:00.006821
760	3	3	1	0:00:00.006843
780	9	9	1	0:00:00.006858
800	7	7	1	0:00:00.006824
820	6	6	1	0:00:00.006810
840	7	7	1	0:00:00.006867
860	4	4	1	0:00:00.006895
880	8	8	1	0:00:00.006830
900	2	2	1	0:00:00.006871
920	6	6	1	0:00:00.006822
940	9	9	1	0:00:00.006893
960	9	9	1	0:00:00.006834
980	2	2	1	0:00:00.006849
1000	5	5	1	0:00:00.006920
1020	1	1	1	0:00:00.006842
1040	7	5	0	0:00:00.006857
1060	9	9	1	0:00:00.006860
1080	6	6	1	0:00:00.006816
1100	7	7	1	0:00:00.006834
1120	5	5	1	0:00:00.006836
1140	6	6	1	0:00:00.006794
1160	8	8	1	0:00:00.006914
1180	3	3	1	0:00:00.006878
1200	8	8	1	0:00:00.006909
1220	9	9	1	0:00:00.006813
1240	2	2	1	0:00:00.006999
1260	1	1	1	0:00:00.006866
1280	3	3	1	0:00:00.006891
1300	4	4	1	0:00:00.006811
1320	7	7	1	0:00:00.006857
1340	1	1	1	0:00:00.006864
1360	7	7	1	0:00:00.006838
1380	4	4	1	0:00:00.006799
1400	5	5	1	0:00:00.006837
1420	4	4	1	0:00:00.006922
1440	0	0	1	0:00:00.006910
1460	6	6	1	0:00:00.007131
1480	1	1	1	0:00:00.006926
1500	1	1	1	0:00:00.006823
1520	7	7	1	0:00:00.006836
1540	8	8	1	0:00:00.006827
1560	7	7	1	0:00:00.006830
1580	6	6	1	0:00:00.006926
1600	8	8	1	0:00:00.006855
1620	5	5	1	0:00:00.006804
1640	7	7	1	0:00:00.006855
1660	3	3	1	0:00:00.006832
1680	6	6	1	0:00:00.006811
1700	5	5	1	0:00:00.006886
1720	4	4	1	0:00:00.006834
1740	1	1	1	0:00:00.006916
1760	0	0	1	0:00:00.006927
1780	7	7	1	0:00:00.006824
1800	4	4	1	0:00:00.006919
1820	8	8	1	0:00:00.006824
1840	8	8	1	0:00:00.006946
1860	8	8	1	0:00:00.006781
1880	1	1	1	0:00:00.006840
1900	8	8	1	0:00:00.006845
1920	2	2	1	0:00:00.006839
1940	5	5	1	0:00:00.006792
1960	2	2	1	0:00:00.006850
1980	9	9	1	0:00:00.006834
2000	1	1	1	0:00:00.006865
2020	9	9	1	0:00:00.006820
2040	0	0	1	0:00:00.006896
2060	5	5	1	0:00:00.007122
2080	1	1	1	0:00:00.007056
2100	2	2	1	0:00:00.006848
2120	4	4	1	0:00:00.006901
2140	9	9	1	0:00:00.006834
2160	0	0	1	0:00:00.006814
2180	4	4	1	0:00:00.006818
2200	0	2	0	0:00:00.006827
2220	1	1	1	0:00:00.006835
2240	9	9	1	0:00:00.006850
2260	4	4	1	0:00:00.006800
2280	4	4	1	0:00:00.007061
2300	3	3	1	0:00:00.006851
2320	5	3	0	0:00:00.006968
2340	7	7	1	0:00:00.006984
2360	7	7	1	0:00:00.006817
2380	8	8	1	0:00:00.006845
2400	0	0	1	0:00:00.006940
2420	8	8	1	0:00:00.006861
2440	7	7	1	0:00:00.006830
2460	9	9	1	0:00:00.006842
2480	8	8	1	0:00:00.006865
2500	4	4	1	0:00:00.006916
2520	1	1	1	0:00:00.006848
2540	2	2	1	0:00:00.006823
2560	7	7	1	0:00:00.006870
2580	6	6	1	0:00:00.006901
2600	8	8	1	0:00:00.006842
2620	1	1	1	0:00:00.006947
2640	7	7	1	0:00:00.006909
2660	3	3	1	0:00:00.006913
2680	0	0	1	0:00:00.006841
2700	9	9	1	0:00:00.006912
2720	3	3	1	0:00:00.006869
2740	1	1	1	0:00:00.006854
2760	2	2	1	0:00:00.006833
2780	7	7	1	0:00:00.006888
2800	4	4	1	0:00:00.006838
2820	6	6	1	0:00:00.006880
2840	3	3	1	0:00:00.006830
2860	5	5	1	0:00:00.006884
2880	4	4	1	0:00:00.007365
2900	3	3	1	0:00:00.007009
2920	2	2	1	0:00:00.006850
2940	3	0	0	0:00:00.006859
2960	9	0	0	0:00:00.006825
2980	8	8	1	0:00:00.006896
3000	5	5	1	0:00:00.006797
3020	1	1	1	0:00:00.006826
3040	7	7	1	0:00:00.006837
3060	7	7	1	0:00:00.006827
3080	1	1	1	0:00:00.006883
3100	0	0	1	0:00:00.006836
3120	4	4	1	0:00:00.006845
3140	8	8	1	0:00:00.006925
3160	6	6	1	0:00:00.006832
3180	3	6	0	0:00:00.006849
3200	5	5	1	0:00:00.006969
3220	3	3	1	0:00:00.006954
3240	4	4	1	0:00:00.006892
3260	7	7	1	0:00:00.006903
3280	3	3	1	0:00:00.006840
3300	4	4	1	0:00:00.006919
3320	2	2	1	0:00:00.006856
3340	6	6	1	0:00:00.006843
3360	4	4	1	0:00:00.006880
3380	8	8	1	0:00:00.006836
3400	6	7	0	0:00:00.006869
3420	5	5	1	0:00:00.006812
3440	2	2	1	0:00:00.006834
3460	1	1	1	0:00:00.006884
3480	2	2	1	0:00:00.006966
3500	1	1	1	0:00:00.006833
3520	1	1	1	0:00:00.006914
3540	6	6	1	0:00:00.006835
3560	1	9	0	0:00:00.006908
3580	4	6	0	0:00:00.006819
3600	4	3	0	0:00:00.006897
3620	0	0	1	0:00:00.006844
3640	6	6	1	0:00:00.006831
3660	0	0	1	0:00:00.006846
3680	0	0	1	0:00:00.006872
3700	3	3	1	0:00:00.006847
3720	2	2	1	0:00:00.006887
3740	0	0	1	0:00:00.006801
3760	7	7	1	0:00:00.006910
3780	4	4	1	0:00:00.006943
3800	9	9	1	0:00:00.006918
3820	0	0	1	0:00:00.006855
3840	6	6	1	0:00:00.006887
3860	7	7	1	0:00:00.006847
3880	6	6	1	0:00:00.006886
3900	3	3	1	0:00:00.006807
3920	7	7	1	0:00:00.006845
3940	6	6	1	0:00:00.006923
3960	2	2	1	0:00:00.006865
3980	9	2	0	0:00:00.006837
4000	8	4	0	0:00:00.006840
4020	8	8	1	0:00:00.006860
4040	0	0	1	0:00:00.006905
4060	6	6	1	0:00:00.006817
4080	1	1	1	0:00:00.006858
4100	7	7	1	0:00:00.006909
4120	4	4	1	0:00:00.006914
4140	5	7	0	0:00:00.006830
4160	5	5	1	0:00:00.006913
4180	0	0	1	0:00:00.006823
4200	4	4	1	0:00:00.006882
4220	4	4	1	0:00:00.006835
4240	7	7	1	0:00:00.006842
4260	8	8	1	0:00:00.006903
4280	8	0	0	0:00:00.006873
4300	8	8	1	0:00:00.007208
4320	1	0	0	0:00:00.006872
4340	0	0	1	0:00:00.006914
4360	6	6	1	0:00:00.006879
4380	9	9	1	0:00:00.006890
4400	3	3	1	0:00:00.006825
4420	5	5	1	0:00:00.006894
4440	2	2	1	0:00:00.006914
4460	9	9	1	0:00:00.006894
4480	9	9	1	0:00:00.006816
4500	3	3	1	0:00:00.006951
4520	3	3	1	0:00:00.006912
4540	9	9	1	0:00:00.006840
4560	1	1	1	0:00:00.006842
4580	6	6	1	0:00:00.006895
4600	4	4	1	0:00:00.006808
4620	7	7	1	0:00:00.007084
4640	2	2	1	0:00:00.006800
4660	7	7	1	0:00:00.006877
4680	9	9	1	0:00:00.006968
4700	6	6	1	0:00:00.006855
4720	8	8	1	0:00:00.006813
4740	5	3	0	0:00:00.006902
4760	3	8	0	0:00:00.006839
4780	0	0	1	0:00:00.006923
4800	9	9	1	0:00:00.006832
4820	3	5	0	0:00:00.006819
4840	0	0	1	0:00:00.006842
4860	5	5	1	0:00:00.006853
4880	0	0	1	0:00:00.006835
4900	3	3	1	0:00:00.006980
4920	7	7	1	0:00:00.006879
4940	6	6	1	0:00:00.006865
4960	4	4	1	0:00:00.006852
4980	1	1	1	0:00:00.006845
5000	7	7	1	0:00:00.006857
5020	8	8	1	0:00:00.006852
5040	3	3	1	0:00:00.006812
5060	6	6	1	0:00:00.006875
5080	7	7	1	0:00:00.006807
5100	3	3	1	0:00:00.006846
5120	9	9	1	0:00:00.006966
5140	8	8	1	0:00:00.006868
5160	0	0	1	0:00:00.006985
5180	9	9	1	0:00:00.006892
5200	3	6	0	0:00:00.006927
5220	0	0	1	0:00:00.006932
5240	1	1	1	0:00:00.006836
5260	0	0	1	0:00:00.006935
5280	0	0	1	0:00:00.006833
5300	9	9	1	0:00:00.006844
5320	7	7	1	0:00:00.006999
5340	3	3	1	0:00:00.006833
5360	9	9	1	0:00:00.006826
5380	1	1	1	0:00:00.006925
5400	9	9	1	0:00:00.006866
5420	6	6	1	0:00:00.006898
5440	9	9	1	0:00:00.006888
5460	0	3	0	0:00:00.006823
5480	1	1	1	0:00:00.007042
5500	8	8	1	0:00:00.006810
5520	4	4	1	0:00:00.006814
5540	5	5	1	0:00:00.006878
5560	3	7	0	0:00:00.006912
5580	5	5	1	0:00:00.006837
5600	6	2	0	0:00:00.006866
5620	3	6	0	0:00:00.006833
5640	2	2	1	0:00:00.006882
5660	9	9	1	0:00:00.006852
5680	2	2	1	0:00:00.006811
5700	3	5	0	0:00:00.006837
5720	9	9	1	0:00:00.006831
5740	6	6	1	0:00:00.007168
5760	2	2	1	0:00:00.007068
5780	7	7	1	0:00:00.006873
5800	2	2	1	0:00:00.007081
5820	5	5	1	0:00:00.006991
5840	2	3	0	0:00:00.006919
5860	0	0	1	0:00:00.006845
5880	0	0	1	0:00:00.006797
5900	4	2	0	0:00:00.006919
5920	8	8	1	0:00:00.006854
5940	7	2	0	0:00:00.006800
5960	2	2	1	0:00:00.006898
5980	9	9	1	0:00:00.006844
6000	8	8	1	0:00:00.006859
6020	6	6	1	0:00:00.006859
6040	2	2	1	0:00:00.007045
6060	3	3	1	0:00:00.006980
6080	1	1	1	0:00:00.006950
6100	1	1	1	0:00:00.006902
6120	5	5	1	0:00:00.006964
6140	9	9	1	0:00:00.006884
6160	2	2	1	0:00:00.006830
6180	0	0	1	0:00:00.006873
6200	3	3	1	0:00:00.006834
6220	2	2	1	0:00:00.006916
6240	2	2	1	0:00:00.006835
6260	2	2	1	0:00:00.006935
6280	8	8	1	0:00:00.006860
6300	1	1	1	0:00:00.006921
6320	0	0	1	0:00:00.007051
6340	3	3	1	0:00:00.006973
6360	2	2	1	0:00:00.006923
6380	3	3	1	0:00:00.006786
6400	0	0	1	0:00:00.006833
6420	7	7	1	0:00:00.006835
6440	3	3	1	0:00:00.007253
6460	3	3	1	0:00:00.006933
6480	0	0	1	0:00:00.007087
6500	7	4	0	0:00:00.006898
6520	6	6	1	0:00:00.006867
6540	8	8	1	0:00:00.006891
6560	6	6	1	0:00:00.006907
6580	1	0	0	0:00:00.006885
6600	7	7	1	0:00:00.006875
6620	7	7	1	0:00:00.006892
6640	5	5	1	0:00:00.006913
6660	0	0	1	0:00:00.006816
6680	3	3	1	0:00:00.006887
6700	6	6	1	0:00:00.006872
6720	2	2	1	0:00:00.006823
6740	2	2	1	0:00:00.006861
6760	5	5	1	0:00:00.006847
6780	7	7	1	0:00:00.006828
6800	6	6	1	0:00:00.006908
6820	1	1	1	0:00:00.006941
6840	9	9	1	0:00:00.006845
6860	0	2	0	0:00:00.006843
6880	2	2	1	0:00:00.006818
6900	3	3	1	0:00:00.006969
6920	5	5	1	0:00:00.006863
6940	1	1	1	0:00:00.006940
6960	9	9	1	0:00:00.006873
6980	0	0	1	0:00:00.006811
7000	2	8	0	0:00:00.006899
7020	7	7	1	0:00:00.006934
7040	7	0	0	0:00:00.006774
7060	8	8	1	0:00:00.006868
7080	5	3	0	0:00:00.006879
7100	9	9	1	0:00:00.006828
7120	7	7	1	0:00:00.006927
7140	4	4	1	0:00:00.006838
7160	5	5	1	0:00:00.007363
7180	6	6	1	0:00:00.006948
7200	4	4	1	0:00:00.006862
7220	9	9	1	0:00:00.006871
7240	0	0	1	0:00:00.006812
7260	1	1	1	0:00:00.006808
7280	1	1	1	0:00:00.006933
7300	3	3	1	0:00:00.006860
7320	8	0	0	0:00:00.006869
7340	2	2	1	0:00:00.006825
7360	2	2	1	0:00:00.006836
7380	7	7	1	0:00:00.006849
7400	3	5	0	0:00:00.006852
7420	3	3	1	0:00:00.006813
7440	3	3	1	0:00:00.006854
7460	5	5	1	0:00:00.006948
7480	1	1	1	0:00:00.006874
7500	6	6	1	0:00:00.006847
7520	4	2	0	0:00:00.006882
7540	5	5	1	0:00:00.006980
7560	0	0	1	0:00:00.006833
7580	8	8	1	0:00:00.006903
7600	8	9	0	0:00:00.006795
7620	5	5	1	0:00:00.006822
7640	9	9	1	0:00:00.006934
7660	7	7	1	0:00:00.006843
7680	3	3	1	0:00:00.006827
7700	6	6	1	0:00:00.006856
7720	5	5	1	0:00:00.006850
7740	4	4	1	0:00:00.006824
7760	2	2	1	0:00:00.006980
7780	3	3	1	0:00:00.006978
7800	0	0	1	0:00:00.006865
7820	5	5	1	0:00:00.006827
7840	1	1	1	0:00:00.006821
7860	8	8	1	0:00:00.006878
7880	0	0	1	0:00:00.006843
7900	0	0	1	0:00:00.006855
7920	9	9	1	0:00:00.006914
7940	2	2	1	0:00:00.006792
7960	0	0	1	0:00:00.006939
7980	3	3	1	0:00:00.006921
8000	9	9	1	0:00:00.006867
8020	6	6	1	0:00:00.006836
8040	2	2	1	0:00:00.006916
8060	6	6	1	0:00:00.006868
8080	4	4	1	0:00:00.006912
8100	6	6	1	0:00:00.006804
8120	8	8	1	0:00:00.006949
8140	5	5	1	0:00:00.006860
8160	6	6	1	0:00:00.006849
8180	4	4	1	0:00:00.006838
8200	3	3	1	0:00:00.006866
8220	6	6	1	0:00:00.006881
8240	7	7	1	0:00:00.006917
8260	1	1	1	0:00:00.006805
8280	4	4	1	0:00:00.006850
8300	5	4	0	0:00:00.006847
8320	7	7	1	0:00:00.006940
8340	5	5	1	0:00:00.006878
8360	7	7	1	0:00:00.006830
8380	9	9	1	0:00:00.006792
8400	0	0	1	0:00:00.006948
8420	3	6	0	0:00:00.006821
8440	5	5	1	0:00:00.006845
8460	8	8	1	0:00:00.006896
8480	2	2	1	0:00:00.006832
8500	4	4	1	0:00:00.006832
8520	8	8	1	0:00:00.006846
8540	4	4	1	0:00:00.006912
8560	7	7	1	0:00:00.006909
8580	3	5	0	0:00:00.007360
8600	3	3	1	0:00:00.006910
8620	3	3	1	0:00:00.006985
8640	1	1	1	0:00:00.006850
8660	7	7	1	0:00:00.006870
8680	3	3	1	0:00:00.006810
8700	3	3	1	0:00:00.006872
8720	2	2	1	0:00:00.006893
8740	2	2	1	0:00:00.006827
8760	8	8	1	0:00:00.006853
8780	4	4	1	0:00:00.006835
8800	0	0	1	0:00:00.006830
8820	2	2	1	0:00:00.006923
8840	2	5	0	0:00:00.006816
8860	2	2	1	0:00:00.006815
8880	1	1	1	0:00:00.007007
8900	2	2	1	0:00:00.006968
8920	6	6	1	0:00:00.006854
8940	6	7	0	0:00:00.006835
8960	0	0	1	0:00:00.006897
8980	9	9	1	0:00:00.006938
9000	8	8	1	0:00:00.006938
9020	7	7	1	0:00:00.006874
9040	2	5	0	0:00:00.006872
9060	9	9	1	0:00:00.006850
9080	3	5	0	0:00:00.006839
9100	9	9	1	0:00:00.006885
9120	3	5	0	0:00:00.006839
9140	7	7	1	0:00:00.006878
9160	5	5	1	0:00:00.006824
9180	5	5	1	0:00:00.006913
9200	8	8	1	0:00:00.006886
9220	8	8	1	0:00:00.006835
9240	8	8	1	0:00:00.006823
9260	5	3	0	0:00:00.006860
9280	9	9	1	0:00:00.006834
9300	5	2	0	0:00:00.006886
9320	9	9	1	0:00:00.006821
9340	1	1	1	0:00:00.006826
9360	5	0	0	0:00:00.006907
9380	5	3	0	0:00:00.006860
9400	6	6	1	0:00:00.006848
9420	5	5	1	0:00:00.006867
9440	8	8	1	0:00:00.006834
9460	3	3	1	0:00:00.006942
9480	2	2	1	0:00:00.006786
9500	9	9	1	0:00:00.006900
9520	1	1	1	0:00:00.006896
9540	5	5	1	0:00:00.006887
9560	9	9	1	0:00:00.006817
9580	1	1	1	0:00:00.006884
9600	8	8	1	0:00:00.006851
9620	4	4	1	0:00:00.006904
9640	5	5	1	0:00:00.006808
9660	6	6	1	0:00:00.006876
9680	8	8	1	0:00:00.006888
9700	0	0	1	0:00:00.006810
9720	8	8	1	0:00:00.006828
9740	3	6	0	0:00:00.006893
9760	9	9	1	0:00:00.006940
9780	4	4	1	0:00:00.006845
9800	1	1	1	0:00:00.006844
9820	0	0	1	0:00:00.006842
9840	4	7	0	0:00:00.006887
9860	0	0	1	0:00:00.006870
9880	7	7	1	0:00:00.006875
9900	8	8	1	0:00:00.006871
9920	6	6	1	0:00:00.006874
9940	4	4	1	0:00:00.006811
9960	2	0	0	0:00:00.006829
9980	0	0	1	0:00:00.006907
