idx	predict	radius	unperturbed predict	time
0	0	0.206	0	0:01:16.795055
20	0	0.639	0	0:01:16.863049
40	1	0.188	1	0:01:16.398190
60	1	0.822	1	0:01:16.456418
80	1	0.539	1	0:01:16.569028
100	0	1.05	0	0:01:16.368529
120	0	0.0865	0	0:01:16.607644
140	0	0.131	0	0:01:16.505956
160	1	0.0182	1	0:01:16.335796
180	1	0.576	1	0:01:16.852007
200	0	0.221	0	0:01:16.311396
220	1	0.278	1	0:01:16.343697
240	1	1.86	1	0:01:16.905673
260	0	0.379	0	0:01:16.319770
280	1	1.51	1	0:01:16.711882
300	1	0.418	1	0:01:16.524585
320	0	1.11	0	0:01:16.260547
340	0	0.579	0	0:01:16.611498
360	0	0.00171	-1	0:01:16.404824
380	0	0.207	0	0:01:16.350361
400	1	0.779	1	0:01:16.888133
420	1	0.441	1	0:01:16.305526
440	1	0.888	1	0:01:16.608424
460	1	0.164	1	0:01:16.658503
480	1	0.127	1	0:01:16.464364
500	0	1.01	0	0:01:16.568717
520	0	0.611	0	0:01:16.629417
540	1	0.773	1	0:01:16.343922
560	1	1.14	1	0:01:16.844164
580	-1	0.0	-1	0:01:16.556222
600	1	0.515	1	0:01:16.759191
620	0	0.145	0	0:01:16.609561
640	0	0.62	0	0:01:16.387227
660	1	0.56	1	0:01:16.781667
680	0	0.959	0	0:01:16.551629
700	1	0.897	1	0:01:16.507602
720	0	0.647	0	0:01:16.944087
740	0	1.04	0	0:01:16.271177
760	0	0.445	0	0:01:16.405360
780	1	0.85	1	0:01:16.897710
800	1	1.82	1	0:01:16.317995
820	0	0.993	0	0:01:16.544541
840	1	1.8	1	0:01:16.751675
860	0	0.427	0	0:01:16.322209
880	1	0.823	1	0:01:16.627934
900	0	1.04	0	0:01:16.507735
920	0	0.984	0	0:01:16.344789
940	1	1.49	1	0:01:16.921972
960	0	0.293	0	0:01:16.293900
980	0	0.477	0	0:01:16.698576
1000	1	0.334	1	0:01:16.640805
1020	1	1.23	1	0:01:16.307468
1040	0	0.452	0	0:01:16.627476
1060	1	1.12	1	0:01:16.577853
1080	0	1.17	0	0:01:16.217757
1100	0	0.574	0	0:01:16.738947
1120	0	0.52	0	0:01:16.335283
1140	0	0.282	0	0:01:16.331581
1160	1	0.369	1	0:01:16.855567
1180	0	0.138	0	0:01:16.487146
1200	1	0.414	1	0:01:16.694367
1220	0	0.88	0	0:01:16.655233
1240	0	0.781	0	0:01:16.363001
1260	1	0.856	1	0:01:16.601749
1280	0	0.323	0	0:01:16.559721
1300	0	1.02	0	0:01:16.484190
1320	1	0.407	1	0:01:16.839013
1340	1	1.47	1	0:01:16.294503
1360	1	0.379	1	0:01:16.590536
1380	0	1.01	0	0:01:16.569547
1400	0	0.972	0	0:01:16.304756
1420	0	0.58	0	0:01:16.608170
1440	0	0.458	0	0:01:16.628764
1460	1	0.487	1	0:01:16.309421
1480	-1	0.0	1	0:01:16.829633
1500	1	0.854	1	0:01:16.319405
1520	0	0.107	0	0:01:16.591543
1540	1	1.54	1	0:01:16.530470
1560	1	1.89	1	0:01:16.353492
1580	1	0.233	1	0:01:16.565042
1600	0	0.416	0	0:01:16.670647
1620	0	0.835	0	0:01:16.499659
1640	1	0.24	1	0:01:16.866015
1660	0	0.608	0	0:01:16.412875
1680	0	0.058	0	0:01:16.538442
1700	0	0.797	0	0:01:16.588401
1720	0	0.475	0	0:01:16.322527
1740	1	0.138	1	0:01:16.685070
1760	0	0.466	0	0:01:16.704013
1780	1	0.101	1	0:01:16.467344
1800	0	0.393	0	0:01:16.945401
1820	1	0.12	1	0:01:16.538687
1840	0	0.618	0	0:01:16.652127
1860	1	1.06	1	0:01:16.591273
1880	1	1.02	1	0:01:16.375197
1900	1	1.8	1	0:01:16.737382
1920	1	1.3	1	0:01:16.609943
1940	0	1.32	0	0:01:16.447052
1960	0	0.118	0	0:01:16.666604
1980	1	1.86	1	0:01:16.649652
2000	0	0.0946	0	0:01:16.433926
2020	1	1.82	1	0:01:17.054738
2040	-1	0.0	1	0:01:16.409355
2060	0	1.89	0	0:01:16.645344
2080	1	0.701	1	0:01:16.475684
2100	0	0.384	0	0:01:16.290519
2120	0	0.109	0	0:01:16.699981
2140	1	1.72	1	0:01:16.620501
2160	0	0.0389	0	0:01:16.373176
2180	0	0.426	0	0:01:17.015925
2200	0	1.08	0	0:01:16.347718
2220	1	1.62	1	0:01:16.583734
2240	1	0.44	1	0:01:16.758774
2260	0	0.796	0	0:01:16.461040
2280	0	0.993	0	0:01:16.677947
2300	0	0.91	0	0:01:16.705350
2320	0	0.0261	0	0:01:16.377806
2340	1	1.28	1	0:01:16.965941
2360	0	0.467	0	0:01:16.570256
2380	1	0.413	1	0:01:16.685042
2400	1	0.782	1	0:01:16.619265
2420	0	1.02	0	0:01:16.511446
2440	1	1.04	1	0:01:16.557928
2460	0	0.791	0	0:01:16.646084
2480	1	1.11	1	0:01:16.558136
2500	0	0.928	0	0:01:16.904530
2520	0	0.407	0	0:01:16.413087
2540	0	0.325	0	0:01:16.792469
2560	0	0.207	0	0:01:16.635222
2580	0	0.616	0	0:01:16.344283
2600	1	1.13	1	0:01:16.584728
2620	-1	0.0	-1	0:01:16.564181
2640	1	1.26	1	0:01:16.389400
2660	0	0.888	0	0:01:16.627605
2680	1	1.45	1	0:01:16.593457
2700	1	0.397	1	0:01:16.351593
2720	0	0.319	0	0:01:17.015827
2740	0	1.12	0	0:01:16.409493
2760	1	0.138	1	0:01:16.354231
2780	1	1.67	1	0:01:16.924607
2800	0	0.465	0	0:01:16.310070
2820	1	0.659	1	0:01:16.618787
2840	1	1.1	1	0:01:16.555653
2860	0	1.23	0	0:01:16.309207
2880	1	0.197	1	0:01:16.721137
2900	0	1.08	0	0:01:16.653614
2920	0	0.603	0	0:01:16.356565
2940	0	0.402	0	0:01:16.907222
2960	-1	0.0	-1	0:01:16.314360
2980	1	0.207	1	0:01:16.759404
3000	1	0.226	1	0:01:16.657788
3020	1	1.25	1	0:01:16.332420
3040	1	1.89	1	0:01:16.643996
3060	1	0.709	1	0:01:16.584065
3080	0	0.247	0	0:01:16.324695
3100	0	0.183	0	0:01:16.968514
3120	0	0.905	0	0:01:16.370939
3140	1	0.779	1	0:01:16.690257
3160	0	0.776	0	0:01:16.715696
3180	0	0.941	0	0:01:16.557949
3200	0	0.971	0	0:01:16.604364
3220	0	0.841	0	0:01:16.739144
3240	0	0.421	0	0:01:16.465330
3260	1	0.63	1	0:01:16.751835
3280	0	0.72	0	0:01:16.652036
3300	0	0.164	0	0:01:16.615093
3320	1	0.414	1	0:01:16.617989
3340	0	0.416	0	0:01:16.458240
3360	0	0.599	0	0:01:16.547677
3380	1	1.26	1	0:01:16.606018
3400	0	0.793	0	0:01:16.361692
3420	0	0.707	0	0:01:16.656095
3440	0	1.11	0	0:01:16.615811
3460	1	1.22	1	0:01:16.337945
3480	1	0.0986	1	0:01:16.844137
3500	1	0.194	1	0:01:16.391801
3520	1	1.89	1	0:01:16.574313
3540	0	0.321	0	0:01:16.705808
3560	-1	0.0	-1	0:01:16.451043
3580	-1	0.0	1	0:01:16.595999
3600	1	0.21	1	0:01:16.629580
3620	0	0.537	0	0:01:16.387028
3640	0	0.442	0	0:01:16.839032
3660	1	0.00882	-1	0:01:16.325833
3680	0	0.698	0	0:01:16.650061
3700	-1	0.0	0	0:01:16.581028
3720	1	1.34	1	0:01:16.322720
3740	1	0.629	1	0:01:16.613244
3760	1	1.14	1	0:01:16.542655
3780	0	0.992	0	0:01:16.311108
3800	0	0.625	0	0:01:16.540549
3820	0	0.464	0	0:01:16.589981
3840	0	1.06	0	0:01:16.325993
3860	1	1.82	1	0:01:16.562003
3880	0	0.443	0	0:01:16.488244
3900	0	0.39	0	0:01:16.665001
3920	0	0.618	0	0:01:17.435162
3940	0	1.04	0	0:01:16.301425
3960	1	0.688	1	0:01:16.969822
3980	0	0.397	0	0:01:17.369162
4000	0	0.506	0	0:01:16.539231
4020	0	0.106	0	0:01:16.624654
4040	1	1.56	1	0:01:16.679456
4060	0	0.204	0	0:01:16.315864
4080	1	0.848	1	0:01:16.826203
4100	1	1.89	1	0:01:16.407153
4120	1	0.29	1	0:01:16.678030
4140	0	0.529	0	0:01:16.876582
4160	0	0.292	0	0:01:16.606888
4180	0	0.0745	0	0:01:16.946787
4200	0	1.26	0	0:01:16.925198
4220	0	0.274	0	0:01:16.789048
4240	1	0.231	1	0:01:18.458546
4260	1	0.999	1	0:01:17.601401
4280	0	0.0631	0	0:01:16.664781
4300	1	0.839	1	0:01:16.685316
4320	0	0.32	0	0:01:16.362103
4340	1	0.729	1	0:01:16.550698
4360	0	0.902	0	0:01:16.717482
4380	1	0.123	1	0:01:16.864605
4400	0	1.07	0	0:01:17.261903
4420	0	0.755	0	0:01:16.617115
4440	0	0.0852	0	0:01:16.368574
4460	1	0.577	1	0:01:16.916178
4480	1	1.62	1	0:01:16.358522
4500	0	0.156	0	0:01:16.696507
4520	0	1.37	0	0:01:16.490152
4540	1	0.672	1	0:01:17.139330
4560	1	1.27	1	0:01:17.542133
4580	1	0.222	1	0:01:17.245482
4600	0	0.717	0	0:01:16.793457
4620	1	0.163	1	0:01:16.751473
4640	0	0.194	0	0:01:16.809238
4660	0	0.136	0	0:01:16.921771
4680	1	0.554	1	0:01:16.648909
4700	0	1.05	0	0:01:16.557042
4720	1	0.447	1	0:01:16.947532
4740	0	0.919	0	0:01:17.185707
4760	0	0.695	0	0:01:16.545216
4780	1	0.434	1	0:01:16.556155
4800	1	1.86	1	0:01:16.471261
4820	0	0.557	0	0:01:16.312868
4840	1	1.13	1	0:01:17.337188
4860	0	0.693	0	0:01:16.601898
4880	0	0.352	0	0:01:16.649328
4900	0	0.795	0	0:01:16.564659
4920	1	1.31	1	0:01:16.346140
4940	0	0.41	0	0:01:16.718585
4960	0	0.259	0	0:01:16.614598
4980	0	0.103	0	0:01:16.575871
5000	1	1.89	1	0:01:16.589163
5020	1	0.856	1	0:01:16.703166
5040	0	0.336	0	0:01:17.334137
5060	0	0.611	0	0:01:16.737158
5080	1	1.03	1	0:01:16.340833
5100	1	0.512	1	0:01:16.664334
5120	1	0.623	1	0:01:16.507603
5140	1	1.12	1	0:01:16.299578
5160	1	0.545	1	0:01:16.563994
5180	0	0.394	0	0:01:16.711236
5200	1	1.19	1	0:01:16.323445
5220	0	0.288	0	0:01:16.902811
5240	1	0.458	1	0:01:17.262949
5260	1	1.28	1	0:01:16.528437
5280	1	0.358	1	0:01:16.819451
5300	1	1.55	1	0:01:17.006286
5320	1	1.25	1	0:01:16.564595
5340	-1	0.0	-1	0:01:16.563254
5360	1	0.869	1	0:01:16.275302
5380	1	1.24	1	0:01:16.650587
5400	1	1.01	1	0:01:16.632771
5420	0	0.0836	0	0:01:17.369499
5440	1	1.89	1	0:01:16.572282
5460	1	1.19	1	0:01:16.781306
5480	1	0.534	1	0:01:16.869141
5500	-1	0.0	0	0:01:16.730403
5520	0	0.31	0	0:01:16.615840
5540	0	0.686	0	0:01:16.990499
5560	0	0.866	0	0:01:16.767245
5580	0	0.8	0	0:01:16.826391
5600	0	0.949	0	0:01:16.316957
5620	0	1.08	0	0:01:16.560545
5640	0	1.14	0	0:01:16.695441
5660	1	0.557	1	0:01:17.640540
5680	0	0.635	0	0:01:16.367111
5700	0	1.08	0	0:01:16.574912
5720	1	1.21	1	0:01:16.950591
5740	0	0.132	0	0:01:17.831198
5760	0	0.867	0	0:01:17.492854
5780	1	1.84	1	0:01:16.932450
5800	0	0.526	0	0:01:16.604508
5820	0	0.58	0	0:01:16.658516
5840	0	0.528	0	0:01:16.384380
5860	-1	0.0	1	0:01:17.391423
5880	1	0.913	1	0:01:18.273496
5900	0	1.11	0	0:01:16.513556
5920	1	1.89	1	0:01:16.458599
5940	0	1.02	0	0:01:16.729981
5960	0	0.496	0	0:01:16.627674
5980	1	1.39	1	0:01:17.900521
6000	0	0.59	0	0:01:18.133860
6020	-1	0.0	0	0:01:17.646139
6040	0	0.685	0	0:01:16.657524
6060	0	0.806	0	0:01:16.473484
6080	1	0.85	1	0:01:16.572184
6100	1	1.13	1	0:01:16.655623
6120	0	0.168	0	0:01:16.595469
6140	1	1.63	1	0:01:16.715244
6160	0	0.552	0	0:01:16.640801
6180	1	0.353	1	0:01:16.583196
6200	0	0.398	0	0:01:16.546096
6220	0	0.615	0	0:01:16.415864
6240	0	0.252	0	0:01:16.601656
6260	0	0.841	0	0:01:16.607152
6280	0	0.821	0	0:01:16.639315
6300	1	0.146	1	0:01:17.752063
6320	1	0.0176	1	0:01:16.347836
6340	1	0.478	1	0:01:18.101526
6360	0	1.05	0	0:01:17.556554
6380	0	1.01	0	0:01:17.168721
6400	1	0.025	1	0:01:18.940598
6420	1	0.907	1	0:01:18.631021
6440	0	1.21	0	0:01:16.619384
6460	0	0.887	0	0:01:17.187909
6480	1	0.142	1	0:01:17.842659
6500	0	0.635	0	0:01:17.644623
6520	0	0.157	0	0:01:17.004324
6540	1	0.437	1	0:01:16.334057
6560	0	0.433	0	0:01:17.595272
6580	0	0.357	0	0:01:19.356776
6600	1	1.75	1	0:01:16.651255
6620	1	1.0	1	0:01:16.265308
6640	1	0.809	1	0:01:16.631659
6660	1	0.127	1	0:01:16.552149
6680	0	0.345	0	0:01:16.590334
6700	-1	0.0	-1	0:01:16.470108
6720	0	1.25	0	0:01:16.552271
6740	0	0.622	0	0:01:16.586461
6760	1	0.183	1	0:01:16.581115
6780	1	1.46	1	0:01:16.386657
6800	0	0.212	0	0:01:16.605051
6820	1	1.89	1	0:01:16.641772
6840	1	0.82	1	0:01:16.611601
6860	0	0.336	0	0:01:16.294523
6880	1	1.33	1	0:01:16.671074
6900	0	0.648	0	0:01:16.629102
6920	0	1.25	0	0:01:16.371613
6940	1	1.89	1	0:01:16.688969
6960	1	0.103	1	0:01:16.648135
6980	0	0.256	0	0:01:16.613525
7000	0	0.407	0	0:01:16.593577
7020	1	1.84	1	0:01:17.835562
7040	0	0.808	0	0:01:16.601730
7060	1	0.991	1	0:01:16.630862
7080	0	0.388	0	0:01:16.298067
7100	0	1.12	0	0:01:17.193759
7120	1	0.244	1	0:01:17.666479
7140	0	0.901	0	0:01:17.915634
7160	1	0.502	1	0:01:18.403647
7180	-1	0.0	1	0:01:16.919909
7200	0	0.681	0	0:01:16.689685
7220	1	0.228	1	0:01:16.618821
7240	0	0.556	0	0:01:16.383111
7260	1	0.685	1	0:01:16.936147
7280	0	0.184	0	0:01:16.754442
7300	0	0.956	0	0:01:16.469415
7320	-1	0.0	1	0:01:16.696970
7340	0	0.871	0	0:01:16.440594
7360	0	1.02	0	0:01:16.599925
7380	1	0.228	1	0:01:17.232697
7400	0	0.437	0	0:01:18.711028
7420	0	0.984	0	0:01:17.280582
7440	0	0.894	0	0:01:16.584290
7460	1	0.781	1	0:01:16.499913
7480	1	0.219	1	0:01:16.318031
7500	1	1.5	1	0:01:16.574579
7520	0	0.334	0	0:01:16.585557
7540	1	0.865	1	0:01:16.608979
7560	1	0.118	1	0:01:16.368974
7580	1	0.57	1	0:01:16.655661
7600	0	0.494	0	0:01:16.688466
7620	-1	0.0	-1	0:01:16.376446
7640	0	0.137	0	0:01:18.384739
7660	0	0.797	0	0:01:17.899074
7680	0	0.482	0	0:01:18.595893
7700	1	0.365	1	0:01:18.758705
7720	0	0.979	0	0:01:18.449815
7740	0	0.453	0	0:01:16.532840
7760	0	0.607	0	0:01:16.829269
7780	1	0.0328	1	0:01:16.656593
7800	1	0.126	1	0:01:18.576184
7820	0	1.57	0	0:01:17.991671
7840	1	1.89	1	0:01:16.536384
7860	1	0.279	1	0:01:16.625448
7880	0	0.244	0	0:01:16.367961
7900	0	0.84	0	0:01:16.997468
7920	1	0.37	1	0:01:16.610909
7940	0	0.85	0	0:01:16.470793
7960	1	0.141	1	0:01:16.628407
7980	0	0.927	0	0:01:16.756631
8000	1	1.26	1	0:01:16.564220
8020	0	1.58	0	0:01:16.595949
8040	1	0.627	1	0:01:16.757510
8060	1	0.0992	1	0:01:16.704200
8080	0	0.662	0	0:01:16.586733
8100	0	0.453	0	0:01:16.651893
8120	0	0.28	0	0:01:16.975795
8140	0	0.827	0	0:01:16.678343
8160	1	0.835	1	0:01:16.834059
8180	0	0.48	0	0:01:16.302257
8200	0	0.801	0	0:01:16.894514
8220	0	0.782	0	0:01:16.723021
8240	1	1.68	1	0:01:19.612800
8260	1	1.86	1	0:01:17.606301
8280	0	0.61	0	0:01:18.433155
8300	0	0.664	0	0:01:17.522775
8320	1	0.115	1	0:01:16.721885
8340	0	0.351	0	0:01:17.055423
8360	1	0.985	1	0:01:19.171978
8380	1	1.37	1	0:01:18.311231
8400	0	0.289	0	0:01:18.986363
8420	0	0.331	0	0:01:18.369832
8440	0	0.732	0	0:01:17.146812
8460	1	1.2	1	0:01:18.539593
8480	0	0.472	0	0:01:16.339650
8500	0	0.154	0	0:01:16.784844
8520	0	0.114	0	0:01:18.535009
8540	0	0.876	0	0:01:18.601222
8560	1	0.521	1	0:01:16.660420
8580	1	0.206	1	0:01:18.805749
8600	0	0.85	0	0:01:18.684525
8620	0	0.956	0	0:01:16.673571
8640	1	0.384	1	0:01:16.398048
8660	1	0.126	1	0:01:16.919193
8680	0	0.961	0	0:01:16.674386
8700	0	0.591	0	0:01:16.684731
8720	1	0.428	1	0:01:16.371814
8740	0	0.763	0	0:01:16.614789
8760	1	1.86	1	0:01:16.633940
8780	0	0.554	0	0:01:16.676365
8800	1	1.72	1	0:01:16.318703
8820	1	1.6	1	0:01:16.629694
8840	0	1.15	0	0:01:16.493767
8860	1	0.3	1	0:01:16.733734
8880	1	1.21	1	0:01:16.396422
8900	0	0.659	0	0:01:16.818295
8920	1	0.244	1	0:01:16.837634
8940	1	0.728	1	0:01:16.929886
8960	0	0.613	0	0:01:16.555175
8980	1	1.86	1	0:01:16.907153
9000	1	1.89	1	0:01:16.817058
9020	1	1.0	1	0:01:16.829227
9040	0	0.282	0	0:01:16.671642
9060	0	0.0793	0	0:01:16.740400
9080	0	0.685	0	0:01:16.746145
9100	0	0.185	0	0:01:16.684770
9120	0	0.749	0	0:01:16.383113
9140	1	0.285	1	0:01:16.686200
9160	0	1.41	0	0:01:16.595956
9180	1	0.719	1	0:01:16.356354
9200	0	0.122	0	0:01:16.678719
9220	1	1.54	1	0:01:16.746730
9240	0	0.0732	0	0:01:16.675998
9260	0	1.25	0	0:01:16.472136
9280	0	0.172	0	0:01:16.677270
9300	0	1.2	0	0:01:16.571927
9320	1	1.44	1	0:01:16.500120
9340	1	1.62	1	0:01:16.680106
9360	0	0.185	0	0:01:19.416256
9380	0	0.714	0	0:01:18.241178
9400	1	0.129	1	0:01:16.409158
9420	0	0.212	0	0:01:16.592095
9440	1	1.58	1	0:01:16.952351
9460	0	0.65	0	0:01:17.588411
9480	0	0.649	0	0:01:17.900357
9500	1	0.158	1	0:01:18.648455
9520	1	1.04	1	0:01:18.417404
9540	0	0.0576	0	0:01:18.730452
9560	1	0.313	1	0:01:16.418653
9580	1	0.639	1	0:01:16.755457
9600	1	0.181	1	0:01:16.617476
9620	0	0.339	0	0:01:16.537641
9640	0	0.163	0	0:01:16.349631
9660	1	1.65	1	0:01:16.670690
9680	1	0.91	1	0:01:16.586747
9700	1	0.608	1	0:01:16.608390
9720	0	0.693	0	0:01:16.472999
9740	0	0.565	0	0:01:16.540506
9760	0	0.446	0	0:01:16.621672
9780	0	0.614	0	0:01:16.583444
9800	1	1.89	1	0:01:16.381393
9820	1	0.129	1	0:01:16.558414
9840	0	0.606	0	0:01:16.574512
9860	0	1.4	0	0:01:16.289609
9880	1	0.632	1	0:01:16.696204
9900	1	0.276	1	0:01:16.631736
9920	1	0.225	1	0:01:16.737715
9940	0	0.57	0	0:01:16.632444
9960	1	1.51	1	0:01:16.299604
9980	1	1.6	1	0:01:16.672327
