idx	label	predict	radius	correct	unperturbed predict	unperturbed correct	time
0	3	3	0.0851	1	3	1	0:01:16.795055
20	7	7	0.582	1	7	1	0:01:16.863049
40	4	4	0.646	1	4	1	0:01:16.398190
60	7	7	1.4	1	7	1	0:01:16.456418
80	8	8	1.43	1	8	1	0:01:16.569028
100	4	5	0.376	0	5	0	0:01:16.368529
120	8	8	0.884	1	8	1	0:01:16.607644
140	6	6	0.49	1	6	1	0:01:16.505956
160	2	2	0.594	1	2	1	0:01:16.335796
180	0	0	1.43	1	0	1	0:01:16.852007
200	5	5	0.274	1	5	1	0:01:16.311396
220	7	7	1.2	1	7	1	0:01:16.343697
240	1	1	1.89	1	1	1	0:01:16.905673
260	8	8	0.0612	1	8	1	0:01:16.319770
280	9	9	1.89	1	9	1	0:01:16.711882
300	6	6	1.43	1	6	1	0:01:16.524585
320	3	5	0.797	0	5	0	0:01:16.260547
340	2	-1	0.0	0	4	0	0:01:16.611498
360	9	9	0.305	1	9	1	0:01:16.404824
380	6	6	1.05	1	6	1	0:01:16.350361
400	9	9	1.54	1	9	1	0:01:16.888133
420	4	4	1.07	1	4	1	0:01:16.305526
440	1	1	0.94	1	1	1	0:01:16.608424
460	5	5	1.09	1	5	1	0:01:16.658503
480	8	9	0.534	0	9	0	0:01:16.464364
500	4	6	0.78	0	6	0	0:01:16.568717
520	5	5	0.608	1	5	1	0:01:16.629417
540	1	1	0.821	1	1	1	0:01:16.343922
560	0	0	1.6	1	0	1	0:01:16.844164
580	4	4	0.256	1	4	1	0:01:16.556222
600	8	8	0.987	1	8	1	0:01:16.759191
620	7	7	0.561	1	7	1	0:01:16.609561
640	5	3	0.868	0	3	0	0:01:16.387227
660	9	9	1.7	1	9	1	0:01:16.781667
680	9	-1	0.0	0	7	0	0:01:16.551629
700	7	7	1.42	1	7	1	0:01:16.507602
720	4	7	0.182	0	7	0	0:01:16.944087
740	2	5	0.739	0	5	0	0:01:16.271177
760	3	3	0.0252	1	3	1	0:01:16.405360
780	9	9	0.866	1	9	1	0:01:16.897710
800	7	7	1.89	1	7	1	0:01:16.317995
820	6	6	0.0299	1	6	1	0:01:16.544541
840	7	7	1.89	1	7	1	0:01:16.751675
860	4	4	1.06	1	4	1	0:01:16.322209
880	8	8	1.86	1	8	1	0:01:16.627934
900	2	6	0.365	0	6	0	0:01:16.507735
920	6	6	0.634	1	6	1	0:01:16.344789
940	9	9	1.67	1	9	1	0:01:16.921972
960	9	9	0.751	1	9	1	0:01:16.293900
980	2	6	1.35	0	6	0	0:01:16.698576
1000	5	5	1.65	1	5	1	0:01:16.640805
1020	1	1	1.41	1	1	1	0:01:16.307468
1040	7	5	1.53	0	5	0	0:01:16.627476
1060	9	9	1.73	1	9	1	0:01:16.577853
1080	6	6	1.27	1	6	1	0:01:16.217757
1100	7	-1	0.0	0	-1	0	0:01:16.738947
1120	5	2	0.172	0	2	0	0:01:16.335283
1140	6	6	0.584	1	6	1	0:01:16.331581
1160	8	8	0.646	1	8	1	0:01:16.855567
1180	3	3	0.453	1	3	1	0:01:16.487146
1200	8	8	0.721	1	8	1	0:01:16.694367
1220	9	6	0.149	0	6	0	0:01:16.655233
1240	2	6	1.32	0	6	0	0:01:16.363001
1260	1	9	0.828	0	9	0	0:01:16.601749
1280	3	7	0.311	0	7	0	0:01:16.559721
1300	4	3	0.595	0	3	0	0:01:16.484190
1320	7	2	0.468	0	2	0	0:01:16.839013
1340	1	1	1.74	1	1	1	0:01:16.294503
1360	7	7	0.898	1	7	1	0:01:16.590536
1380	4	5	1.07	0	5	0	0:01:16.569547
1400	5	5	0.165	1	5	1	0:01:16.304756
1420	4	7	0.49	0	7	0	0:01:16.608170
1440	0	0	0.56	1	0	1	0:01:16.628764
1460	6	6	1.53	1	6	1	0:01:16.309421
1480	1	1	0.697	1	1	1	0:01:16.829633
1500	1	1	0.458	1	1	1	0:01:16.319405
1520	7	7	1.36	1	7	1	0:01:16.591543
1540	8	8	1.79	1	8	1	0:01:16.530470
1560	7	7	1.89	1	7	1	0:01:16.353492
1580	6	1	0.591	0	1	0	0:01:16.565042
1600	8	9	0.203	0	9	0	0:01:16.670647
1620	5	-1	0.0	0	5	1	0:01:16.499659
1640	7	3	0.905	0	3	0	0:01:16.866015
1660	3	5	0.344	0	5	0	0:01:16.412875
1680	6	6	1.86	1	6	1	0:01:16.538442
1700	5	5	0.101	1	5	1	0:01:16.588401
1720	4	4	0.189	1	4	1	0:01:16.322527
1740	1	9	0.384	0	9	0	0:01:16.685070
1760	0	8	0.391	0	8	0	0:01:16.704013
1780	7	7	0.904	1	7	1	0:01:16.467344
1800	4	4	0.00592	1	4	1	0:01:16.945401
1820	8	8	0.505	1	8	1	0:01:16.538687
1840	8	7	0.128	0	7	0	0:01:16.652127
1860	8	8	1.49	1	8	1	0:01:16.591273
1880	1	1	1.24	1	1	1	0:01:16.375197
1900	8	8	1.89	1	8	1	0:01:16.737382
1920	2	2	1.5	1	2	1	0:01:16.609943
1940	5	-1	0.0	0	2	0	0:01:16.447052
1960	2	5	1.23	0	5	0	0:01:16.666604
1980	9	9	1.89	1	9	1	0:01:16.649652
2000	1	1	0.0625	1	1	1	0:01:16.433926
2020	9	9	1.89	1	9	1	0:01:17.054738
2040	0	-1	0.0	0	0	1	0:01:16.409355
2060	5	5	1.63	1	5	1	0:01:16.645344
2080	1	1	0.917	1	1	1	0:01:16.475684
2100	2	-1	0.0	0	4	0	0:01:16.290519
2120	4	8	0.645	0	8	0	0:01:16.699981
2140	9	9	1.7	1	9	1	0:01:16.620501
2160	0	8	0.939	0	8	0	0:01:16.373176
2180	4	4	1.04	1	4	1	0:01:17.015925
2200	0	0	0.322	1	0	1	0:01:16.347718
2220	1	1	1.65	1	1	1	0:01:16.583734
2240	9	9	1.25	1	9	1	0:01:16.758774
2260	4	-1	0.0	0	-1	0	0:01:16.461040
2280	4	8	0.78	0	8	0	0:01:16.677947
2300	3	6	0.312	0	6	0	0:01:16.705350
2320	5	2	0.748	0	2	0	0:01:16.377806
2340	7	7	1.71	1	7	1	0:01:16.965941
2360	7	7	0.0643	1	7	1	0:01:16.570256
2380	8	8	1.36	1	8	1	0:01:16.685042
2400	0	0	1.27	1	0	1	0:01:16.619265
2420	8	5	0.356	0	5	0	0:01:16.511446
2440	7	7	1.44	1	7	1	0:01:16.557928
2460	9	9	0.464	1	9	1	0:01:16.646084
2480	8	8	1.42	1	8	1	0:01:16.558136
2500	4	6	0.0884	0	6	0	0:01:16.904530
2520	1	-1	0.0	0	-1	0	0:01:16.413087
2540	2	3	0.202	0	3	0	0:01:16.792469
2560	7	7	0.378	1	7	1	0:01:16.635222
2580	6	6	0.681	1	6	1	0:01:16.344283
2600	8	8	1.86	1	8	1	0:01:16.584728
2620	1	1	0.37	1	1	1	0:01:16.564181
2640	7	7	1.73	1	7	1	0:01:16.389400
2660	3	-1	0.0	0	2	0	0:01:16.627605
2680	0	0	1.72	1	0	1	0:01:16.593457
2700	9	9	0.307	1	9	1	0:01:16.351593
2720	3	3	0.1	1	3	1	0:01:17.015827
2740	1	1	0.395	1	1	1	0:01:16.409493
2760	2	2	0.619	1	2	1	0:01:16.354231
2780	7	7	1.89	1	7	1	0:01:16.924607
2800	4	6	0.455	0	6	0	0:01:16.310070
2820	6	6	1.89	1	6	1	0:01:16.618787
2840	3	3	1.89	1	3	1	0:01:16.555653
2860	5	-1	0.0	0	-1	0	0:01:16.309207
2880	4	4	1.89	1	4	1	0:01:16.721137
2900	3	5	0.893	0	5	0	0:01:16.653614
2920	2	2	0.104	1	2	1	0:01:16.356565
2940	3	0	0.639	0	0	0	0:01:16.907222
2960	9	9	0.796	1	9	1	0:01:16.314360
2980	8	8	0.231	1	8	1	0:01:16.759404
3000	5	5	1.86	1	5	1	0:01:16.657788
3020	1	1	1.39	1	1	1	0:01:16.332420
3040	7	7	1.89	1	7	1	0:01:16.643996
3060	7	7	1.57	1	7	1	0:01:16.584065
3080	1	1	0.318	1	1	1	0:01:16.324695
3100	0	0	1.62	1	0	1	0:01:16.968514
3120	4	6	1.08	0	6	0	0:01:16.370939
3140	8	8	1.49	1	8	1	0:01:16.690257
3160	6	-1	0.0	0	6	1	0:01:16.715696
3180	3	-1	0.0	0	9	0	0:01:16.557949
3200	5	-1	0.0	0	5	1	0:01:16.604364
3220	3	9	0.195	0	9	0	0:01:16.739144
3240	4	-1	0.0	0	1	0	0:01:16.465330
3260	7	7	0.889	1	7	1	0:01:16.751835
3280	3	5	1.7	0	5	0	0:01:16.652036
3300	4	4	0.213	1	4	1	0:01:16.615093
3320	2	7	1.1	0	7	0	0:01:16.617989
3340	6	6	0.747	1	6	1	0:01:16.458240
3360	4	6	0.427	0	6	0	0:01:16.547677
3380	8	8	1.67	1	8	1	0:01:16.606018
3400	6	4	0.392	0	4	0	0:01:16.361692
3420	5	3	0.0356	0	3	0	0:01:16.656095
3440	2	-1	0.0	0	-1	0	0:01:16.615811
3460	1	1	1.66	1	1	1	0:01:16.337945
3480	2	2	1.89	1	2	1	0:01:16.844137
3500	1	1	0.814	1	1	1	0:01:16.391801
3520	1	1	1.89	1	1	1	0:01:16.574313
3540	6	6	1.0	1	6	1	0:01:16.705808
3560	1	9	0.181	0	9	0	0:01:16.451043
3580	4	2	0.352	0	2	0	0:01:16.595999
3600	4	2	0.823	0	2	0	0:01:16.629580
3620	0	-1	0.0	0	0	1	0:01:16.387028
3640	6	2	0.687	0	2	0	0:01:16.839032
3660	0	0	0.0276	1	0	1	0:01:16.325833
3680	0	2	0.0241	0	2	0	0:01:16.650061
3700	3	3	0.324	1	3	1	0:01:16.581028
3720	2	2	1.7	1	2	1	0:01:16.322720
3740	0	0	1.17	1	0	1	0:01:16.613244
3760	7	7	1.5	1	7	1	0:01:16.542655
3780	4	2	0.204	0	2	0	0:01:16.311108
3800	9	9	0.634	1	9	1	0:01:16.540549
3820	0	0	0.291	1	0	1	0:01:16.589981
3840	6	-1	0.0	0	3	0	0:01:16.325993
3860	7	7	1.89	1	7	1	0:01:16.562003
3880	6	4	0.0631	0	4	0	0:01:16.488244
3900	3	6	0.625	0	6	0	0:01:16.665001
3920	7	9	0.158	0	9	0	0:01:17.435162
3940	6	6	0.0474	1	6	1	0:01:16.301425
3960	2	2	1.11	1	2	1	0:01:16.969822
3980	9	7	0.421	0	7	0	0:01:17.369162
4000	8	-1	0.0	0	-1	0	0:01:16.539231
4020	8	8	1.47	1	8	1	0:01:16.624654
4040	0	0	1.6	1	0	1	0:01:16.679456
4060	6	6	0.952	1	6	1	0:01:16.315864
4080	1	1	0.929	1	1	1	0:01:16.826203
4100	7	7	1.89	1	7	1	0:01:16.407153
4120	4	4	0.689	1	4	1	0:01:16.678030
4140	5	3	0.053	0	3	0	0:01:16.876582
4160	5	5	0.817	1	5	1	0:01:16.606888
4180	0	8	0.107	0	8	0	0:01:16.946787
4200	4	2	0.661	0	2	0	0:01:16.925198
4220	4	0	1.89	0	0	0	0:01:16.789048
4240	7	0	0.603	0	0	0	0:01:18.458546
4260	8	8	1.37	1	8	1	0:01:17.601401
4280	8	-1	0.0	0	8	1	0:01:16.664781
4300	8	8	1.5	1	8	1	0:01:16.685316
4320	1	8	0.264	0	8	0	0:01:16.362103
4340	0	0	0.865	1	0	1	0:01:16.550698
4360	6	3	0.191	0	3	0	0:01:16.717482
4380	9	9	0.465	1	9	1	0:01:16.864605
4400	3	6	0.461	0	6	0	0:01:17.261903
4420	5	5	0.232	1	5	1	0:01:16.617115
4440	2	2	0.231	1	2	1	0:01:16.368574
4460	9	9	0.726	1	9	1	0:01:16.916178
4480	9	9	1.89	1	9	1	0:01:16.358522
4500	3	5	0.934	0	5	0	0:01:16.696507
4520	3	6	0.488	0	6	0	0:01:16.490152
4540	9	9	1.89	1	9	1	0:01:17.139330
4560	1	1	1.39	1	1	1	0:01:17.542133
4580	6	-1	0.0	0	6	1	0:01:17.245482
4600	4	4	0.346	1	4	1	0:01:16.793457
4620	7	3	0.942	0	3	0	0:01:16.751473
4640	2	-1	0.0	0	-1	0	0:01:16.809238
4660	7	7	0.306	1	7	1	0:01:16.921771
4680	9	9	0.519	1	9	1	0:01:16.648909
4700	6	-1	0.0	0	6	1	0:01:16.557042
4720	8	0	0.458	0	0	0	0:01:16.947532
4740	5	5	0.126	1	5	1	0:01:17.185707
4760	3	2	0.0544	0	2	0	0:01:16.545216
4780	0	0	0.863	1	0	1	0:01:16.556155
4800	9	9	1.89	1	9	1	0:01:16.471261
4820	3	5	0.491	0	5	0	0:01:16.312868
4840	0	0	1.68	1	0	1	0:01:17.337188
4860	5	5	1.27	1	5	1	0:01:16.601898
4880	0	-1	0.0	0	7	0	0:01:16.649328
4900	3	-1	0.0	0	5	0	0:01:16.564659
4920	7	7	1.59	1	7	1	0:01:16.346140
4940	6	6	0.663	1	6	1	0:01:16.718585
4960	4	4	0.0344	1	4	1	0:01:16.614598
4980	1	9	1.38	0	9	0	0:01:16.575871
5000	7	7	1.89	1	7	1	0:01:16.589163
5020	8	8	1.02	1	8	1	0:01:16.703166
5040	3	3	0.503	1	3	1	0:01:17.334137
5060	6	6	0.822	1	6	1	0:01:16.737158
5080	7	7	1.89	1	7	1	0:01:16.340833
5100	3	3	1.48	1	3	1	0:01:16.664334
5120	9	9	0.985	1	9	1	0:01:16.507603
5140	8	8	1.44	1	8	1	0:01:16.299578
5160	0	0	0.714	1	0	1	0:01:16.563994
5180	9	7	0.373	0	7	0	0:01:16.711236
5200	3	3	1.84	1	3	1	0:01:16.323445
5220	0	0	1.1	1	0	1	0:01:16.902811
5240	1	9	0.0585	0	9	0	0:01:17.262949
5260	0	0	1.86	1	0	1	0:01:16.528437
5280	0	8	1.03	0	8	0	0:01:16.819451
5300	9	9	1.7	1	9	1	0:01:17.006286
5320	7	7	1.66	1	7	1	0:01:16.564595
5340	3	4	0.895	0	4	0	0:01:16.563254
5360	9	9	1.55	1	9	1	0:01:16.275302
5380	1	9	1.12	0	9	0	0:01:16.650587
5400	9	9	1.21	1	9	1	0:01:16.632771
5420	6	6	1.03	1	6	1	0:01:17.369499
5440	9	9	1.89	1	9	1	0:01:16.572282
5460	0	0	1.86	1	0	1	0:01:16.781306
5480	1	1	0.846	1	1	1	0:01:16.869141
5500	8	8	0.538	1	8	1	0:01:16.730403
5520	4	4	0.101	1	4	1	0:01:16.615840
5540	5	6	0.115	0	6	0	0:01:16.990499
5560	3	-1	0.0	0	-1	0	0:01:16.767245
5580	5	6	0.234	0	6	0	0:01:16.826391
5600	6	-1	0.0	0	5	0	0:01:16.316957
5620	3	6	0.428	0	6	0	0:01:16.560545
5640	2	3	0.386	0	3	0	0:01:16.695441
5660	9	9	0.826	1	9	1	0:01:17.640540
5680	2	3	0.11	0	3	0	0:01:16.367111
5700	3	-1	0.0	0	-1	0	0:01:16.574912
5720	9	9	1.78	1	9	1	0:01:16.950591
5740	6	4	0.168	0	4	0	0:01:17.831198
5760	2	2	0.849	1	2	1	0:01:17.492854
5780	7	7	1.89	1	7	1	0:01:16.932450
5800	2	-1	0.0	0	6	0	0:01:16.604508
5820	5	5	0.307	1	5	1	0:01:16.658516
5840	2	-1	0.0	0	2	1	0:01:16.384380
5860	0	-1	0.0	0	-1	0	0:01:17.391423
5880	0	0	1.02	1	0	1	0:01:18.273496
5900	4	5	0.268	0	5	0	0:01:16.513556
5920	8	8	1.89	1	8	1	0:01:16.458599
5940	7	4	0.375	0	4	0	0:01:16.729981
5960	2	6	0.534	0	6	0	0:01:16.627674
5980	9	9	1.73	1	9	1	0:01:17.900521
6000	8	8	0.444	1	8	1	0:01:18.133860
6020	6	6	0.963	1	6	1	0:01:17.646139
6040	2	7	0.261	0	7	0	0:01:16.657524
6060	3	-1	0.0	0	6	0	0:01:16.473484
6080	1	1	0.79	1	1	1	0:01:16.572184
6100	1	1	1.29	1	1	1	0:01:16.655623
6120	5	5	1.09	1	5	1	0:01:16.595469
6140	9	9	1.77	1	9	1	0:01:16.715244
6160	2	2	0.135	1	2	1	0:01:16.640801
6180	0	0	0.729	1	0	1	0:01:16.583196
6200	3	3	0.346	1	3	1	0:01:16.546096
6220	2	5	0.0321	0	5	0	0:01:16.415864
6240	2	2	0.0402	1	2	1	0:01:16.601656
6260	2	-1	0.0	0	-1	0	0:01:16.607152
6280	8	5	0.445	0	5	0	0:01:16.639315
6300	1	1	0.637	1	1	1	0:01:17.752063
6320	0	0	1.08	1	0	1	0:01:16.347836
6340	3	3	1.06	1	3	1	0:01:18.101526
6360	2	2	0.516	1	2	1	0:01:17.556554
6380	3	6	0.102	0	6	0	0:01:17.168721
6400	0	0	0.322	1	0	1	0:01:18.940598
6420	7	7	1.57	1	7	1	0:01:18.631021
6440	3	-1	0.0	0	-1	0	0:01:16.619384
6460	3	-1	0.0	0	3	1	0:01:17.187909
6480	0	0	0.734	1	0	1	0:01:17.842659
6500	7	-1	0.0	0	6	0	0:01:17.644623
6520	6	6	0.211	1	6	1	0:01:17.004324
6540	8	8	1.42	1	8	1	0:01:16.334057
6560	6	6	1.22	1	6	1	0:01:17.595272
6580	1	-1	0.0	0	1	1	0:01:19.356776
6600	7	7	1.86	1	7	1	0:01:16.651255
6620	7	7	1.42	1	7	1	0:01:16.265308
6640	5	3	1.32	0	3	0	0:01:16.631659
6660	0	0	0.904	1	0	1	0:01:16.552149
6680	3	5	0.214	0	5	0	0:01:16.590334
6700	6	6	0.617	1	6	1	0:01:16.470108
6720	2	2	0.956	1	2	1	0:01:16.552271
6740	2	6	0.114	0	6	0	0:01:16.586461
6760	5	5	1.43	1	5	1	0:01:16.581115
6780	7	7	1.89	1	7	1	0:01:16.386657
6800	6	6	0.732	1	6	1	0:01:16.605051
6820	1	1	1.89	1	1	1	0:01:16.641772
6840	9	9	0.795	1	9	1	0:01:16.611601
6860	0	0	1.16	1	0	1	0:01:16.294523
6880	2	2	1.6	1	2	1	0:01:16.671074
6900	3	-1	0.0	0	3	1	0:01:16.629102
6920	5	2	1.34	0	2	0	0:01:16.371613
6940	1	1	1.89	1	1	1	0:01:16.688969
6960	9	-1	0.0	0	-1	0	0:01:16.648135
6980	0	9	0.251	0	9	0	0:01:16.613525
7000	2	8	0.436	0	8	0	0:01:16.593577
7020	7	7	1.89	1	7	1	0:01:17.835562
7040	7	8	0.237	0	8	0	0:01:16.601730
7060	8	8	1.09	1	8	1	0:01:16.630862
7080	5	4	0.659	0	4	0	0:01:16.298067
7100	9	3	0.119	0	3	0	0:01:17.193759
7120	7	7	0.964	1	7	1	0:01:17.666479
7140	4	4	0.63	1	4	1	0:01:17.915634
7160	5	5	1.21	1	5	1	0:01:18.403647
7180	6	6	1.59	1	6	1	0:01:16.919909
7200	4	6	0.356	0	6	0	0:01:16.689685
7220	9	9	0.904	1	9	1	0:01:16.618821
7240	0	8	0.8	0	8	0	0:01:16.383111
7260	1	1	0.62	1	1	1	0:01:16.936147
7280	1	1	0.281	1	1	1	0:01:16.754442
7300	3	-1	0.0	0	5	0	0:01:16.469415
7320	8	8	0.06	1	8	1	0:01:16.696970
7340	2	4	0.576	0	4	0	0:01:16.440594
7360	2	-1	0.0	0	4	0	0:01:16.599925
7380	7	7	1.09	1	7	1	0:01:17.232697
7400	3	3	0.205	1	3	1	0:01:18.711028
7420	3	-1	0.0	0	2	0	0:01:17.280582
7440	3	3	0.0142	1	3	1	0:01:16.584290
7460	5	5	1.89	1	5	1	0:01:16.499913
7480	1	8	0.528	0	8	0	0:01:16.318031
7500	6	6	1.89	1	6	1	0:01:16.574579
7520	4	-1	0.0	0	-1	0	0:01:16.585557
7540	5	5	1.84	1	5	1	0:01:16.608979
7560	0	0	0.648	1	0	1	0:01:16.368974
7580	8	8	1.2	1	8	1	0:01:16.655661
7600	8	9	0.763	0	9	0	0:01:16.688466
7620	5	3	0.85	0	3	0	0:01:16.376446
7640	9	9	0.369	1	9	1	0:01:18.384739
7660	7	7	0.212	1	7	1	0:01:17.899074
7680	3	-1	0.0	0	9	0	0:01:18.595893
7700	6	6	1.89	1	6	1	0:01:18.758705
7720	5	5	0.529	1	5	1	0:01:18.449815
7740	4	2	0.292	0	2	0	0:01:16.532840
7760	2	-1	0.0	0	0	0	0:01:16.829269
7780	3	9	0.187	0	9	0	0:01:16.656593
7800	0	0	1.09	1	0	1	0:01:18.576184
7820	5	5	0.488	1	5	1	0:01:17.991671
7840	1	1	1.89	1	1	1	0:01:16.536384
7860	8	8	0.629	1	8	1	0:01:16.625448
7880	0	-1	0.0	0	0	1	0:01:16.367961
7900	0	8	0.0891	0	8	0	0:01:16.997468
7920	9	9	0.446	1	9	1	0:01:16.610909
7940	2	6	0.925	0	6	0	0:01:16.470793
7960	0	0	0.557	1	0	1	0:01:16.628407
7980	3	5	0.015	0	5	0	0:01:16.756631
8000	9	9	1.44	1	9	1	0:01:16.564220
8020	6	-1	0.0	0	6	1	0:01:16.595949
8040	2	2	1.05	1	2	1	0:01:16.757510
8060	6	6	1.03	1	6	1	0:01:16.704200
8080	4	6	0.206	0	6	0	0:01:16.586733
8100	6	2	0.737	0	2	0	0:01:16.651893
8120	8	8	0.0466	1	8	1	0:01:16.975795
8140	5	4	0.113	0	4	0	0:01:16.678343
8160	6	6	1.56	1	6	1	0:01:16.834059
8180	4	6	0.262	0	6	0	0:01:16.302257
8200	3	-1	0.0	0	6	0	0:01:16.894514
8220	6	6	0.0573	1	6	1	0:01:16.723021
8240	7	7	1.89	1	7	1	0:01:19.612800
8260	1	1	1.89	1	1	1	0:01:17.606301
8280	4	5	1.06	0	5	0	0:01:18.433155
8300	5	2	0.31	0	2	0	0:01:17.522775
8320	7	7	0.509	1	7	1	0:01:16.721885
8340	5	5	0.888	1	5	1	0:01:17.055423
8360	7	7	1.62	1	7	1	0:01:19.171978
8380	9	9	1.89	1	9	1	0:01:18.311231
8400	0	8	0.00883	0	8	0	0:01:18.986363
8420	3	6	0.97	0	6	0	0:01:18.369832
8440	5	5	0.00083	1	5	1	0:01:17.146812
8460	8	8	1.89	1	8	1	0:01:18.539593
8480	2	2	0.251	1	2	1	0:01:16.339650
8500	4	4	0.238	1	4	1	0:01:16.784844
8520	8	8	0.265	1	8	1	0:01:18.535009
8540	4	2	0.261	0	2	0	0:01:18.601222
8560	7	7	1.2	1	7	1	0:01:16.660420
8580	3	5	0.994	0	5	0	0:01:18.805749
8600	3	-1	0.0	0	5	0	0:01:18.684525
8620	3	-1	0.0	0	5	0	0:01:16.673571
8640	1	1	1.29	1	1	1	0:01:16.398048
8660	7	7	0.851	1	7	1	0:01:16.919193
8680	3	-1	0.0	0	-1	0	0:01:16.674386
8700	3	3	0.285	1	3	1	0:01:16.684731
8720	2	0	1.76	0	0	0	0:01:16.371814
8740	2	-1	0.0	0	6	0	0:01:16.614789
8760	8	8	1.89	1	8	1	0:01:16.633940
8780	4	4	0.269	1	4	1	0:01:16.676365
8800	0	0	1.89	1	0	1	0:01:16.318703
8820	2	2	1.84	1	2	1	0:01:16.629694
8840	2	-1	0.0	0	1	0	0:01:16.493767
8860	2	2	0.947	1	2	1	0:01:16.733734
8880	1	1	1.21	1	1	1	0:01:16.396422
8900	2	-1	0.0	0	2	1	0:01:16.818295
8920	6	6	1.84	1	6	1	0:01:16.837634
8940	6	3	1.22	0	3	0	0:01:16.929886
8960	0	0	1.78	1	0	1	0:01:16.555175
8980	9	9	1.89	1	9	1	0:01:16.907153
9000	8	8	1.89	1	8	1	0:01:16.817058
9020	7	7	1.15	1	7	1	0:01:16.829227
9040	2	5	1.4	0	5	0	0:01:16.671642
9060	9	9	0.214	1	9	1	0:01:16.740400
9080	3	-1	0.0	0	2	0	0:01:16.746145
9100	9	1	0.0279	0	1	0	0:01:16.684770
9120	3	-1	0.0	0	0	0	0:01:16.383113
9140	7	7	0.6	1	7	1	0:01:16.686200
9160	5	5	0.834	1	5	1	0:01:16.595956
9180	5	5	1.89	1	5	1	0:01:16.356354
9200	8	8	1.7	1	8	1	0:01:16.678719
9220	8	8	1.89	1	8	1	0:01:16.746730
9240	8	8	0.957	1	8	1	0:01:16.675998
9260	5	5	0.738	1	5	1	0:01:16.472136
9280	9	9	0.143	1	9	1	0:01:16.677270
9300	5	5	0.772	1	5	1	0:01:16.571927
9320	9	9	1.84	1	9	1	0:01:16.500120
9340	1	1	1.65	1	1	1	0:01:16.680106
9360	5	0	0.416	0	0	0	0:01:19.416256
9380	5	5	0.127	1	5	1	0:01:18.241178
9400	6	6	1.41	1	6	1	0:01:16.409158
9420	5	5	1.18	1	5	1	0:01:16.592095
9440	8	8	1.82	1	8	1	0:01:16.952351
9460	3	7	0.437	0	7	0	0:01:17.588411
9480	2	4	0.263	0	4	0	0:01:17.900357
9500	9	9	0.193	1	9	1	0:01:18.648455
9520	1	1	1.35	1	1	1	0:01:18.417404
9540	5	5	1.68	1	5	1	0:01:18.730452
9560	9	7	1.33	0	7	0	0:01:16.418653
9580	1	1	0.88	1	1	1	0:01:16.755457
9600	8	8	1.3	1	8	1	0:01:16.617476
9620	4	-1	0.0	0	4	1	0:01:16.537641
9640	5	5	0.555	1	5	1	0:01:16.349631
9660	6	6	1.86	1	6	1	0:01:16.670690
9680	8	8	1.34	1	8	1	0:01:16.586747
9700	0	0	1.31	1	0	1	0:01:16.608390
9720	8	-1	0.0	0	8	1	0:01:16.472999
9740	3	6	0.955	0	6	0	0:01:16.540506
9760	9	-1	0.0	0	7	0	0:01:16.621672
9780	4	6	1.53	0	6	0	0:01:16.583444
9800	1	1	1.89	1	1	1	0:01:16.381393
9820	0	8	0.343	0	8	0	0:01:16.558414
9840	4	3	0.0193	0	3	0	0:01:16.574512
9860	0	-1	0.0	0	5	0	0:01:16.289609
9880	7	7	1.1	1	7	1	0:01:16.696204
9900	8	8	0.327	1	8	1	0:01:16.631736
9920	6	6	1.66	1	6	1	0:01:16.737715
9940	4	5	0.228	0	5	0	0:01:16.632444
9960	2	0	1.84	0	0	0	0:01:16.299604
9980	0	0	1.84	1	0	1	0:01:16.672327
