idx	mean	std	min	25 percentile	50 percentile	75 percentile	max
0	0.307	0.149	0.01197	0.1959	0.2992	0.4304	0.7817
20	0.478	0.1854	0.05849	0.3375	0.4774	0.632	0.9061
40	0.1798	0.1551	0.003124	0.05341	0.1308	0.2742	0.7498
60	0.08953	0.06273	0.004808	0.04353	0.07411	0.1168	0.5003
80	0.1253	0.08322	0.002298	0.05939	0.1084	0.1786	0.518
100	0.4342	0.1199	0.05014	0.345	0.4191	0.5259	0.8036
120	0.2502	0.1085	0.00622	0.1754	0.243	0.3101	0.7113
140	0.3187	0.1986	0.00439	0.1455	0.2892	0.4899	0.8046
160	0.2386	0.1484	0.01535	0.1075	0.2147	0.3532	0.6851
180	0.1194	0.09417	0.01277	0.05366	0.08954	0.1556	0.6262
200	0.2941	0.1259	0.02742	0.1895	0.3066	0.3952	0.5945
220	0.1748	0.1122	0.01199	0.088	0.1473	0.2366	0.531
240	0.007999	0.006587	0.0004687	0.003646	0.006165	0.01002	0.06784
260	0.371	0.1789	0.005286	0.2326	0.4061	0.5152	0.7244
280	0.05031	0.02789	0.004968	0.03052	0.04487	0.06429	0.1852
300	0.1185	0.1719	0.0007506	0.01103	0.03393	0.1437	0.7006
320	0.4115	0.08603	0.02481	0.363	0.4128	0.4644	0.6802
340	0.4455	0.1621	0.007453	0.3494	0.4761	0.5715	0.8537
360	0.2719	0.1879	0.006216	0.1049	0.246	0.426	0.7984
380	0.4024	0.2456	0.007799	0.1545	0.4639	0.6092	0.8919
400	0.07765	0.07193	0.002536	0.03008	0.0553	0.1006	0.5675
420	0.157	0.121	0.005265	0.08274	0.1211	0.1885	0.8961
440	0.07338	0.06493	0.002355	0.03224	0.05278	0.08676	0.3176
460	0.2007	0.1235	0.01063	0.1069	0.1717	0.2735	0.5922
480	0.2008	0.1222	0.007932	0.1035	0.1807	0.2838	0.6213
500	0.5214	0.1133	0.09001	0.4597	0.5359	0.5945	0.8195
520	0.3461	0.09624	0.09004	0.2783	0.3551	0.4188	0.608
540	0.05121	0.08658	0.0005885	0.008686	0.01573	0.03921	0.5263
560	0.06209	0.04804	0.003778	0.03114	0.04837	0.07909	0.4158
580	0.285	0.1877	0.00814	0.1229	0.2336	0.4704	0.6938
600	0.1107	0.1317	0.003517	0.0304	0.05807	0.1354	0.7892
620	0.3109	0.1837	0.01275	0.159	0.2734	0.4451	0.7749
640	0.3421	0.09746	0.05351	0.2657	0.3432	0.4147	0.5944
660	0.1392	0.07816	0.01631	0.08534	0.1201	0.1759	0.7097
680	0.6381	0.1799	0.06531	0.5245	0.6775	0.7809	0.9301
700	0.04888	0.06679	0.001218	0.01287	0.02568	0.05532	0.5047
720	0.4624	0.1894	0.01479	0.3178	0.453	0.6111	0.8901
740	0.3773	0.07656	0.03271	0.3204	0.3764	0.431	0.606
760	0.3963	0.1685	0.01791	0.2645	0.4196	0.526	0.795
780	0.03555	0.06818	0.0002879	0.004464	0.0103	0.02801	0.582
800	0.006474	0.01011	0.0003734	0.002008	0.00362	0.007192	0.204
820	0.55	0.1488	0.04294	0.4452	0.5562	0.6742	0.8614
840	0.03071	0.01828	0.003694	0.01793	0.02688	0.03864	0.1395
860	0.3034	0.09644	0.04623	0.2364	0.2982	0.3649	0.6546
880	0.08936	0.06449	0.001637	0.03563	0.07382	0.132	0.3508
900	0.497	0.1077	0.1044	0.4319	0.5108	0.5784	0.73
920	0.5127	0.1211	0.03056	0.4349	0.5353	0.5995	0.7918
940	0.008879	0.01558	6.097e-05	0.001706	0.004022	0.01005	0.186
960	0.3265	0.1474	0.04642	0.2103	0.3066	0.4223	0.823
980	0.4171	0.1662	0.003942	0.3527	0.4692	0.5238	0.7119
1000	0.1661	0.08698	0.01889	0.09971	0.1505	0.2143	0.5186
1020	0.04035	0.03629	0.004619	0.02107	0.03234	0.04763	0.4308
1040	0.3183	0.09581	0.08704	0.2474	0.3178	0.3842	0.5876
1060	0.02699	0.04598	0.0003053	0.004859	0.01154	0.02792	0.5202
1080	0.4615	0.1041	0.165	0.3893	0.4588	0.5294	0.7626
1100	0.4096	0.1459	0.04096	0.3026	0.436	0.5116	0.7761
1120	0.403	0.1526	0.03987	0.284	0.4175	0.5239	0.7771
1140	0.3856	0.2194	0.004891	0.1747	0.4288	0.5751	0.8762
1160	0.154	0.114	0.001301	0.07175	0.1251	0.2091	0.7052
1180	0.2888	0.1624	0.02012	0.15	0.2735	0.4047	0.8385
1200	0.1261	0.1562	0.001234	0.02269	0.04917	0.1705	0.6684
1220	0.533	0.1383	0.02037	0.4682	0.548	0.6201	0.8642
1240	0.4175	0.1283	0.06026	0.3223	0.4192	0.516	0.7388
1260	0.04558	0.06175	0.001671	0.01477	0.02503	0.04326	0.3262
1280	0.3408	0.1428	0.02482	0.2274	0.3617	0.4528	0.6686
1300	0.5658	0.1592	0.1285	0.4549	0.5677	0.6785	0.9455
1320	0.1042	0.1299	0.000138	0.006699	0.03512	0.1761	0.538
1340	0.037	0.02344	0.005204	0.0217	0.03112	0.04592	0.2401
1360	0.1533	0.1205	0.00872	0.06463	0.1157	0.203	0.6429
1380	0.4841	0.1299	0.0663	0.3964	0.4817	0.5744	0.8293
1400	0.4672	0.124	0.01221	0.3763	0.4649	0.5709	0.7694
1420	0.399	0.132	0.04001	0.3084	0.4089	0.5014	0.7951
1440	0.3317	0.131	0.02242	0.243	0.3087	0.3987	0.7838
1460	0.1209	0.1164	0.004268	0.04213	0.08215	0.1589	0.7367
1480	0.2598	0.212	0.004082	0.0838	0.1823	0.4092	0.8184
1500	0.04687	0.06042	0.001621	0.01329	0.02478	0.05107	0.3054
1520	0.2477	0.09289	0.03783	0.1848	0.2419	0.3034	0.6487
1540	0.008493	0.01693	4.668e-05	0.001062	0.002952	0.008538	0.3047
1560	0.001387	0.001011	9.619e-05	0.0007282	0.00111	0.001773	0.008828
1580	0.1994	0.1982	0.006197	0.05302	0.1064	0.289	0.8714
1600	0.4656	0.2408	0.02972	0.2517	0.4447	0.6767	0.9811
1620	0.5708	0.1749	0.04677	0.4592	0.6018	0.7093	0.9036
1640	0.1714	0.1409	0.008555	0.06295	0.1196	0.2482	0.6902
1660	0.4294	0.1507	0.01342	0.3358	0.4455	0.5407	0.7802
1680	0.2938	0.2103	0.006607	0.08644	0.2766	0.4886	0.7033
1700	0.4845	0.1423	0.07523	0.3909	0.5234	0.5956	0.7187
1720	0.4312	0.1862	0.01073	0.291	0.4622	0.584	0.804
1740	0.1972	0.09915	0.01559	0.1113	0.1834	0.2814	0.4789
1760	0.3997	0.1805	0.003602	0.3241	0.421	0.517	0.8367
1780	0.2316	0.1491	0.02798	0.1225	0.1864	0.3034	0.8395
1800	0.4346	0.2113	0.008317	0.2754	0.4828	0.5982	0.8518
1820	0.1842	0.1258	0.001728	0.07679	0.167	0.2914	0.5767
1840	0.5287	0.2162	0.01941	0.3679	0.5425	0.7022	0.9621
1860	0.02195	0.0528	0.0003401	0.003907	0.008548	0.01957	0.6306
1880	0.01808	0.06357	6.462e-05	0.001388	0.00326	0.00882	0.7218
1900	0.003772	0.006965	3.01e-05	0.0006355	0.001456	0.003596	0.08308
1920	0.009636	0.02524	0.0001288	0.001759	0.003876	0.008332	0.4597
1940	0.6192	0.09057	0.1246	0.587	0.6426	0.6781	0.7706
1960	0.2547	0.09838	0.05197	0.1861	0.2417	0.311	0.6281
1980	0.004415	0.006148	0.0001642	0.001317	0.002668	0.00506	0.08491
2000	0.2911	0.1785	0.01762	0.1362	0.2643	0.4272	0.8018
2020	0.02259	0.01865	0.0006846	0.009458	0.01721	0.03003	0.1279
2040	0.1612	0.1432	0.0007588	0.01291	0.1563	0.3035	0.4949
2060	0.4991	0.06767	0.3135	0.457	0.4974	0.542	0.7542
2080	0.1043	0.07557	0.003115	0.05377	0.08756	0.1304	0.6869
2100	0.3701	0.1702	0.002016	0.2445	0.3805	0.4997	0.7515
2120	0.3367	0.2104	0.004585	0.1652	0.2857	0.5105	0.8847
2140	0.0006844	0.007329	2.913e-06	5.893e-05	0.0001513	0.0003743	0.1679
2160	0.2197	0.1082	0.001098	0.1386	0.233	0.3015	0.5489
2180	0.2982	0.0931	0.05185	0.2342	0.2901	0.3565	0.7353
2200	0.4848	0.1336	0.08324	0.3842	0.486	0.5884	0.782
2220	0.002691	0.01312	7.207e-05	0.0006836	0.001192	0.002226	0.2898
2240	0.1455	0.08331	0.008256	0.07904	0.1368	0.1991	0.5119
2260	0.5454	0.1764	0.04189	0.4457	0.5614	0.67	0.9236
2280	0.5485	0.1455	0.116	0.4496	0.5685	0.6575	0.87
2300	0.5866	0.1434	0.01638	0.5343	0.6144	0.6726	0.8856
2320	0.2562	0.1506	0.009945	0.1334	0.2285	0.3679	0.7464
2340	0.04269	0.03529	0.002268	0.02018	0.03218	0.05221	0.2777
2360	0.3532	0.1171	0.04406	0.2738	0.3693	0.4438	0.7154
2380	0.1288	0.1161	0.001131	0.04077	0.09228	0.1824	0.6947
2400	0.0998	0.0703	0.0147	0.05814	0.08084	0.116	0.5536
2420	0.5536	0.1567	0.02922	0.4388	0.5569	0.675	0.9186
2440	0.04615	0.05627	0.003761	0.02025	0.03137	0.05052	0.6413
2460	0.5355	0.1925	0.0609	0.3932	0.5501	0.6945	0.9302
2480	0.02433	0.04019	0.0001933	0.004874	0.01294	0.02937	0.4592
2500	0.4518	0.1056	0.01563	0.3918	0.4712	0.5213	0.7242
2520	0.3444	0.1371	0.05043	0.2434	0.3397	0.4334	0.829
2540	0.3621	0.1769	0.03167	0.2057	0.3747	0.5039	0.7311
2560	0.327	0.176	0.02244	0.1818	0.3026	0.4629	0.8179
2580	0.386	0.1113	0.01641	0.3218	0.4069	0.4639	0.6677
2600	0.04988	0.04887	0.0005804	0.01604	0.03357	0.06951	0.3567
2620	0.294	0.2251	0.01143	0.1065	0.227	0.4316	0.9509
2640	0.0282	0.03613	0.0007217	0.009078	0.01775	0.03297	0.5004
2660	0.5186	0.1234	0.1314	0.4589	0.5469	0.6049	0.7343
2680	0.03915	0.02831	0.003814	0.02106	0.03162	0.04803	0.2297
2700	0.1332	0.1301	0.004014	0.03886	0.07888	0.2046	0.7767
2720	0.404	0.2249	0.008518	0.2021	0.4253	0.5911	0.8968
2740	0.6825	0.1756	0.05611	0.5811	0.7251	0.8165	0.9542
2760	0.2071	0.1576	0.003684	0.07225	0.1677	0.3248	0.6903
2780	0.02099	0.01732	0.001914	0.0104	0.01592	0.0264	0.1917
2800	0.4588	0.1894	0.006302	0.344	0.5179	0.6002	0.8213
2820	0.06666	0.1141	0.0008804	0.008035	0.02031	0.0635	0.7041
2840	0.09486	0.04123	0.02528	0.0654	0.08854	0.1157	0.3512
2860	0.582	0.1199	0.1404	0.5092	0.6128	0.671	0.9019
2880	0.201	0.05942	0.07064	0.1595	0.1937	0.2374	0.4389
2900	0.523	0.1199	0.06979	0.4478	0.5378	0.6116	0.7804
2920	0.4169	0.146	0.05	0.312	0.4108	0.5141	0.7926
2940	0.3567	0.141	0.07625	0.2389	0.3555	0.4657	0.6962
2960	0.2707	0.1683	0.02557	0.1435	0.2271	0.3659	0.814
2980	0.1508	0.1343	0.0002792	0.02611	0.1094	0.2716	0.7342
3000	0.1831	0.09727	0.02415	0.109	0.1619	0.2436	0.5771
3020	0.01214	0.02743	0.0004054	0.003537	0.00618	0.01108	0.3436
3040	0.003039	0.002685	0.0002183	0.001434	0.002293	0.003723	0.03367
3060	0.09384	0.07634	0.005847	0.04181	0.07229	0.1223	0.5317
3080	0.3385	0.1785	0.03407	0.1937	0.3159	0.464	0.8644
3100	0.2501	0.06116	0.07978	0.2079	0.2492	0.2881	0.5106
3120	0.5357	0.1075	0.01033	0.5047	0.5479	0.5971	0.7792
3140	0.05196	0.07327	0.0007398	0.008782	0.02272	0.05714	0.4676
3160	0.4374	0.1156	0.01444	0.3543	0.458	0.5192	0.8023
3180	0.6066	0.158	0.05416	0.52	0.6425	0.7199	0.8939
3200	0.469	0.1167	0.08374	0.3937	0.4794	0.5489	0.8851
3220	0.5232	0.1417	0.08636	0.4406	0.5456	0.6306	0.8399
3240	0.435	0.2176	0.01865	0.258	0.4435	0.6151	0.9047
3260	0.07696	0.1105	0.001416	0.01285	0.03155	0.08503	0.6412
3280	0.3533	0.08619	0.07191	0.3022	0.3589	0.409	0.7116
3300	0.3308	0.1955	0.009991	0.1489	0.3327	0.5014	0.8468
3320	0.1484	0.1526	0.004572	0.04586	0.0903	0.1949	0.867
3340	0.4709	0.2194	0.003393	0.332	0.5445	0.6485	0.791
3360	0.5153	0.1794	0.006691	0.4424	0.571	0.6415	0.8796
3380	0.01938	0.03899	0.0002067	0.002931	0.00746	0.01962	0.5459
3400	0.5583	0.207	0.07452	0.3938	0.5582	0.7351	0.9556
3420	0.4881	0.1701	0.09776	0.3728	0.4896	0.6196	0.8834
3440	0.5846	0.1433	0.1696	0.4923	0.5939	0.6887	0.9124
3460	0.0465	0.04062	0.002307	0.01994	0.03461	0.06045	0.4454
3480	0.2137	0.08327	0.0349	0.1536	0.2043	0.2659	0.5742
3500	0.2081	0.1197	0.008641	0.1301	0.1754	0.2507	0.8662
3520	0.007616	0.00548	0.0005723	0.004051	0.006184	0.009669	0.05681
3540	0.3562	0.1741	0.01609	0.2168	0.3735	0.4979	0.7667
3560	0.2312	0.1549	0.00231	0.09958	0.1989	0.3348	0.7949
3580	0.243	0.1808	0.0032	0.08326	0.2072	0.379	0.8517
3600	0.1963	0.1643	0.004971	0.07088	0.1405	0.2824	0.7732
3620	0.4624	0.191	0.01537	0.3257	0.4868	0.6105	0.8155
3640	0.3575	0.1405	0.03097	0.2538	0.3569	0.4613	0.7596
3660	0.1875	0.106	0.004338	0.07492	0.2178	0.2811	0.4385
3680	0.5146	0.1859	0.06066	0.3742	0.5443	0.6712	0.8323
3700	0.2829	0.1552	0.01207	0.1353	0.3	0.4121	0.6654
3720	0.03017	0.03551	0.00131	0.0104	0.02017	0.03617	0.4903
3740	0.1038	0.07543	0.009004	0.04976	0.08062	0.1363	0.4511
3760	0.04029	0.04044	0.002295	0.01526	0.02907	0.0502	0.3122
3780	0.5401	0.1253	0.02725	0.4675	0.5481	0.6365	0.7993
3800	0.4527	0.1792	0.06843	0.31	0.4442	0.59	0.8895
3820	0.3514	0.1309	0.06311	0.2559	0.3391	0.4427	0.7821
3840	0.6341	0.1362	0.06664	0.5738	0.6702	0.7317	0.8563
3860	0.004817	0.006923	0.0002665	0.001646	0.002921	0.005283	0.1046
3880	0.3619	0.1446	0.009299	0.2549	0.3665	0.4716	0.7987
3900	0.3087	0.1047	0.07215	0.2387	0.2987	0.3556	0.7185
3920	0.476	0.1828	0.02679	0.3498	0.4816	0.6152	0.8821
3940	0.5973	0.1319	0.1089	0.5259	0.6188	0.6842	0.9346
3960	0.07528	0.08867	0.001299	0.01858	0.04222	0.09354	0.5398
3980	0.4195	0.2174	0.02861	0.2415	0.3902	0.5992	0.9017
4000	0.4575	0.202	0.02393	0.2958	0.4916	0.6256	0.8666
4020	0.25	0.1098	0.02864	0.165	0.238	0.3259	0.6272
4040	0.009313	0.008365	0.00111	0.005187	0.007501	0.01088	0.1608
4060	0.3177	0.1803	0.00674	0.1597	0.3371	0.4577	0.824
4080	0.05348	0.06888	0.004442	0.02058	0.03248	0.05399	0.5496
4100	0.009779	0.006553	0.001351	0.005387	0.007819	0.01195	0.05208
4120	0.1465	0.138	0.001336	0.03362	0.09121	0.239	0.5089
4140	0.3106	0.08518	0.04035	0.2603	0.3252	0.3665	0.5728
4160	0.3109	0.1285	0.03644	0.2154	0.2937	0.3977	0.7523
4180	0.2243	0.08397	0.003374	0.1698	0.2284	0.2784	0.5296
4200	0.3921	0.06048	0.07477	0.3522	0.3902	0.4273	0.6437
4220	0.2607	0.06497	0.07394	0.2143	0.2554	0.3045	0.4656
4240	0.172	0.1527	0.003052	0.04467	0.1153	0.2757	0.634
4260	0.05382	0.05368	0.001233	0.02099	0.03741	0.06659	0.4207
4280	0.2547	0.1468	0.01167	0.1254	0.2405	0.3642	0.6855
4300	0.09089	0.06061	0.006389	0.04729	0.0751	0.121	0.4666
4320	0.3041	0.1257	0.004357	0.2137	0.3047	0.3968	0.6567
4340	0.09558	0.06785	0.004311	0.04471	0.07835	0.1291	0.4025
4360	0.4994	0.1307	0.09204	0.4199	0.5241	0.6004	0.7425
4380	0.2279	0.1655	0.007074	0.08807	0.1775	0.348	0.7815
4400	0.6158	0.1319	0.08037	0.5549	0.6307	0.6967	0.904
4420	0.4999	0.18	0.03799	0.353	0.5095	0.6287	0.9251
4440	0.3385	0.2526	0.003277	0.08049	0.316	0.5774	0.8123
4460	0.0952	0.1361	0.001423	0.02387	0.04375	0.08961	0.782
4480	0.0104	0.01589	0.0004762	0.003327	0.006181	0.01142	0.2852
4500	0.2581	0.09355	0.05716	0.2	0.2363	0.2844	0.6852
4520	0.5065	0.08339	0.1191	0.4602	0.5085	0.564	0.7141
4540	0.1375	0.05656	0.03946	0.09568	0.1288	0.1655	0.3952
4560	0.04266	0.03688	0.001934	0.01849	0.03316	0.05524	0.4425
4580	0.1641	0.1287	0.001543	0.05187	0.1261	0.2679	0.6894
4600	0.4027	0.1215	0.08503	0.3207	0.4185	0.4909	0.6923
4620	0.2024	0.1076	0.02366	0.118	0.1798	0.2718	0.6281
4640	0.3271	0.1847	0.0007887	0.1565	0.3282	0.4954	0.665
4660	0.33	0.2138	0.008427	0.1414	0.2954	0.4953	0.8844
4680	0.05911	0.09454	0.0002157	0.003289	0.009008	0.06732	0.3757
4700	0.658	0.1597	0.019	0.5734	0.6882	0.7755	0.9277
4720	0.09959	0.09657	0.004841	0.02633	0.05068	0.1725	0.3677
4740	0.4325	0.1063	0.07933	0.3675	0.4338	0.5029	0.7051
4760	0.5351	0.1854	0.02903	0.4085	0.5663	0.6756	0.9089
4780	0.1525	0.08608	0.01077	0.08792	0.1339	0.1993	0.7243
4800	0.0006472	0.001201	1.518e-05	0.000136	0.0002907	0.0006173	0.01372
4820	0.3558	0.1221	0.01254	0.2689	0.3496	0.4384	0.7775
4840	0.05221	0.0416	0.003413	0.02409	0.04002	0.0683	0.3522
4860	0.4266	0.1408	0.07907	0.3201	0.4319	0.5286	0.7616
4880	0.3823	0.1882	0.01312	0.2341	0.388	0.5322	0.8532
4900	0.533	0.1822	0.08131	0.3913	0.5518	0.6777	0.9027
4920	0.02314	0.03143	0.001098	0.006975	0.01349	0.02583	0.3405
4940	0.419	0.1962	0.001693	0.2833	0.4734	0.5796	0.7324
4960	0.3336	0.1821	0.008247	0.1912	0.3192	0.4784	0.756
4980	0.2706	0.1383	0.03005	0.1632	0.2493	0.356	0.8625
5000	0.004639	0.003684	0.0002866	0.002212	0.003746	0.005779	0.03165
5020	0.04348	0.06633	0.001859	0.01223	0.02084	0.03896	0.4648
5040	0.3751	0.178	0.008648	0.234	0.3893	0.5108	0.807
5060	0.5338	0.1858	0.01245	0.4532	0.5998	0.6722	0.8698
5080	0.06601	0.04915	0.008769	0.03226	0.05303	0.0818	0.3757
5100	0.152	0.07012	0.0246	0.09734	0.1441	0.1896	0.5154
5120	0.09661	0.08853	0.004477	0.03432	0.06523	0.1278	0.5151
5140	0.02945	0.04669	0.0001634	0.004766	0.01095	0.0302	0.4255
5160	0.1094	0.1116	0.00279	0.03944	0.0676	0.1247	0.6465
5180	0.4192	0.2131	0.005377	0.2468	0.3714	0.5946	0.9283
5200	0.1093	0.03346	0.03742	0.08573	0.1052	0.1294	0.2957
5220	0.3007	0.1264	0.0425	0.2088	0.2807	0.3724	0.7625
5240	0.1347	0.09102	0.00465	0.06266	0.1119	0.1888	0.6043
5260	0.07205	0.03561	0.01008	0.04726	0.06414	0.09059	0.292
5280	0.1549	0.1421	0.005638	0.0586	0.1084	0.1923	0.823
5300	0.005407	0.005958	0.0003572	0.001971	0.003666	0.006637	0.07284
5320	0.02957	0.03632	0.003054	0.01218	0.01901	0.0324	0.4127
5340	0.2512	0.1677	0.001526	0.099	0.2284	0.3722	0.6915
5360	0.06474	0.06353	0.0008953	0.02465	0.04444	0.08079	0.5773
5380	0.02718	0.02526	0.001706	0.01167	0.02058	0.03483	0.2851
5400	0.04958	0.0487	0.00228	0.02248	0.0364	0.05835	0.405
5420	0.2355	0.09403	0.002822	0.1713	0.238	0.3025	0.4806
5440	0.0001151	0.0001813	2.782e-06	2.754e-05	5.722e-05	0.0001245	0.00215
5460	0.06303	0.03675	0.01319	0.03907	0.05396	0.07459	0.3543
5480	0.1278	0.1367	0.007126	0.04615	0.08436	0.1514	0.8312
5500	0.2464	0.1215	0.005995	0.1528	0.2288	0.3334	0.7648
5520	0.3337	0.164	0.003451	0.2011	0.3591	0.4624	0.6937
5540	0.4808	0.171	0.01924	0.3602	0.5196	0.617	0.7888
5560	0.4407	0.1135	0.03177	0.3774	0.4511	0.5212	0.7041
5580	0.3946	0.08821	0.03788	0.3529	0.4109	0.4575	0.5965
5600	0.6318	0.1855	0.04083	0.524	0.6682	0.7731	0.958
5620	0.4685	0.1154	0.1543	0.3825	0.4876	0.5579	0.7108
5640	0.4618	0.09378	0.1203	0.4012	0.4658	0.5211	0.7308
5660	0.1237	0.1091	0.009349	0.05622	0.08818	0.1479	0.7266
5680	0.4721	0.1754	0.02522	0.3479	0.5015	0.6029	0.8735
5700	0.4763	0.1114	0.1105	0.4073	0.4791	0.5423	0.7718
5720	0.02802	0.03871	0.001301	0.008892	0.01642	0.03187	0.534
5740	0.2722	0.1563	0.01206	0.1255	0.2762	0.3907	0.652
5760	0.3837	0.09492	0.0265	0.3272	0.3812	0.4401	0.762
5780	0.005545	0.005749	0.000351	0.001958	0.00361	0.006905	0.04993
5800	0.4411	0.1686	0.0184	0.3183	0.4957	0.5698	0.7574
5820	0.4177	0.1699	0.04077	0.2822	0.3945	0.567	0.8006
5840	0.4799	0.2037	0.01583	0.3337	0.5039	0.6516	0.9609
5860	0.2249	0.1535	0.001454	0.07891	0.2094	0.3476	0.7256
5880	0.06305	0.05445	0.004153	0.02762	0.04806	0.07997	0.3641
5900	0.6134	0.1216	0.08452	0.5435	0.6124	0.6952	0.9511
5920	0.006571	0.004877	0.0005428	0.003428	0.005366	0.008349	0.05308
5940	0.5372	0.15	0.03817	0.4352	0.5509	0.6491	0.897
5960	0.4097	0.1668	0.002468	0.2899	0.4315	0.5388	0.7488
5980	0.0141	0.02404	0.0002343	0.003015	0.00713	0.0153	0.2871
6000	0.3984	0.1444	0.05055	0.2851	0.3997	0.5052	0.8437
6020	0.2984	0.2167	0.003038	0.08782	0.2759	0.4947	0.759
6040	0.4629	0.1536	0.05012	0.372	0.4945	0.5768	0.7998
6060	0.5366	0.1573	0.047	0.4366	0.5683	0.6543	0.8799
6080	0.0721	0.06171	0.002886	0.03207	0.05518	0.09041	0.6388
6100	0.03071	0.04421	0.001805	0.01305	0.01983	0.03198	0.4346
6120	0.2442	0.08068	0.03945	0.1893	0.2476	0.301	0.5537
6140	0.01308	0.01257	0.0003575	0.005154	0.009309	0.01656	0.1402
6160	0.487	0.1912	0.008975	0.3738	0.5197	0.6313	0.9072
6180	0.1405	0.1548	0.005727	0.02715	0.069	0.2095	0.6762
6200	0.409	0.1922	0.02831	0.2527	0.4151	0.5623	0.8412
6220	0.4756	0.1831	0.04385	0.3091	0.5291	0.6428	0.777
6240	0.3308	0.1842	0.005083	0.1779	0.3423	0.4691	0.8431
6260	0.5949	0.1826	0.04607	0.4987	0.6327	0.7353	0.9468
6280	0.4665	0.1585	0.03821	0.3506	0.452	0.5841	0.8577
6300	0.2342	0.2414	0.003854	0.04975	0.1185	0.3815	0.9206
6320	0.2431	0.109	0.05424	0.1647	0.2201	0.2982	0.6826
6340	0.1444	0.1162	0.008946	0.06476	0.1054	0.1843	0.6821
6360	0.4767	0.1022	0.05416	0.4189	0.4797	0.5395	0.7477
6380	0.6473	0.1366	0.02714	0.6078	0.6734	0.7324	0.9477
6400	0.2356	0.1517	0.01483	0.1139	0.1947	0.3299	0.8229
6420	0.04746	0.06406	0.001472	0.01341	0.02739	0.05191	0.6051
6440	0.7105	0.1371	0.07998	0.6454	0.7355	0.8043	0.9554
6460	0.6002	0.1702	0.02082	0.5048	0.6302	0.7236	0.9129
6480	0.2255	0.1814	0.005699	0.08478	0.1617	0.3258	0.7588
6500	0.507	0.1903	0.01048	0.3821	0.5333	0.6597	0.8873
6520	0.2583	0.1111	0.02066	0.1711	0.2705	0.3425	0.4909
6540	0.1313	0.1233	0.001702	0.0421	0.09249	0.1849	0.8124
6560	0.3892	0.1477	0.00991	0.2941	0.4281	0.498	0.6782
6580	0.3839	0.1892	0.02004	0.2226	0.3864	0.5247	0.8531
6600	0.006389	0.01102	0.0003117	0.001865	0.003354	0.006692	0.1624
6620	0.03953	0.06308	0.001229	0.008533	0.01716	0.0417	0.6817
6640	0.08176	0.07356	0.00383	0.03876	0.05811	0.09577	0.5508
6660	0.2039	0.09575	0.02487	0.1308	0.1905	0.2651	0.5978
6680	0.2876	0.08755	0.07481	0.2189	0.2908	0.3539	0.5472
6700	0.2707	0.1943	0.002138	0.09554	0.2306	0.4329	0.8069
6720	0.4386	0.0737	0.05757	0.3922	0.4439	0.4885	0.6228
6740	0.4693	0.1637	0.009842	0.407	0.5282	0.5772	0.7989
6760	0.1875	0.07099	0.0173	0.1355	0.1859	0.2367	0.5414
6780	0.0357	0.03022	0.00174	0.01656	0.02741	0.04486	0.3282
6800	0.3293	0.1854	0.002536	0.1558	0.3746	0.4822	0.6728
6820	0.006918	0.005798	0.0005416	0.003407	0.005414	0.008691	0.06499
6840	0.03988	0.06099	0.0008504	0.008109	0.01732	0.03967	0.3044
6860	0.2922	0.09752	0.05625	0.2216	0.2887	0.3577	0.6682
6880	0.01199	0.02645	0.000167	0.002005	0.004992	0.01163	0.3534
6900	0.4917	0.183	0.01409	0.364	0.515	0.6339	0.8887
6920	0.3964	0.07395	0.07408	0.343	0.3943	0.4473	0.6156
6940	0.001089	0.001085	0.0001259	0.0005454	0.0008241	0.001276	0.02085
6960	0.2098	0.1631	0.001616	0.07148	0.1658	0.3319	0.7498
6980	0.3229	0.1413	0.03007	0.2099	0.3034	0.4355	0.7187
7000	0.3552	0.166	0.003488	0.2287	0.3349	0.4653	0.8709
7020	0.004662	0.004409	0.0006496	0.002275	0.003488	0.00549	0.04763
7040	0.5191	0.1658	0.04024	0.4037	0.5335	0.6377	0.8884
7060	0.06084	0.05316	0.002263	0.02783	0.047	0.07454	0.5032
7080	0.3443	0.1497	0.03121	0.2314	0.3283	0.4431	0.8506
7100	0.5053	0.1044	0.1611	0.4419	0.5181	0.5821	0.732
7120	0.1731	0.1144	0.008913	0.08431	0.1445	0.2386	0.7177
7140	0.4236	0.1319	0.03007	0.333	0.4067	0.4961	0.862
7160	0.1639	0.08826	0.02265	0.1084	0.1517	0.1966	0.83
7180	0.1938	0.1756	0.002391	0.03439	0.126	0.3477	0.7297
7200	0.5043	0.1581	0.01082	0.4255	0.5558	0.6233	0.715
7220	0.1942	0.1585	0.005788	0.06964	0.1432	0.2763	0.814
7240	0.3533	0.1354	0.008907	0.2694	0.342	0.4338	0.7839
7260	0.03776	0.09239	5.799e-05	0.0005611	0.001504	0.01025	0.5197
7280	0.345	0.2335	0.0134	0.1491	0.3004	0.4898	0.9454
7300	0.5512	0.1333	0.07502	0.4871	0.5641	0.6377	0.8359
7320	0.1897	0.09499	0.002947	0.1022	0.1946	0.2833	0.3427
7340	0.451	0.1335	0.08553	0.3556	0.4503	0.5484	0.784
7360	0.5526	0.121	0.04729	0.4966	0.5794	0.6353	0.804
7380	0.2089	0.1618	0.02546	0.1011	0.1543	0.2597	0.8602
7400	0.405	0.1655	0.04089	0.281	0.4184	0.5419	0.7835
7420	0.5857	0.1398	0.04475	0.5339	0.6219	0.6826	0.789
7440	0.5287	0.1392	0.04506	0.45	0.5567	0.6302	0.8289
7460	0.1082	0.06044	0.009103	0.06005	0.09553	0.1468	0.3139
7480	0.185	0.1549	0.005049	0.06345	0.1323	0.2752	0.7142
7500	0.04251	0.02848	0.006459	0.02419	0.03496	0.05121	0.2329
7520	0.4119	0.198	0.0148	0.2291	0.4686	0.5813	0.8161
7540	0.09946	0.05457	0.008899	0.0579	0.09015	0.1281	0.3745
7560	0.2232	0.2268	0.003599	0.03892	0.1315	0.3711	0.8962
7580	0.1564	0.05398	0.03638	0.119	0.1497	0.1868	0.3499
7600	0.4264	0.1975	0.02565	0.2691	0.4142	0.5724	0.9214
7620	0.2495	0.1357	0.02516	0.1465	0.2213	0.3334	0.7383
7640	0.2527	0.1123	0.01532	0.1618	0.2601	0.3384	0.7085
7660	0.5184	0.1883	0.0616	0.37	0.5235	0.6853	0.8908
7680	0.3925	0.1554	0.01214	0.2797	0.4127	0.5152	0.6856
7700	0.1428	0.1846	0.001312	0.01593	0.05062	0.2088	0.7342
7720	0.4823	0.1372	0.08821	0.3824	0.4817	0.5829	0.8384
7740	0.328	0.1263	0.004765	0.2588	0.3197	0.3876	0.6971
7760	0.4274	0.1486	0.02623	0.3342	0.4506	0.5379	0.8496
7780	0.2289	0.1733	0.006859	0.06918	0.2016	0.359	0.7684
7800	0.2052	0.08272	0.01515	0.1426	0.1987	0.2644	0.4592
7820	0.6332	0.1232	0.2318	0.5373	0.6431	0.731	0.9008
7840	0.005073	0.00312	0.0008525	0.002946	0.004389	0.006163	0.02949
7860	0.1758	0.2091	0.0004516	0.02163	0.07743	0.2788	0.9388
7880	0.2904	0.1279	0.016	0.198	0.318	0.3967	0.4794
7900	0.5079	0.1586	0.04859	0.4005	0.524	0.6317	0.8592
7920	0.1453	0.1826	0.0007781	0.02601	0.05913	0.1909	0.907
7940	0.4576	0.0925	0.05251	0.4477	0.478	0.5041	0.688
7960	0.2266	0.1994	0.01138	0.05812	0.143	0.3885	0.8673
7980	0.4561	0.1288	0.07112	0.3534	0.4659	0.5568	0.7608
8000	0.01953	0.03538	0.0008527	0.006574	0.01087	0.02004	0.4044
8020	0.5951	0.1086	0.2196	0.5318	0.6255	0.6755	0.7796
8040	0.08637	0.1025	0.003199	0.02479	0.04775	0.09662	0.6693
8060	0.2291	0.2154	0.001974	0.03796	0.1329	0.4275	0.7021
8080	0.5559	0.1744	0.03732	0.4579	0.6376	0.6793	0.8003
8100	0.38	0.153	0.04486	0.2579	0.3805	0.4992	0.7678
8120	0.2957	0.116	0.01536	0.2072	0.3087	0.3879	0.5756
8140	0.5094	0.1518	0.08384	0.4069	0.5299	0.623	0.9366
8160	0.07229	0.07029	0.003958	0.02691	0.04879	0.09263	0.5593
8180	0.3976	0.1304	0.01556	0.372	0.4576	0.4759	0.5849
8200	0.5434	0.1552	0.01899	0.4618	0.5738	0.6513	0.8412
8220	0.4649	0.1411	0.02087	0.3711	0.4757	0.5636	0.8749
8240	0.02469	0.01913	0.001935	0.01322	0.01978	0.02927	0.1928
8260	0.006819	0.005417	0.0006497	0.003474	0.005255	0.008436	0.04809
8280	0.3491	0.1191	0.1396	0.264	0.3249	0.4126	0.8789
8300	0.4689	0.1547	0.08915	0.3579	0.49	0.601	0.8205
8320	0.2214	0.1555	0.01926	0.09469	0.1709	0.3188	0.7457
8340	0.2472	0.05351	0.03745	0.2184	0.2463	0.2759	0.5117
8360	0.06844	0.05677	0.004365	0.03132	0.0534	0.08733	0.5475
8380	0.02503	0.02876	0.0005795	0.00839	0.01617	0.03056	0.2762
8400	0.3617	0.2038	0.005587	0.171	0.4159	0.5216	0.8679
8420	0.4267	0.2247	0.005166	0.2308	0.4794	0.6318	0.7594
8440	0.3739	0.106	0.08943	0.2986	0.3689	0.4538	0.6595
8460	0.01923	0.03933	0.0001707	0.002169	0.005632	0.01713	0.3289
8480	0.4876	0.2329	0.006358	0.2869	0.5244	0.6829	0.9322
8500	0.2544	0.1163	0.01351	0.156	0.2721	0.3378	0.6181
8520	0.2989	0.1663	0.001953	0.1676	0.2957	0.4062	0.7846
8540	0.4238	0.1141	0.02661	0.3401	0.4223	0.5072	0.7271
8560	0.1238	0.08782	0.012	0.06147	0.1014	0.1599	0.5257
8580	0.2135	0.1293	0.0443	0.1158	0.1693	0.2775	0.7253
8600	0.4442	0.1384	0.0325	0.3348	0.4437	0.5582	0.8703
8620	0.5666	0.1591	0.06682	0.4617	0.5803	0.6731	0.9276
8640	0.1758	0.05643	0.03015	0.1337	0.1742	0.2128	0.3998
8660	0.2194	0.1595	0.01098	0.08658	0.1718	0.3235	0.5911
8680	0.6204	0.157	0.03483	0.5411	0.6502	0.7333	0.9087
8700	0.3707	0.1165	0.0219	0.2873	0.377	0.4553	0.6685
8720	0.17	0.06147	0.04538	0.1221	0.1621	0.2083	0.4229
8740	0.5509	0.1716	0.009841	0.4438	0.5883	0.6827	0.8944
8760	0.001445	0.001819	6.744e-05	0.0004355	0.0008866	0.001817	0.02402
8780	0.3928	0.1427	0.03279	0.29	0.3912	0.4978	0.7888
8800	0.1019	0.02325	0.04103	0.08533	0.09957	0.1167	0.1815
8820	0.01445	0.01637	0.000621	0.005512	0.009821	0.01666	0.1657
8840	0.6389	0.14	0.06404	0.5618	0.6649	0.7459	0.9092
8860	0.1724	0.1321	0.005297	0.0766	0.1324	0.2298	0.6676
8880	0.06582	0.04135	0.004318	0.03547	0.05777	0.08821	0.3042
8900	0.4383	0.1434	0.03724	0.3592	0.45	0.5355	0.7605
8920	0.1627	0.1819	0.001813	0.02799	0.07429	0.2517	0.7101
8940	0.06853	0.07894	0.001925	0.01757	0.03676	0.08307	0.4884
8960	0.2981	0.06209	0.1018	0.2583	0.2969	0.3421	0.5006
8980	0.00538	0.005577	0.0002924	0.002064	0.003487	0.006696	0.04882
9000	0.002228	0.002366	0.0001476	0.0009656	0.001597	0.002672	0.03384
9020	0.02292	0.0506	0.0005768	0.005014	0.008829	0.01802	0.5255
9040	0.3218	0.143	0.05394	0.2033	0.312	0.4135	0.753
9060	0.2474	0.1445	0.001547	0.1146	0.2746	0.3718	0.597
9080	0.4818	0.1728	0.01969	0.3705	0.5063	0.6115	0.8225
9100	0.3811	0.2268	0.008685	0.1698	0.3604	0.5856	0.8575
9120	0.5483	0.1875	0.02106	0.4355	0.579	0.6988	0.8775
9140	0.1836	0.2139	0.002088	0.03398	0.08415	0.2395	0.899
9160	0.4478	0.07662	0.1807	0.3943	0.4336	0.4848	0.7465
9180	0.1182	0.06398	0.008684	0.07023	0.1072	0.1497	0.4106
9200	0.2338	0.07074	0.03447	0.1895	0.2371	0.2827	0.443
9220	0.03073	0.03383	7.992e-05	0.007014	0.01875	0.04274	0.2028
9240	0.2459	0.1033	0.03188	0.1755	0.2335	0.3024	0.8306
9260	0.4299	0.06536	0.1601	0.3908	0.431	0.4755	0.6154
9280	0.2818	0.1534	0.005775	0.1512	0.2932	0.3867	0.7922
9300	0.4245	0.09351	0.06313	0.3652	0.4181	0.479	0.7056
9320	0.01116	0.02454	3.468e-05	0.00148	0.0038	0.01033	0.3393
9340	0.002571	0.002569	0.0002325	0.001127	0.001797	0.002964	0.02919
9360	0.353	0.2174	0.01102	0.1433	0.3553	0.5557	0.7816
9380	0.3778	0.1048	0.03419	0.3123	0.3837	0.4502	0.6288
9400	0.1983	0.1727	0.001987	0.04239	0.1382	0.3465	0.6641
9420	0.2602	0.08258	0.06375	0.2013	0.251	0.3044	0.6006
9440	0.01252	0.01352	0.0002321	0.004352	0.008203	0.0157	0.147
9460	0.4254	0.15	0.06273	0.3213	0.4275	0.5364	0.8113
9480	0.4639	0.1703	0.01582	0.3682	0.4895	0.5908	0.8251
9500	0.1898	0.1622	0.001635	0.04459	0.1476	0.3027	0.6769
9520	0.02956	0.04931	0.0016	0.00785	0.01329	0.02822	0.4378
9540	0.2268	0.06459	0.03232	0.1846	0.2312	0.2689	0.4867
9560	0.1698	0.1258	0.01195	0.08264	0.1368	0.2209	0.8483
9580	0.06983	0.1206	0.0003589	0.008601	0.02249	0.06198	0.7503
9600	0.1809	0.08651	0.008962	0.1143	0.1815	0.2465	0.4408
9620	0.347	0.1548	0.002432	0.228	0.3562	0.4669	0.7006
9640	0.2931	0.1463	0.01147	0.1743	0.2786	0.4055	0.7034
9660	0.07169	0.02786	0.01593	0.05162	0.06942	0.08736	0.2215
9680	0.0573	0.05921	0.0009899	0.01721	0.03753	0.07414	0.4556
9700	0.1164	0.08201	0.009323	0.061	0.09191	0.1485	0.6786
9720	0.5931	0.2187	0.007743	0.4312	0.6496	0.7703	0.9358
9740	0.4668	0.1801	0.009151	0.3682	0.5244	0.6051	0.7377
9760	0.4414	0.1964	0.02588	0.273	0.4659	0.6053	0.8553
9780	0.4328	0.1387	0.01402	0.4044	0.4724	0.506	0.8263
9800	0.0001393	9.259e-05	2.8e-05	7.998e-05	0.0001175	0.0001702	0.0009578
9820	0.2042	0.1392	0.006514	0.08705	0.172	0.3043	0.6984
9840	0.3815	0.1125	0.02707	0.3094	0.4032	0.4711	0.5978
9860	0.718	0.1256	0.128	0.6566	0.7545	0.81	0.9042
9880	0.09758	0.1168	0.001907	0.02526	0.05383	0.1147	0.7547
9900	0.1523	0.1441	0.002335	0.03335	0.09214	0.2476	0.7124
9920	0.1695	0.1418	0.002638	0.05148	0.1225	0.2545	0.5922
9940	0.397	0.1513	0.009055	0.2758	0.3927	0.522	0.7417
9960	0.01957	0.02474	0.002202	0.008756	0.01363	0.02137	0.339
9980	0.01054	0.01351	0.0009064	0.004365	0.007217	0.01188	0.2499
