idx	predict	radius	unperturbed predict	time
0	0	0.0305	0	0:01:18.206684
20	0	0.589	0	0:01:16.126354
40	1	0.289	1	0:01:15.707515
60	1	0.806	1	0:01:15.756005
80	-1	0.0	1	0:01:15.489275
100	0	0.947	0	0:01:15.877194
120	0	0.276	0	0:01:15.775509
140	0	0.85	0	0:01:15.764245
160	0	0.454	0	0:01:15.534047
180	1	0.661	1	0:01:15.649027
200	0	0.668	0	0:01:15.943087
220	0	0.144	0	0:01:15.790421
240	1	0.947	1	0:01:15.519348
260	0	0.284	0	0:01:15.775667
280	1	0.798	1	0:01:15.650070
300	1	0.601	1	0:01:15.450295
320	0	0.947	0	0:01:15.989421
340	0	0.947	0	0:01:15.660435
360	0	0.258	0	0:01:15.943305
380	0	0.693	0	0:01:15.526208
400	1	0.894	1	0:01:16.186515
420	0	0.252	0	0:01:16.065382
440	1	0.458	1	0:01:18.128386
460	1	0.567	1	0:01:16.590309
480	0	0.496	0	0:01:17.863825
500	0	0.909	0	0:01:16.333812
520	0	0.373	0	0:01:15.767637
540	1	0.552	1	0:01:15.502234
560	1	0.947	1	0:01:18.108240
580	0	0.947	0	0:01:16.824827
600	1	0.601	1	0:01:18.055571
620	0	0.182	0	0:01:17.524454
640	0	0.947	0	0:01:16.242447
660	1	0.772	1	0:01:17.744713
680	0	0.87	0	0:01:15.456692
700	1	0.947	1	0:01:15.657454
720	0	0.0612	0	0:01:17.896446
740	0	0.611	0	0:01:17.834894
760	0	0.494	0	0:01:15.530104
780	1	0.034	1	0:01:17.277715
800	1	0.947	1	0:01:18.198519
820	0	0.947	0	0:01:15.994360
840	1	0.947	1	0:01:15.649592
860	0	0.883	0	0:01:15.893728
880	1	0.804	1	0:01:15.761652
900	0	0.947	0	0:01:15.730296
920	0	0.947	0	0:01:15.429824
940	1	0.947	1	0:01:15.649168
960	0	0.878	0	0:01:15.789663
980	0	0.947	0	0:01:15.749485
1000	1	0.852	1	0:01:15.533076
1020	1	0.894	1	0:01:15.671184
1040	0	0.413	0	0:01:15.831013
1060	1	0.947	1	0:01:15.462756
1080	0	0.409	0	0:01:15.825747
1100	0	0.397	0	0:01:15.747209
1120	0	0.812	0	0:01:15.662179
1140	0	0.909	0	0:01:15.475743
1160	1	0.297	1	0:01:15.636513
1180	1	0.599	1	0:01:15.759173
1200	1	0.244	1	0:01:15.736881
1220	0	0.947	0	0:01:15.527518
1240	0	0.852	0	0:01:15.703305
1260	0	0.161	0	0:01:15.746294
1280	0	0.182	0	0:01:15.747642
1300	0	0.719	0	0:01:15.461937
1320	0	0.317	0	0:01:15.857203
1340	1	0.947	1	0:01:15.806894
1360	1	0.168	1	0:01:15.501381
1380	0	0.909	0	0:01:15.753130
1400	0	0.947	0	0:01:15.660737
1420	0	0.832	0	0:01:15.962225
1440	0	0.375	0	0:01:15.625035
1460	0	0.075	0	0:01:15.949077
1480	0	0.392	0	0:01:15.791152
1500	1	0.878	1	0:01:15.495813
1520	1	0.751	1	0:01:15.711036
1540	1	0.947	1	0:01:15.771652
1560	1	0.947	1	0:01:16.934374
1580	0	0.738	0	0:01:18.856855
1600	0	0.93	0	0:01:16.084917
1620	0	0.947	0	0:01:15.860514
1640	0	0.791	0	0:01:15.647484
1660	0	0.345	0	0:01:16.272678
1680	1	0.19	1	0:01:17.473834
1700	0	0.947	0	0:01:16.476031
1720	0	0.797	0	0:01:17.935561
1740	0	0.00655	-1	0:01:18.005540
1760	0	0.34	0	0:01:17.013619
1780	1	0.0999	1	0:01:15.687472
1800	0	0.947	0	0:01:15.491711
1820	1	0.497	1	0:01:15.882939
1840	0	0.93	0	0:01:15.614924
1860	1	0.883	1	0:01:15.794728
1880	1	0.93	1	0:01:15.555512
1900	1	0.947	1	0:01:15.740519
1920	1	0.947	1	0:01:15.745372
1940	0	0.236	0	0:01:15.853159
1960	0	0.472	0	0:01:15.501381
1980	1	0.947	1	0:01:16.024029
2000	0	0.212	0	0:01:15.764191
2020	1	0.918	1	0:01:15.520187
2040	1	0.651	1	0:01:15.723781
2060	0	0.947	0	0:01:15.762798
2080	0	0.294	0	0:01:15.808414
2100	0	0.521	0	0:01:15.554079
2120	0	0.23	0	0:01:15.832474
2140	1	0.947	1	0:01:15.777679
2160	0	0.517	0	0:01:15.744931
2180	0	0.866	0	0:01:15.491710
2200	0	0.145	0	0:01:15.773402
2220	1	0.947	1	0:01:15.936802
2240	0	0.108	0	0:01:15.691654
2260	0	0.947	0	0:01:15.817681
2280	0	0.947	0	0:01:15.768359
2300	0	0.947	0	0:01:15.708642
2320	0	0.612	0	0:01:15.455620
2340	1	0.947	1	0:01:15.780421
2360	0	0.138	0	0:01:15.885410
2380	1	0.571	1	0:01:15.738770
2400	1	0.947	1	0:01:15.428461
2420	0	0.514	0	0:01:15.765781
2440	1	0.442	1	0:01:15.780259
2460	0	0.797	0	0:01:15.682218
2480	1	0.773	1	0:01:15.743217
2500	0	0.947	0	0:01:15.771527
2520	0	0.791	0	0:01:16.007871
2540	0	0.947	0	0:01:15.803610
2560	0	0.477	0	0:01:17.502824
2580	0	0.0691	0	0:01:15.762449
2600	1	0.93	1	0:01:16.092086
2620	1	0.473	1	0:01:16.716236
2640	1	0.918	1	0:01:16.345179
2660	0	0.947	0	0:01:17.485111
2680	1	0.947	1	0:01:17.013437
2700	0	0.489	0	0:01:15.466581
2720	0	0.58	0	0:01:15.834034
2740	0	0.319	0	0:01:17.544608
2760	0	0.23	0	0:01:17.992960
2780	1	0.947	1	0:01:15.476960
2800	0	0.888	0	0:01:15.765624
2820	1	0.689	1	0:01:15.784046
2840	1	0.456	1	0:01:15.520685
2860	0	0.947	0	0:01:18.135521
2880	1	0.607	1	0:01:15.696687
2900	0	0.317	0	0:01:18.846346
2920	0	0.947	0	0:01:15.909621
2940	1	0.179	1	0:01:16.871963
2960	0	0.384	0	0:01:16.095622
2980	1	0.672	1	0:01:15.725425
3000	1	0.947	1	0:01:17.407866
3020	1	0.947	1	0:01:15.805031
3040	1	0.947	1	0:01:15.673916
3060	1	0.809	1	0:01:15.713739
3080	0	0.518	0	0:01:15.684110
3100	0	0.198	0	0:01:16.960919
3120	0	0.947	0	0:01:16.311893
3140	1	0.725	1	0:01:15.762711
3160	0	0.85	0	0:01:15.771224
3180	0	0.947	0	0:01:15.529819
3200	1	0.156	1	0:01:17.983416
3220	0	0.484	0	0:01:16.262852
3240	0	0.947	0	0:01:15.469173
3260	1	0.775	1	0:01:17.687678
3280	0	0.412	0	0:01:16.602295
3300	0	0.73	0	0:01:15.822213
3320	1	0.149	1	0:01:15.630127
3340	0	0.918	0	0:01:15.483662
3360	0	0.93	0	0:01:15.968494
3380	1	0.947	1	0:01:16.533844
3400	0	0.663	0	0:01:17.039374
3420	0	0.947	0	0:01:15.964145
3440	0	0.947	0	0:01:15.493647
3460	1	0.947	1	0:01:15.502642
3480	1	0.93	1	0:01:16.103637
3500	0	0.12	0	0:01:15.664882
3520	1	0.947	1	0:01:17.602667
3540	0	0.585	0	0:01:15.634360
3560	0	0.764	0	0:01:15.438417
3580	0	0.766	0	0:01:16.961059
3600	0	0.73	0	0:01:16.336696
3620	0	0.57	0	0:01:15.436301
3640	0	0.947	0	0:01:15.831169
3660	0	0.173	0	0:01:15.423740
3680	0	0.947	0	0:01:15.636945
3700	0	0.55	0	0:01:15.733342
3720	1	0.909	1	0:01:15.575685
3740	1	0.835	1	0:01:15.887722
3760	1	0.947	1	0:01:15.444666
3780	0	0.947	0	0:01:15.536085
3800	1	0.0311	1	0:01:17.220925
3820	0	0.773	0	0:01:16.500997
3840	0	0.947	0	0:01:15.837625
3860	1	0.947	1	0:01:16.918257
3880	0	0.947	0	0:01:16.353943
3900	0	0.795	0	0:01:16.513748
3920	1	0.0235	1	0:01:17.125732
3940	0	0.947	0	0:01:15.588757
3960	0	0.32	0	0:01:15.721561
3980	0	0.764	0	0:01:15.491512
4000	0	0.947	0	0:01:15.831462
4020	1	0.363	1	0:01:15.653134
4040	1	0.888	1	0:01:15.433548
4060	0	0.0473	0	0:01:15.564861
4080	1	0.725	1	0:01:15.861597
4100	1	0.947	1	0:01:15.825890
4120	1	0.795	1	0:01:15.440660
4140	1	0.0054	1	0:01:18.230259
4160	-1	0.0	1	0:01:17.961831
4180	0	0.611	0	0:01:16.750520
4200	0	0.947	0	0:01:18.627762
4220	0	0.182	0	0:01:15.526258
4240	0	0.714	0	0:01:17.882328
4260	1	0.93	1	0:01:17.416261
4280	0	0.738	0	0:01:15.519248
4300	1	0.74	1	0:01:16.779714
4320	0	0.719	0	0:01:18.997515
4340	1	0.878	1	0:01:15.629227
4360	0	0.785	0	0:01:15.883904
4380	0	0.325	0	0:01:15.448145
4400	0	0.947	0	0:01:15.735409
4420	0	0.778	0	0:01:15.774703
4440	0	0.44	0	0:01:15.666617
4460	1	0.83	1	0:01:16.095529
4480	1	0.93	1	0:01:15.497038
4500	0	0.918	0	0:01:15.406736
4520	0	0.947	0	0:01:16.061581
4540	1	0.947	1	0:01:15.418816
4560	1	0.798	1	0:01:15.860529
4580	0	0.947	0	0:01:15.632200
4600	0	0.0386	0	0:01:15.667723
4620	0	0.293	0	0:01:17.128969
4640	0	0.741	0	0:01:18.125215
4660	0	0.947	0	0:01:15.394762
4680	1	0.216	1	0:01:15.931737
4700	0	0.947	0	0:01:15.577644
4720	0	0.638	0	0:01:16.049113
4740	0	0.947	0	0:01:18.922159
4760	0	0.93	0	0:01:16.080414
4780	1	0.412	1	0:01:15.888663
4800	1	0.947	1	0:01:16.392874
4820	0	0.801	0	0:01:18.744722
4840	1	0.947	1	0:01:15.961891
4860	1	0.258	1	0:01:15.569143
4880	0	0.148	0	0:01:15.760348
4900	0	0.947	0	0:01:20.415446
4920	1	0.947	1	0:01:15.484701
4940	0	0.318	0	0:01:15.846513
4960	0	0.947	0	0:01:15.509936
4980	1	0.0299	1	0:01:15.655115
5000	1	0.947	1	0:01:19.248189
5020	1	0.947	1	0:01:16.689701
5040	0	0.901	0	0:01:16.436924
5060	0	0.824	0	0:01:19.712066
5080	1	0.647	1	0:01:15.456407
5100	1	0.305	1	0:01:16.130614
5120	1	0.183	1	0:01:15.481503
5140	1	0.541	1	0:01:15.665537
5160	1	0.221	1	0:01:15.807879
5180	0	0.733	0	0:01:15.504025
5200	1	0.0442	1	0:01:15.744680
5220	1	0.0955	1	0:01:15.727836
5240	0	0.16	0	0:01:15.494335
5260	1	0.947	1	0:01:15.829149
5280	0	0.396	0	0:01:15.801798
5300	1	0.352	1	0:01:15.642912
5320	1	0.947	1	0:01:15.706002
5340	0	0.811	0	0:01:16.360582
5360	1	0.947	1	0:01:19.055285
5380	1	0.382	1	0:01:15.865967
5400	1	0.883	1	0:01:15.652065
5420	1	0.0948	1	0:01:15.503808
5440	1	0.947	1	0:01:16.274943
5460	1	0.643	1	0:01:19.446483
5480	1	0.416	1	0:01:15.424221
5500	0	0.153	0	0:01:15.774083
5520	0	0.357	0	0:01:19.422513
5540	0	0.947	0	0:01:16.332278
5560	0	0.947	0	0:01:15.809479
5580	0	0.93	0	0:01:15.395763
5600	0	0.947	0	0:01:15.767174
5620	0	0.947	0	0:01:16.885495
5640	0	0.00654	-1	0:01:19.039254
5660	0	0.158	0	0:01:15.897984
5680	0	0.661	0	0:01:15.458857
5700	0	0.947	0	0:01:15.685601
5720	1	0.837	1	0:01:17.995731
5740	0	0.947	0	0:01:17.918467
5760	0	0.947	0	0:01:17.869761
5780	1	0.947	1	0:01:18.903286
5800	0	0.0815	0	0:01:19.377654
5820	0	0.894	0	0:01:19.967463
5840	0	0.909	0	0:01:20.229950
5860	0	0.265	0	0:01:20.816500
5880	1	0.512	1	0:01:21.206842
5900	0	0.947	0	0:01:20.007186
5920	1	0.947	1	0:01:21.083868
5940	0	0.947	0	0:01:19.933892
5960	0	0.947	0	0:01:20.077458
5980	1	0.947	1	0:01:20.732711
6000	0	0.0842	0	0:01:21.273372
6020	1	0.0433	1	0:01:20.852476
6040	0	0.632	0	0:01:21.576185
6060	0	0.947	0	0:01:20.681072
6080	1	0.514	1	0:01:20.873158
6100	1	0.668	1	0:01:19.280864
6120	1	0.176	1	0:01:21.359506
6140	1	0.947	1	0:01:20.993255
6160	0	0.397	0	0:01:19.296541
6180	0	0.801	0	0:01:21.321412
6200	0	0.947	0	0:01:19.984200
6220	0	0.947	0	0:01:20.963729
6240	0	0.65	0	0:01:21.174507
6260	0	0.947	0	0:01:19.898426
6280	0	0.54	0	0:01:21.136588
6300	0	0.372	0	0:01:22.330459
6320	1	0.87	1	0:01:21.670121
6340	0	0.947	0	0:01:21.938951
6360	0	0.947	0	0:01:21.106245
6380	0	0.947	0	0:01:21.053168
6400	0	0.495	0	0:01:22.414868
6420	1	0.859	1	0:01:20.865340
6440	0	0.947	0	0:01:20.078627
6460	0	0.66	0	0:01:21.402276
6480	0	0.466	0	0:01:20.359001
6500	0	0.947	0	0:01:21.124776
6520	0	0.947	0	0:01:21.298587
6540	1	0.93	1	0:01:18.093095
6560	0	0.546	0	0:01:18.340387
6580	0	0.918	0	0:01:19.286031
6600	1	0.947	1	0:01:19.647477
6620	1	0.947	1	0:01:20.070779
6640	1	0.316	1	0:01:20.728279
6660	1	0.679	1	0:01:19.758778
6680	0	0.93	0	0:01:19.981481
6700	1	0.495	1	0:01:19.969024
6720	0	0.683	0	0:01:19.526869
6740	0	0.947	0	0:01:17.496765
6760	0	0.192	0	0:01:18.326969
6780	1	0.947	1	0:01:20.177514
6800	0	0.947	0	0:01:18.306207
6820	1	0.947	1	0:01:19.622401
6840	1	0.448	1	0:01:17.998085
6860	0	0.221	0	0:01:19.756341
6880	1	0.479	1	0:01:20.333887
6900	0	0.0832	0	0:01:19.372306
6920	0	0.947	0	0:01:19.906370
6940	1	0.947	1	0:01:18.260640
6960	0	0.24	0	0:01:18.875379
6980	0	0.808	0	0:01:19.422209
7000	0	0.888	0	0:01:19.332466
7020	1	0.947	1	0:01:19.127569
7040	0	0.93	0	0:01:19.936543
7060	1	0.93	1	0:01:18.690589
7080	0	0.93	0	0:01:19.288300
7100	0	0.862	0	0:01:19.551668
7120	1	0.165	1	0:01:18.571081
7140	0	0.792	0	0:01:18.861343
7160	1	0.688	1	0:01:19.585234
7180	0	0.0363	0	0:01:19.924777
7200	0	0.947	0	0:01:18.884699
7220	0	0.11	0	0:01:18.523306
7240	0	0.708	0	0:01:18.416462
7260	1	0.768	1	0:01:18.542988
7280	0	0.487	0	0:01:20.135038
7300	0	0.777	0	0:01:18.708510
7320	0	0.35	0	0:01:19.635227
7340	0	0.918	0	0:01:19.807571
7360	0	0.947	0	0:01:20.084473
7380	1	0.278	1	0:01:19.380575
7400	0	0.947	0	0:01:18.926188
7420	0	0.947	0	0:01:19.592488
7440	0	0.947	0	0:01:19.396374
7460	1	0.658	1	0:01:20.505738
7480	0	0.144	0	0:01:21.267708
7500	1	0.947	1	0:01:21.704714
7520	0	0.947	0	0:01:20.778691
7540	1	0.947	1	0:01:21.108894
7560	0	0.205	0	0:01:19.687670
7580	1	0.282	1	0:01:20.067994
7600	0	0.718	0	0:01:20.473335
7620	0	0.947	0	0:01:18.039643
7640	0	0.738	0	0:01:20.752155
7660	0	0.335	0	0:01:20.108630
7680	0	0.901	0	0:01:19.637738
7700	1	0.532	1	0:01:19.384084
7720	0	0.65	0	0:01:20.321619
7740	0	0.947	0	0:01:20.304168
7760	0	0.651	0	0:01:21.218034
7780	0	0.85	0	0:01:19.215213
7800	1	0.254	1	0:01:19.598579
7820	0	0.918	0	0:01:21.373176
7840	1	0.947	1	0:01:19.431846
7860	1	0.76	1	0:01:20.917719
7880	1	0.31	1	0:01:20.216844
7900	0	0.763	0	0:01:20.663044
7920	0	0.703	0	0:01:21.415566
7940	0	0.947	0	0:01:19.705009
7960	0	0.286	0	0:01:20.062933
7980	0	0.909	0	0:01:21.267508
8000	1	0.894	1	0:01:21.418939
8020	0	0.947	0	0:01:20.186327
8040	1	0.577	1	0:01:19.315486
8060	0	0.364	0	0:01:18.924847
8080	0	0.947	0	0:01:20.222791
8100	0	0.63	0	0:01:20.273739
8120	0	0.0935	0	0:01:20.696056
8140	0	0.947	0	0:01:21.101111
8160	1	0.842	1	0:01:18.888196
8180	0	0.947	0	0:01:20.796674
8200	0	0.947	0	0:01:19.740678
8220	0	0.947	0	0:01:20.142036
8240	1	0.947	1	0:01:18.903188
8260	1	0.947	1	0:01:19.399862
8280	0	0.947	0	0:01:20.389988
8300	0	0.947	0	0:01:20.430489
8320	0	0.532	0	0:01:19.876353
8340	0	0.797	0	0:01:19.189453
8360	1	0.947	1	0:01:20.255513
8380	1	0.745	1	0:01:21.181418
8400	0	0.526	0	0:01:19.887645
8420	0	0.947	0	0:01:21.296407
8440	0	0.947	0	0:01:20.737481
8460	1	0.702	1	0:01:19.390844
8480	0	0.844	0	0:01:19.643872
8500	0	0.653	0	0:01:19.618325
8520	0	0.476	0	0:01:19.301372
8540	0	0.947	0	0:01:21.412969
8560	1	0.947	1	0:01:19.750102
8580	0	0.947	0	0:01:19.527369
8600	0	0.947	0	0:01:18.648783
8620	0	0.947	0	0:01:20.022231
8640	1	0.05	1	0:01:19.259916
8660	0	0.127	0	0:01:21.142794
8680	0	0.947	0	0:01:20.369039
8700	0	0.947	0	0:01:20.129552
8720	1	0.74	1	0:01:21.865831
8740	0	0.947	0	0:01:20.594146
8760	1	0.93	1	0:01:19.850440
8780	0	0.947	0	0:01:20.906105
8800	1	0.449	1	0:01:21.411767
8820	1	0.947	1	0:01:21.060160
8840	0	0.823	0	0:01:20.691643
8860	1	0.695	1	0:01:21.641596
8880	1	0.785	1	0:01:21.137214
8900	0	0.947	0	0:01:20.234323
8920	0	0.114	0	0:01:20.224714
8940	0	0.705	0	0:01:21.385945
8960	0	0.639	0	0:01:21.371980
8980	1	0.947	1	0:01:21.213106
9000	1	0.947	1	0:01:22.348802
9020	1	0.947	1	0:01:21.240954
9040	0	0.364	0	0:01:22.350008
9060	0	0.141	0	0:01:21.933736
9080	0	0.909	0	0:01:20.399541
9100	0	0.155	0	0:01:20.954476
9120	0	0.93	0	0:01:19.998590
9140	1	0.358	1	0:01:20.291576
9160	0	0.947	0	0:01:21.111368
9180	1	0.866	1	0:01:20.395117
9200	1	0.0371	1	0:01:20.436862
9220	1	0.947	1	0:01:19.600966
9240	1	0.399	1	0:01:21.451854
9260	0	0.407	0	0:01:21.980120
9280	0	0.225	0	0:01:21.894550
9300	0	0.93	0	0:01:21.569851
9320	1	0.93	1	0:01:21.160963
9340	1	0.947	1	0:01:19.329765
9360	0	0.0468	0	0:01:21.413413
9380	0	0.784	0	0:01:20.905576
9400	1	0.193	1	0:01:22.728390
9420	1	0.233	1	0:01:20.286613
9440	1	0.947	1	0:01:20.904355
9460	0	0.947	0	0:01:22.153558
9480	0	0.947	0	0:01:21.985045
9500	1	0.421	1	0:01:19.197989
9520	1	0.947	1	0:01:20.417571
9540	1	0.238	1	0:01:18.650956
9560	0	0.208	0	0:01:17.432822
9580	1	0.894	1	0:01:18.967376
9600	1	0.0955	1	0:01:19.043171
9620	-1	0.0	-1	0:01:20.523070
9640	1	0.174	1	0:01:19.785550
9660	1	0.947	1	0:01:18.982084
9680	1	0.498	1	0:01:18.281032
9700	1	0.306	1	0:01:19.417674
9720	0	0.947	0	0:01:19.018342
9740	0	0.947	0	0:01:19.581647
9760	0	0.918	0	0:01:18.799768
9780	0	0.947	0	0:01:19.381390
9800	1	0.947	1	0:01:18.657998
9820	0	0.434	0	0:01:19.771945
9840	0	0.278	0	0:01:19.728384
9860	0	0.947	0	0:01:18.956671
9880	0	0.147	0	0:01:21.126650
9900	1	0.695	1	0:01:22.908165
9920	1	0.676	1	0:01:17.973255
9940	0	0.668	0	0:01:15.336797
9960	1	0.947	1	0:01:15.707784
9980	1	0.947	1	0:01:15.712512
