idx	predict	radius	unperturbed predict	time
0	1	0.947	1	0:01:18.206684
20	1	0.678	1	0:01:16.126354
40	1	0.947	1	0:01:15.707515
60	1	0.947	1	0:01:15.756005
80	1	0.947	1	0:01:15.489275
100	1	0.947	1	0:01:15.877194
120	1	0.947	1	0:01:15.775509
140	1	0.947	1	0:01:15.764245
160	1	0.947	1	0:01:15.534047
180	1	0.947	1	0:01:15.649027
200	1	0.947	1	0:01:15.943087
220	1	0.947	1	0:01:15.790421
240	1	0.947	1	0:01:15.519348
260	1	0.947	1	0:01:15.775667
280	1	0.947	1	0:01:15.650070
300	1	0.947	1	0:01:15.450295
320	1	0.947	1	0:01:15.989421
340	1	0.826	1	0:01:15.660435
360	1	0.567	1	0:01:15.943305
380	1	0.947	1	0:01:15.526208
400	1	0.947	1	0:01:16.186515
420	1	0.947	1	0:01:16.065382
440	1	0.947	1	0:01:18.128386
460	1	0.947	1	0:01:16.590309
480	1	0.947	1	0:01:17.863825
500	1	0.894	1	0:01:16.333812
520	1	0.947	1	0:01:15.767637
540	1	0.947	1	0:01:15.502234
560	1	0.947	1	0:01:18.108240
580	1	0.947	1	0:01:16.824827
600	1	0.947	1	0:01:18.055571
620	1	0.947	1	0:01:17.524454
640	1	0.947	1	0:01:16.242447
660	1	0.947	1	0:01:17.744713
680	1	0.557	1	0:01:15.456692
700	1	0.947	1	0:01:15.657454
720	1	0.909	1	0:01:17.896446
740	1	0.947	1	0:01:17.834894
760	1	0.947	1	0:01:15.530104
780	1	0.947	1	0:01:17.277715
800	1	0.947	1	0:01:18.198519
820	1	0.149	1	0:01:15.994360
840	1	0.947	1	0:01:15.649592
860	1	0.947	1	0:01:15.893728
880	1	0.947	1	0:01:15.761652
900	1	0.947	1	0:01:15.730296
920	1	0.947	1	0:01:15.429824
940	1	0.947	1	0:01:15.649168
960	1	0.947	1	0:01:15.789663
980	1	0.947	1	0:01:15.749485
1000	1	0.947	1	0:01:15.533076
1020	1	0.947	1	0:01:15.671184
1040	1	0.947	1	0:01:15.831013
1060	1	0.947	1	0:01:15.462756
1080	1	0.947	1	0:01:15.825747
1100	1	0.947	1	0:01:15.747209
1120	1	0.947	1	0:01:15.662179
1140	1	0.947	1	0:01:15.475743
1160	1	0.947	1	0:01:15.636513
1180	1	0.947	1	0:01:15.759173
1200	1	0.947	1	0:01:15.736881
1220	1	0.479	1	0:01:15.527518
1240	1	0.947	1	0:01:15.703305
1260	1	0.947	1	0:01:15.746294
1280	1	0.947	1	0:01:15.747642
1300	1	0.856	1	0:01:15.461937
1320	1	0.947	1	0:01:15.857203
1340	1	0.947	1	0:01:15.806894
1360	1	0.947	1	0:01:15.501381
1380	1	0.947	1	0:01:15.753130
1400	1	0.947	1	0:01:15.660737
1420	1	0.947	1	0:01:15.962225
1440	1	0.947	1	0:01:15.625035
1460	1	0.947	1	0:01:15.949077
1480	1	0.947	1	0:01:15.791152
1500	1	0.947	1	0:01:15.495813
1520	1	0.947	1	0:01:15.711036
1540	1	0.947	1	0:01:15.771652
1560	1	0.947	1	0:01:16.934374
1580	1	0.814	1	0:01:18.856855
1600	1	0.362	1	0:01:16.084917
1620	1	0.335	1	0:01:15.860514
1640	1	0.93	1	0:01:15.647484
1660	1	0.947	1	0:01:16.272678
1680	1	0.947	1	0:01:17.473834
1700	1	0.947	1	0:01:16.476031
1720	1	0.947	1	0:01:17.935561
1740	1	0.947	1	0:01:18.005540
1760	1	0.947	1	0:01:17.013619
1780	1	0.947	1	0:01:15.687472
1800	1	0.947	1	0:01:15.491711
1820	1	0.947	1	0:01:15.882939
1840	1	0.265	1	0:01:15.614924
1860	1	0.947	1	0:01:15.794728
1880	1	0.947	1	0:01:15.555512
1900	1	0.947	1	0:01:15.740519
1920	1	0.947	1	0:01:15.745372
1940	1	0.947	1	0:01:15.853159
1960	1	0.947	1	0:01:15.501381
1980	1	0.947	1	0:01:16.024029
2000	1	0.947	1	0:01:15.764191
2020	1	0.947	1	0:01:15.520187
2040	1	0.947	1	0:01:15.723781
2060	1	0.947	1	0:01:15.762798
2080	1	0.947	1	0:01:15.808414
2100	1	0.947	1	0:01:15.554079
2120	1	0.65	1	0:01:15.832474
2140	1	0.947	1	0:01:15.777679
2160	1	0.947	1	0:01:15.744931
2180	1	0.947	1	0:01:15.491710
2200	1	0.947	1	0:01:15.773402
2220	1	0.947	1	0:01:15.936802
2240	1	0.947	1	0:01:15.691654
2260	1	0.563	1	0:01:15.817681
2280	1	0.146	1	0:01:15.768359
2300	1	0.365	1	0:01:15.708642
2320	1	0.947	1	0:01:15.455620
2340	1	0.947	1	0:01:15.780421
2360	1	0.947	1	0:01:15.885410
2380	1	0.947	1	0:01:15.738770
2400	1	0.947	1	0:01:15.428461
2420	1	0.517	1	0:01:15.765781
2440	1	0.947	1	0:01:15.780259
2460	1	0.643	1	0:01:15.682218
2480	1	0.947	1	0:01:15.743217
2500	1	0.947	1	0:01:15.771527
2520	1	0.475	1	0:01:16.007871
2540	1	0.947	1	0:01:15.803610
2560	1	0.8	1	0:01:17.502824
2580	1	0.947	1	0:01:15.762449
2600	1	0.947	1	0:01:16.092086
2620	1	0.93	1	0:01:16.716236
2640	1	0.947	1	0:01:16.345179
2660	1	0.947	1	0:01:17.485111
2680	1	0.947	1	0:01:17.013437
2700	1	0.947	1	0:01:15.466581
2720	1	0.947	1	0:01:15.834034
2740	1	0.909	1	0:01:17.544608
2760	1	0.947	1	0:01:17.992960
2780	1	0.947	1	0:01:15.476960
2800	1	0.947	1	0:01:15.765624
2820	1	0.947	1	0:01:15.784046
2840	1	0.947	1	0:01:15.520685
2860	1	0.518	1	0:01:18.135521
2880	1	0.947	1	0:01:15.696687
2900	1	0.947	1	0:01:18.846346
2920	1	0.947	1	0:01:15.909621
2940	1	0.947	1	0:01:16.871963
2960	1	0.947	1	0:01:16.095622
2980	1	0.947	1	0:01:15.725425
3000	1	0.947	1	0:01:17.407866
3020	1	0.947	1	0:01:15.805031
3040	1	0.947	1	0:01:15.673916
3060	1	0.947	1	0:01:15.713739
3080	1	0.909	1	0:01:15.684110
3100	1	0.947	1	0:01:16.960919
3120	1	0.947	1	0:01:16.311893
3140	1	0.947	1	0:01:15.762711
3160	1	0.947	1	0:01:15.771224
3180	1	0.947	1	0:01:15.529819
3200	1	0.947	1	0:01:17.983416
3220	1	0.947	1	0:01:16.262852
3240	0	0.281	0	0:01:15.469173
3260	1	0.947	1	0:01:17.687678
3280	1	0.947	1	0:01:16.602295
3300	1	0.947	1	0:01:15.822213
3320	1	0.947	1	0:01:15.630127
3340	1	0.947	1	0:01:15.483662
3360	1	0.947	1	0:01:15.968494
3380	1	0.947	1	0:01:16.533844
3400	1	0.73	1	0:01:17.039374
3420	1	0.49	1	0:01:15.964145
3440	1	0.947	1	0:01:15.493647
3460	1	0.947	1	0:01:15.502642
3480	1	0.947	1	0:01:16.103637
3500	1	0.947	1	0:01:15.664882
3520	1	0.947	1	0:01:17.602667
3540	1	0.947	1	0:01:15.634360
3560	1	0.947	1	0:01:15.438417
3580	1	0.947	1	0:01:16.961059
3600	1	0.947	1	0:01:16.336696
3620	1	0.918	1	0:01:15.436301
3640	1	0.947	1	0:01:15.831169
3660	1	0.947	1	0:01:15.423740
3680	1	0.169	1	0:01:15.636945
3700	1	0.947	1	0:01:15.733342
3720	1	0.947	1	0:01:15.575685
3740	1	0.947	1	0:01:15.887722
3760	1	0.947	1	0:01:15.444666
3780	1	0.947	1	0:01:15.536085
3800	1	0.947	1	0:01:17.220925
3820	1	0.947	1	0:01:16.500997
3840	1	0.947	1	0:01:15.837625
3860	1	0.947	1	0:01:16.918257
3880	1	0.93	1	0:01:16.353943
3900	1	0.947	1	0:01:16.513748
3920	1	0.789	1	0:01:17.125732
3940	1	0.236	1	0:01:15.588757
3960	1	0.947	1	0:01:15.721561
3980	1	0.551	1	0:01:15.491512
4000	1	0.338	1	0:01:15.831462
4020	1	0.947	1	0:01:15.653134
4040	1	0.947	1	0:01:15.433548
4060	1	0.947	1	0:01:15.564861
4080	1	0.947	1	0:01:15.861597
4100	1	0.947	1	0:01:15.825890
4120	1	0.947	1	0:01:15.440660
4140	1	0.947	1	0:01:18.230259
4160	1	0.947	1	0:01:17.961831
4180	1	0.947	1	0:01:16.750520
4200	1	0.947	1	0:01:18.627762
4220	1	0.947	1	0:01:15.526258
4240	1	0.947	1	0:01:17.882328
4260	1	0.947	1	0:01:17.416261
4280	1	0.947	1	0:01:15.519248
4300	1	0.947	1	0:01:16.779714
4320	1	0.947	1	0:01:18.997515
4340	1	0.947	1	0:01:15.629227
4360	1	0.844	1	0:01:15.883904
4380	1	0.947	1	0:01:15.448145
4400	1	0.403	1	0:01:15.735409
4420	1	0.878	1	0:01:15.774703
4440	1	0.648	1	0:01:15.666617
4460	1	0.947	1	0:01:16.095529
4480	1	0.947	1	0:01:15.497038
4500	1	0.947	1	0:01:15.406736
4520	1	0.93	1	0:01:16.061581
4540	1	0.947	1	0:01:15.418816
4560	1	0.947	1	0:01:15.860529
4580	1	0.947	1	0:01:15.632200
4600	1	0.947	1	0:01:15.667723
4620	1	0.947	1	0:01:17.128969
4640	1	0.947	1	0:01:18.125215
4660	1	0.107	1	0:01:15.394762
4680	1	0.947	1	0:01:15.931737
4700	1	0.301	1	0:01:15.577644
4720	1	0.947	1	0:01:16.049113
4740	1	0.947	1	0:01:18.922159
4760	1	0.947	1	0:01:16.080414
4780	1	0.947	1	0:01:15.888663
4800	1	0.947	1	0:01:16.392874
4820	1	0.947	1	0:01:18.744722
4840	1	0.947	1	0:01:15.961891
4860	1	0.947	1	0:01:15.569143
4880	1	0.947	1	0:01:15.760348
4900	1	0.526	1	0:01:20.415446
4920	1	0.947	1	0:01:15.484701
4940	1	0.947	1	0:01:15.846513
4960	1	0.947	1	0:01:15.509936
4980	1	0.947	1	0:01:15.655115
5000	1	0.947	1	0:01:19.248189
5020	1	0.947	1	0:01:16.689701
5040	1	0.808	1	0:01:16.436924
5060	1	0.862	1	0:01:19.712066
5080	1	0.947	1	0:01:15.456407
5100	1	0.947	1	0:01:16.130614
5120	1	0.947	1	0:01:15.481503
5140	1	0.947	1	0:01:15.665537
5160	1	0.947	1	0:01:15.807879
5180	1	0.362	1	0:01:15.504025
5200	1	0.947	1	0:01:15.744680
5220	1	0.947	1	0:01:15.727836
5240	1	0.947	1	0:01:15.494335
5260	1	0.947	1	0:01:15.829149
5280	1	0.947	1	0:01:15.801798
5300	1	0.947	1	0:01:15.642912
5320	1	0.947	1	0:01:15.706002
5340	1	0.947	1	0:01:16.360582
5360	1	0.947	1	0:01:19.055285
5380	1	0.947	1	0:01:15.865967
5400	1	0.947	1	0:01:15.652065
5420	1	0.947	1	0:01:15.503808
5440	1	0.947	1	0:01:16.274943
5460	1	0.947	1	0:01:19.446483
5480	1	0.947	1	0:01:15.424221
5500	1	0.947	1	0:01:15.774083
5520	1	0.947	1	0:01:19.422513
5540	1	0.509	1	0:01:16.332278
5560	1	0.947	1	0:01:15.809479
5580	1	0.947	1	0:01:15.395763
5600	1	0.145	1	0:01:15.767174
5620	1	0.947	1	0:01:16.885495
5640	1	0.947	1	0:01:19.039254
5660	1	0.947	1	0:01:15.897984
5680	1	0.947	1	0:01:15.458857
5700	1	0.947	1	0:01:15.685601
5720	1	0.947	1	0:01:17.995731
5740	1	0.947	1	0:01:17.918467
5760	1	0.947	1	0:01:17.869761
5780	1	0.947	1	0:01:18.903286
5800	1	0.947	1	0:01:19.377654
5820	1	0.947	1	0:01:19.967463
5840	1	0.759	1	0:01:20.229950
5860	1	0.947	1	0:01:20.816500
5880	1	0.947	1	0:01:21.206842
5900	1	0.418	1	0:01:20.007186
5920	1	0.947	1	0:01:21.083868
5940	1	0.622	1	0:01:19.933892
5960	1	0.901	1	0:01:20.077458
5980	1	0.947	1	0:01:20.732711
6000	1	0.947	1	0:01:21.273372
6020	1	0.947	1	0:01:20.852476
6040	1	0.797	1	0:01:21.576185
6060	1	0.811	1	0:01:20.681072
6080	1	0.947	1	0:01:20.873158
6100	1	0.947	1	0:01:19.280864
6120	1	0.947	1	0:01:21.359506
6140	1	0.947	1	0:01:20.993255
6160	1	0.852	1	0:01:19.296541
6180	1	0.947	1	0:01:21.321412
6200	1	0.362	1	0:01:19.984200
6220	1	0.947	1	0:01:20.963729
6240	1	0.93	1	0:01:21.174507
6260	0	0.361	0	0:01:19.898426
6280	1	0.716	1	0:01:21.136588
6300	1	0.778	1	0:01:22.330459
6320	1	0.947	1	0:01:21.670121
6340	1	0.947	1	0:01:21.938951
6360	1	0.947	1	0:01:21.106245
6380	1	0.48	1	0:01:21.053168
6400	1	0.947	1	0:01:22.414868
6420	1	0.947	1	0:01:20.865340
6440	0	0.294	0	0:01:20.078627
6460	1	0.947	1	0:01:21.402276
6480	1	0.947	1	0:01:20.359001
6500	0	0.11	0	0:01:21.124776
6520	1	0.947	1	0:01:21.298587
6540	1	0.947	1	0:01:18.093095
6560	1	0.947	1	0:01:18.340387
6580	1	0.157	1	0:01:19.286031
6600	1	0.947	1	0:01:19.647477
6620	1	0.947	1	0:01:20.070779
6640	1	0.947	1	0:01:20.728279
6660	1	0.947	1	0:01:19.758778
6680	1	0.947	1	0:01:19.981481
6700	1	0.947	1	0:01:19.969024
6720	1	0.947	1	0:01:19.526869
6740	1	0.947	1	0:01:17.496765
6760	1	0.947	1	0:01:18.326969
6780	1	0.947	1	0:01:20.177514
6800	1	0.947	1	0:01:18.306207
6820	1	0.947	1	0:01:19.622401
6840	1	0.947	1	0:01:17.998085
6860	1	0.947	1	0:01:19.756341
6880	1	0.947	1	0:01:20.333887
6900	1	0.947	1	0:01:19.372306
6920	1	0.947	1	0:01:19.906370
6940	1	0.947	1	0:01:18.260640
6960	1	0.947	1	0:01:18.875379
6980	1	0.947	1	0:01:19.422209
7000	1	0.947	1	0:01:19.332466
7020	1	0.947	1	0:01:19.127569
7040	1	0.699	1	0:01:19.936543
7060	1	0.947	1	0:01:18.690589
7080	1	0.767	1	0:01:19.288300
7100	1	0.947	1	0:01:19.551668
7120	1	0.947	1	0:01:18.571081
7140	1	0.947	1	0:01:18.861343
7160	1	0.947	1	0:01:19.585234
7180	1	0.947	1	0:01:19.924777
7200	1	0.947	1	0:01:18.884699
7220	1	0.947	1	0:01:18.523306
7240	1	0.947	1	0:01:18.416462
7260	1	0.947	1	0:01:18.542988
7280	1	0.947	1	0:01:20.135038
7300	1	0.947	1	0:01:18.708510
7320	1	0.947	1	0:01:19.635227
7340	1	0.947	1	0:01:19.807571
7360	1	0.795	1	0:01:20.084473
7380	1	0.947	1	0:01:19.380575
7400	1	0.947	1	0:01:18.926188
7420	1	0.6	1	0:01:19.592488
7440	1	0.947	1	0:01:19.396374
7460	1	0.947	1	0:01:20.505738
7480	1	0.947	1	0:01:21.267708
7500	1	0.947	1	0:01:21.704714
7520	1	0.947	1	0:01:20.778691
7540	1	0.947	1	0:01:21.108894
7560	1	0.874	1	0:01:19.687670
7580	1	0.947	1	0:01:20.067994
7600	1	0.832	1	0:01:20.473335
7620	1	0.947	1	0:01:18.039643
7640	1	0.947	1	0:01:20.752155
7660	1	0.888	1	0:01:20.108630
7680	1	0.947	1	0:01:19.637738
7700	1	0.947	1	0:01:19.384084
7720	1	0.844	1	0:01:20.321619
7740	1	0.947	1	0:01:20.304168
7760	1	0.628	1	0:01:21.218034
7780	1	0.947	1	0:01:19.215213
7800	1	0.947	1	0:01:19.598579
7820	1	0.947	1	0:01:21.373176
7840	1	0.947	1	0:01:19.431846
7860	1	0.947	1	0:01:20.917719
7880	1	0.947	1	0:01:20.216844
7900	1	0.874	1	0:01:20.663044
7920	1	0.796	1	0:01:21.415566
7940	1	0.947	1	0:01:19.705009
7960	1	0.947	1	0:01:20.062933
7980	1	0.947	1	0:01:21.267508
8000	1	0.947	1	0:01:21.418939
8020	1	0.947	1	0:01:20.186327
8040	1	0.947	1	0:01:19.315486
8060	1	0.947	1	0:01:18.924847
8080	1	0.947	1	0:01:20.222791
8100	1	0.947	1	0:01:20.273739
8120	1	0.947	1	0:01:20.696056
8140	1	0.283	1	0:01:21.101111
8160	1	0.947	1	0:01:18.888196
8180	1	0.947	1	0:01:20.796674
8200	1	0.809	1	0:01:19.740678
8220	1	0.0596	1	0:01:20.142036
8240	1	0.947	1	0:01:18.903188
8260	1	0.947	1	0:01:19.399862
8280	1	0.93	1	0:01:20.389988
8300	1	0.724	1	0:01:20.430489
8320	1	0.947	1	0:01:19.876353
8340	1	0.947	1	0:01:19.189453
8360	1	0.947	1	0:01:20.255513
8380	1	0.947	1	0:01:21.181418
8400	1	0.947	1	0:01:19.887645
8420	1	0.947	1	0:01:21.296407
8440	1	0.947	1	0:01:20.737481
8460	1	0.947	1	0:01:19.390844
8480	1	0.947	1	0:01:19.643872
8500	1	0.947	1	0:01:19.618325
8520	1	0.947	1	0:01:19.301372
8540	1	0.947	1	0:01:21.412969
8560	1	0.947	1	0:01:19.750102
8580	1	0.947	1	0:01:19.527369
8600	1	0.947	1	0:01:18.648783
8620	1	0.0696	1	0:01:20.022231
8640	1	0.947	1	0:01:19.259916
8660	1	0.947	1	0:01:21.142794
8680	1	0.109	1	0:01:20.369039
8700	1	0.947	1	0:01:20.129552
8720	1	0.947	1	0:01:21.865831
8740	1	0.918	1	0:01:20.594146
8760	1	0.947	1	0:01:19.850440
8780	1	0.947	1	0:01:20.906105
8800	1	0.947	1	0:01:21.411767
8820	1	0.947	1	0:01:21.060160
8840	1	0.525	1	0:01:20.691643
8860	1	0.947	1	0:01:21.641596
8880	1	0.947	1	0:01:21.137214
8900	1	0.947	1	0:01:20.234323
8920	1	0.947	1	0:01:20.224714
8940	1	0.947	1	0:01:21.385945
8960	1	0.947	1	0:01:21.371980
8980	1	0.947	1	0:01:21.213106
9000	1	0.947	1	0:01:22.348802
9020	1	0.947	1	0:01:21.240954
9040	1	0.947	1	0:01:22.350008
9060	1	0.947	1	0:01:21.933736
9080	1	0.947	1	0:01:20.399541
9100	1	0.947	1	0:01:20.954476
9120	1	0.58	1	0:01:19.998590
9140	1	0.909	1	0:01:20.291576
9160	1	0.947	1	0:01:21.111368
9180	1	0.947	1	0:01:20.395117
9200	1	0.947	1	0:01:20.436862
9220	1	0.947	1	0:01:19.600966
9240	1	0.947	1	0:01:21.451854
9260	1	0.947	1	0:01:21.980120
9280	1	0.947	1	0:01:21.894550
9300	1	0.947	1	0:01:21.569851
9320	1	0.947	1	0:01:21.160963
9340	1	0.947	1	0:01:19.329765
9360	1	0.947	1	0:01:21.413413
9380	1	0.947	1	0:01:20.905576
9400	1	0.947	1	0:01:22.728390
9420	1	0.947	1	0:01:20.286613
9440	1	0.947	1	0:01:20.904355
9460	1	0.686	1	0:01:22.153558
9480	1	0.947	1	0:01:21.985045
9500	1	0.947	1	0:01:19.197989
9520	1	0.947	1	0:01:20.417571
9540	1	0.947	1	0:01:18.650956
9560	1	0.93	1	0:01:17.432822
9580	1	0.947	1	0:01:18.967376
9600	1	0.947	1	0:01:19.043171
9620	1	0.947	1	0:01:20.523070
9640	1	0.947	1	0:01:19.785550
9660	1	0.947	1	0:01:18.982084
9680	1	0.947	1	0:01:18.281032
9700	1	0.947	1	0:01:19.417674
9720	1	0.188	1	0:01:19.018342
9740	1	0.947	1	0:01:19.581647
9760	1	0.492	1	0:01:18.799768
9780	1	0.947	1	0:01:19.381390
9800	1	0.947	1	0:01:18.657998
9820	1	0.837	1	0:01:19.771945
9840	1	0.947	1	0:01:19.728384
9860	1	0.171	1	0:01:18.956671
9880	1	0.909	1	0:01:21.126650
9900	1	0.947	1	0:01:22.908165
9920	1	0.947	1	0:01:17.973255
9940	1	0.947	1	0:01:15.336797
9960	1	0.947	1	0:01:15.707784
9980	1	0.947	1	0:01:15.712512
