idx	label	predict	radius	correct	unperturbed predict	unperturbed correct	time
0	3	3	0.947	1	3	1	0:01:18.206684
20	7	7	0.146	1	7	1	0:01:16.126354
40	4	4	0.766	1	4	1	0:01:15.707515
60	7	7	0.947	1	7	1	0:01:15.756005
80	8	8	0.764	1	8	1	0:01:15.489275
100	4	5	0.321	0	5	0	0:01:15.877194
120	8	8	0.653	1	8	1	0:01:15.775509
140	6	6	0.568	1	6	1	0:01:15.764245
160	2	2	0.57	1	2	1	0:01:15.534047
180	0	0	0.947	1	0	1	0:01:15.649027
200	5	5	0.778	1	5	1	0:01:15.943087
220	7	7	0.758	1	7	1	0:01:15.790421
240	1	1	0.947	1	1	1	0:01:15.519348
260	8	8	0.284	1	8	1	0:01:15.775667
280	9	9	0.947	1	9	1	0:01:15.650070
300	6	6	0.947	1	6	1	0:01:15.450295
320	3	3	0.0838	1	3	1	0:01:15.989421
340	2	4	0.369	0	4	0	0:01:15.660435
360	9	9	0.516	1	9	1	0:01:15.943305
380	6	6	0.859	1	6	1	0:01:15.526208
400	9	9	0.947	1	9	1	0:01:16.186515
420	4	4	0.947	1	4	1	0:01:16.065382
440	1	1	0.901	1	1	1	0:01:18.128386
460	5	5	0.947	1	5	1	0:01:16.590309
480	8	8	0.000171	1	-1	0	0:01:17.863825
500	4	6	0.202	0	6	0	0:01:16.333812
520	5	5	0.444	1	5	1	0:01:15.767637
540	1	1	0.93	1	1	1	0:01:15.502234
560	0	0	0.947	1	0	1	0:01:18.108240
580	4	4	0.672	1	4	1	0:01:16.824827
600	8	8	0.947	1	8	1	0:01:18.055571
620	7	7	0.918	1	7	1	0:01:17.524454
640	5	3	0.682	0	3	0	0:01:16.242447
660	9	9	0.947	1	9	1	0:01:17.744713
680	9	1	0.0223	0	1	0	0:01:15.456692
700	7	7	0.947	1	7	1	0:01:15.657454
720	4	4	0.75	1	4	1	0:01:17.896446
740	2	5	0.788	0	5	0	0:01:17.834894
760	3	3	0.28	1	3	1	0:01:15.530104
780	9	9	0.785	1	9	1	0:01:17.277715
800	7	7	0.947	1	7	1	0:01:18.198519
820	6	3	0.253	0	3	0	0:01:15.994360
840	7	7	0.947	1	7	1	0:01:15.649592
860	4	4	0.706	1	4	1	0:01:15.893728
880	8	8	0.947	1	8	1	0:01:15.761652
900	2	6	0.38	0	6	0	0:01:15.730296
920	6	6	0.291	1	6	1	0:01:15.429824
940	9	9	0.947	1	9	1	0:01:15.649168
960	9	9	0.0825	1	9	1	0:01:15.789663
980	2	6	0.102	0	6	0	0:01:15.749485
1000	5	5	0.947	1	5	1	0:01:15.533076
1020	1	1	0.947	1	1	1	0:01:15.671184
1040	7	5	0.53	0	5	0	0:01:15.831013
1060	9	9	0.947	1	9	1	0:01:15.462756
1080	6	6	0.523	1	6	1	0:01:15.825747
1100	7	7	0.304	1	7	1	0:01:15.747209
1120	5	2	0.11	0	2	0	0:01:15.662179
1140	6	6	0.475	1	6	1	0:01:15.475743
1160	8	8	0.747	1	8	1	0:01:15.636513
1180	3	3	0.947	1	3	1	0:01:15.759173
1200	8	8	0.823	1	8	1	0:01:15.736881
1220	9	3	0.526	0	3	0	0:01:15.527518
1240	2	6	0.514	0	6	0	0:01:15.703305
1260	1	9	0.304	0	9	0	0:01:15.746294
1280	3	5	0.795	0	5	0	0:01:15.747642
1300	4	3	0.186	0	3	0	0:01:15.461937
1320	7	7	0.422	1	7	1	0:01:15.857203
1340	1	1	0.947	1	1	1	0:01:15.806894
1360	7	7	0.947	1	7	1	0:01:15.501381
1380	4	5	0.654	0	5	0	0:01:15.753130
1400	5	5	0.437	1	5	1	0:01:15.660737
1420	4	4	0.225	1	4	1	0:01:15.962225
1440	0	0	0.382	1	0	1	0:01:15.625035
1460	6	6	0.947	1	6	1	0:01:15.949077
1480	1	1	0.388	1	1	1	0:01:15.791152
1500	1	1	0.947	1	1	1	0:01:15.495813
1520	7	7	0.947	1	7	1	0:01:15.711036
1540	8	8	0.947	1	8	1	0:01:15.771652
1560	7	7	0.947	1	7	1	0:01:16.934374
1580	6	1	0.0645	0	1	0	0:01:18.856855
1600	8	9	0.448	0	9	0	0:01:16.084917
1620	5	-1	0.0	0	5	1	0:01:15.860514
1640	7	7	0.0819	1	7	1	0:01:15.647484
1660	3	3	0.778	1	3	1	0:01:16.272678
1680	6	6	0.947	1	6	1	0:01:17.473834
1700	5	5	0.397	1	5	1	0:01:16.476031
1720	4	4	0.462	1	4	1	0:01:17.935561
1740	1	1	0.661	1	1	1	0:01:18.005540
1760	0	0	0.549	1	0	1	0:01:17.013619
1780	7	7	0.93	1	7	1	0:01:15.687472
1800	4	0	0.0343	0	0	0	0:01:15.491711
1820	8	8	0.93	1	8	1	0:01:15.882939
1840	8	9	0.0413	0	9	0	0:01:15.614924
1860	8	8	0.947	1	8	1	0:01:15.794728
1880	1	1	0.947	1	1	1	0:01:15.555512
1900	8	8	0.947	1	8	1	0:01:15.740519
1920	2	2	0.947	1	2	1	0:01:15.745372
1940	5	5	0.62	1	5	1	0:01:15.853159
1960	2	5	0.178	0	5	0	0:01:15.501381
1980	9	9	0.947	1	9	1	0:01:16.024029
2000	1	1	0.819	1	1	1	0:01:15.764191
2020	9	9	0.947	1	9	1	0:01:15.520187
2040	0	0	0.947	1	0	1	0:01:15.723781
2060	5	3	0.123	0	3	0	0:01:15.762798
2080	1	1	0.18	1	1	1	0:01:15.808414
2100	2	2	0.233	1	2	1	0:01:15.554079
2120	4	8	0.557	0	8	0	0:01:15.832474
2140	9	9	0.947	1	9	1	0:01:15.777679
2160	0	0	0.225	1	0	1	0:01:15.744931
2180	4	4	0.947	1	4	1	0:01:15.491710
2200	0	0	0.783	1	0	1	0:01:15.773402
2220	1	1	0.947	1	1	1	0:01:15.936802
2240	9	9	0.69	1	9	1	0:01:15.691654
2260	4	4	0.566	1	4	1	0:01:15.817681
2280	4	8	0.156	0	8	0	0:01:15.768359
2300	3	3	0.201	1	3	1	0:01:15.708642
2320	5	2	0.25	0	2	0	0:01:15.455620
2340	7	7	0.947	1	7	1	0:01:15.780421
2360	7	7	0.505	1	7	1	0:01:15.885410
2380	8	8	0.947	1	8	1	0:01:15.738770
2400	0	0	0.947	1	0	1	0:01:15.428461
2420	8	8	0.233	1	8	1	0:01:15.765781
2440	7	7	0.918	1	7	1	0:01:15.780259
2460	9	9	0.406	1	9	1	0:01:15.682218
2480	8	8	0.947	1	8	1	0:01:15.743217
2500	4	4	0.466	1	4	1	0:01:15.771527
2520	1	1	0.216	1	1	1	0:01:16.007871
2540	2	-1	0.0	0	3	0	0:01:15.803610
2560	7	7	0.301	1	7	1	0:01:17.502824
2580	6	6	0.748	1	6	1	0:01:15.762449
2600	8	8	0.947	1	8	1	0:01:16.092086
2620	1	1	0.804	1	1	1	0:01:16.716236
2640	7	7	0.947	1	7	1	0:01:16.345179
2660	3	5	0.0836	0	5	0	0:01:17.485111
2680	0	0	0.947	1	0	1	0:01:17.013437
2700	9	1	0.0541	0	1	0	0:01:15.466581
2720	3	3	0.713	1	3	1	0:01:15.834034
2740	1	1	0.731	1	1	1	0:01:17.544608
2760	2	2	0.839	1	2	1	0:01:17.992960
2780	7	7	0.947	1	7	1	0:01:15.476960
2800	4	4	0.472	1	4	1	0:01:15.765624
2820	6	6	0.947	1	6	1	0:01:15.784046
2840	3	3	0.947	1	3	1	0:01:15.520685
2860	5	-1	0.0	0	5	1	0:01:18.135521
2880	4	4	0.947	1	4	1	0:01:15.696687
2900	3	5	0.87	0	5	0	0:01:18.846346
2920	2	2	0.226	1	2	1	0:01:15.909621
2940	3	0	0.901	0	0	0	0:01:16.871963
2960	9	9	0.678	1	9	1	0:01:16.095622
2980	8	8	0.888	1	8	1	0:01:15.725425
3000	5	5	0.947	1	5	1	0:01:17.407866
3020	1	1	0.947	1	1	1	0:01:15.805031
3040	7	7	0.947	1	7	1	0:01:15.673916
3060	7	7	0.947	1	7	1	0:01:15.713739
3080	1	1	0.607	1	1	1	0:01:15.684110
3100	0	0	0.947	1	0	1	0:01:16.960919
3120	4	6	0.372	0	6	0	0:01:16.311893
3140	8	8	0.947	1	8	1	0:01:15.762711
3160	6	2	0.299	0	2	0	0:01:15.771224
3180	3	3	0.505	1	3	1	0:01:15.529819
3200	5	5	0.669	1	5	1	0:01:17.983416
3220	3	9	0.577	0	9	0	0:01:16.262852
3240	4	-1	0.0	0	3	0	0:01:15.469173
3260	7	7	0.947	1	7	1	0:01:17.687678
3280	3	5	0.918	0	5	0	0:01:16.602295
3300	4	4	0.2	1	4	1	0:01:15.822213
3320	2	7	0.93	0	7	0	0:01:15.630127
3340	6	6	0.561	1	6	1	0:01:15.483662
3360	4	4	0.686	1	4	1	0:01:15.968494
3380	8	8	0.947	1	8	1	0:01:16.533844
3400	6	4	0.245	0	4	0	0:01:17.039374
3420	5	5	0.257	1	5	1	0:01:15.964145
3440	2	3	0.796	0	3	0	0:01:15.493647
3460	1	1	0.947	1	1	1	0:01:15.502642
3480	2	2	0.947	1	2	1	0:01:16.103637
3500	1	1	0.358	1	1	1	0:01:15.664882
3520	1	1	0.947	1	1	1	0:01:17.602667
3540	6	6	0.685	1	6	1	0:01:15.634360
3560	1	9	0.105	0	9	0	0:01:15.438417
3580	4	4	0.0395	1	4	1	0:01:16.961059
3600	4	2	0.451	0	2	0	0:01:16.336696
3620	0	0	0.0287	1	0	1	0:01:15.436301
3640	6	2	0.284	0	2	0	0:01:15.831169
3660	0	0	0.773	1	0	1	0:01:15.423740
3680	0	2	0.0382	0	2	0	0:01:15.636945
3700	3	3	0.894	1	3	1	0:01:15.733342
3720	2	2	0.947	1	2	1	0:01:15.575685
3740	0	0	0.947	1	0	1	0:01:15.887722
3760	7	7	0.947	1	7	1	0:01:15.444666
3780	4	4	0.816	1	4	1	0:01:15.536085
3800	9	9	0.888	1	9	1	0:01:17.220925
3820	0	0	0.268	1	0	1	0:01:16.500997
3840	6	3	0.113	0	3	0	0:01:15.837625
3860	7	7	0.947	1	7	1	0:01:16.918257
3880	6	6	0.127	1	6	1	0:01:16.353943
3900	3	6	0.386	0	6	0	0:01:16.513748
3920	7	7	0.541	1	7	1	0:01:17.125732
3940	6	6	0.118	1	6	1	0:01:15.588757
3960	2	2	0.603	1	2	1	0:01:15.721561
3980	9	9	0.601	1	9	1	0:01:15.491512
4000	8	0	0.22	0	0	0	0:01:15.831462
4020	8	8	0.947	1	8	1	0:01:15.653134
4040	0	0	0.947	1	0	1	0:01:15.433548
4060	6	6	0.564	1	6	1	0:01:15.564861
4080	1	1	0.947	1	1	1	0:01:15.861597
4100	7	7	0.947	1	7	1	0:01:15.825890
4120	4	4	0.947	1	4	1	0:01:15.440660
4140	5	5	0.947	1	5	1	0:01:18.230259
4160	5	5	0.874	1	5	1	0:01:17.961831
4180	0	0	0.0929	1	0	1	0:01:16.750520
4200	4	4	0.888	1	4	1	0:01:18.627762
4220	4	0	0.561	0	0	0	0:01:15.526258
4240	7	7	0.00359	1	7	1	0:01:17.882328
4260	8	8	0.947	1	8	1	0:01:17.416261
4280	8	9	0.116	0	9	0	0:01:15.519248
4300	8	8	0.947	1	8	1	0:01:16.779714
4320	1	8	0.066	0	8	0	0:01:18.997515
4340	0	0	0.947	1	0	1	0:01:15.629227
4360	6	6	0.0418	1	6	1	0:01:15.883904
4380	9	9	0.557	1	9	1	0:01:15.448145
4400	3	-1	0.0	0	6	0	0:01:15.735409
4420	5	5	0.402	1	5	1	0:01:15.774703
4440	2	2	0.687	1	2	1	0:01:15.666617
4460	9	9	0.947	1	9	1	0:01:16.095529
4480	9	9	0.947	1	9	1	0:01:15.497038
4500	3	3	0.0496	1	3	1	0:01:15.406736
4520	3	-1	0.0	0	-1	0	0:01:16.061581
4540	9	9	0.947	1	9	1	0:01:15.418816
4560	1	1	0.947	1	1	1	0:01:15.860529
4580	6	4	0.128	0	4	0	0:01:15.632200
4600	4	4	0.618	1	4	1	0:01:15.667723
4620	7	7	0.484	1	7	1	0:01:17.128969
4640	2	2	0.401	1	2	1	0:01:18.125215
4660	7	-1	0.0	0	4	0	0:01:15.394762
4680	9	9	0.603	1	9	1	0:01:15.931737
4700	6	5	0.179	0	5	0	0:01:15.577644
4720	8	8	0.0101	1	8	1	0:01:16.049113
4740	5	3	0.337	0	3	0	0:01:18.922159
4760	3	2	0.287	0	2	0	0:01:16.080414
4780	0	0	0.93	1	0	1	0:01:15.888663
4800	9	9	0.947	1	9	1	0:01:16.392874
4820	3	3	0.0569	1	3	1	0:01:18.744722
4840	0	0	0.947	1	0	1	0:01:15.961891
4860	5	5	0.93	1	5	1	0:01:15.569143
4880	0	0	0.509	1	0	1	0:01:15.760348
4900	3	3	0.138	1	3	1	0:01:20.415446
4920	7	7	0.947	1	7	1	0:01:15.484701
4940	6	6	0.589	1	6	1	0:01:15.846513
4960	4	4	0.358	1	4	1	0:01:15.509936
4980	1	9	0.743	0	9	0	0:01:15.655115
5000	7	7	0.947	1	7	1	0:01:19.248189
5020	8	8	0.947	1	8	1	0:01:16.689701
5040	3	3	0.258	1	3	1	0:01:16.436924
5060	6	6	0.614	1	6	1	0:01:19.712066
5080	7	7	0.93	1	7	1	0:01:15.456407
5100	3	3	0.947	1	3	1	0:01:16.130614
5120	9	9	0.771	1	9	1	0:01:15.481503
5140	8	8	0.947	1	8	1	0:01:15.665537
5160	0	0	0.93	1	0	1	0:01:15.807879
5180	9	7	0.518	0	7	0	0:01:15.504025
5200	3	3	0.947	1	3	1	0:01:15.744680
5220	0	0	0.883	1	0	1	0:01:15.727836
5240	1	1	0.587	1	1	1	0:01:15.494335
5260	0	0	0.947	1	0	1	0:01:15.829149
5280	0	4	0.0865	0	4	0	0:01:15.801798
5300	9	9	0.859	1	9	1	0:01:15.642912
5320	7	7	0.947	1	7	1	0:01:15.706002
5340	3	4	0.717	0	4	0	0:01:16.360582
5360	9	9	0.947	1	9	1	0:01:19.055285
5380	1	9	0.816	0	9	0	0:01:15.865967
5400	9	9	0.947	1	9	1	0:01:15.652065
5420	6	6	0.947	1	6	1	0:01:15.503808
5440	9	9	0.947	1	9	1	0:01:16.274943
5460	0	0	0.947	1	0	1	0:01:19.446483
5480	1	1	0.909	1	1	1	0:01:15.424221
5500	8	8	0.729	1	8	1	0:01:15.774083
5520	4	4	0.539	1	4	1	0:01:19.422513
5540	5	-1	0.0	0	5	1	0:01:16.332278
5560	3	-1	0.0	0	3	1	0:01:15.809479
5580	5	6	0.0372	0	6	0	0:01:15.395763
5600	6	5	0.397	0	5	0	0:01:15.767174
5620	3	2	0.296	0	2	0	0:01:16.885495
5640	2	2	0.947	1	2	1	0:01:19.039254
5660	9	9	0.795	1	9	1	0:01:15.897984
5680	2	3	0.515	0	3	0	0:01:15.458857
5700	3	3	0.633	1	3	1	0:01:15.685601
5720	9	9	0.947	1	9	1	0:01:17.995731
5740	6	4	0.138	0	4	0	0:01:17.918467
5760	2	2	0.351	1	2	1	0:01:17.869761
5780	7	7	0.947	1	7	1	0:01:18.903286
5800	2	2	0.795	1	2	1	0:01:19.377654
5820	5	5	0.682	1	5	1	0:01:19.967463
5840	2	2	0.188	1	2	1	0:01:20.229950
5860	0	0	0.65	1	0	1	0:01:20.816500
5880	0	0	0.901	1	0	1	0:01:21.206842
5900	4	4	0.0319	1	4	1	0:01:20.007186
5920	8	8	0.947	1	8	1	0:01:21.083868
5940	7	4	0.00965	0	4	0	0:01:19.933892
5960	2	6	0.18	0	6	0	0:01:20.077458
5980	9	9	0.947	1	9	1	0:01:20.732711
6000	8	8	0.844	1	8	1	0:01:21.273372
6020	6	6	0.947	1	6	1	0:01:20.852476
6040	2	7	0.033	0	7	0	0:01:21.576185
6060	3	4	0.0668	0	4	0	0:01:20.681072
6080	1	1	0.947	1	1	1	0:01:20.873158
6100	1	1	0.947	1	1	1	0:01:19.280864
6120	5	5	0.918	1	5	1	0:01:21.359506
6140	9	9	0.947	1	9	1	0:01:20.993255
6160	2	2	0.492	1	2	1	0:01:19.296541
6180	0	0	0.284	1	0	1	0:01:21.321412
6200	3	3	0.51	1	3	1	0:01:19.984200
6220	2	5	0.472	0	5	0	0:01:20.963729
6240	2	2	0.705	1	2	1	0:01:21.174507
6260	2	-1	0.0	0	2	1	0:01:19.898426
6280	8	8	0.108	1	8	1	0:01:21.136588
6300	1	1	0.862	1	1	1	0:01:22.330459
6320	0	0	0.947	1	0	1	0:01:21.670121
6340	3	3	0.611	1	3	1	0:01:21.938951
6360	2	2	0.451	1	2	1	0:01:21.106245
6380	3	3	0.396	1	3	1	0:01:21.053168
6400	0	0	0.0257	1	0	1	0:01:22.414868
6420	7	7	0.947	1	7	1	0:01:20.865340
6440	3	8	0.0368	0	8	0	0:01:20.078627
6460	3	3	0.901	1	3	1	0:01:21.402276
6480	0	0	0.279	1	0	1	0:01:20.359001
6500	7	6	0.0957	0	6	0	0:01:21.124776
6520	6	6	0.211	1	6	1	0:01:21.298587
6540	8	8	0.947	1	8	1	0:01:18.093095
6560	6	6	0.806	1	6	1	0:01:18.340387
6580	1	1	0.0198	1	1	1	0:01:19.286031
6600	7	7	0.947	1	7	1	0:01:19.647477
6620	7	7	0.947	1	7	1	0:01:20.070779
6640	5	3	0.947	0	3	0	0:01:20.728279
6660	0	0	0.947	1	0	1	0:01:19.758778
6680	3	5	0.439	0	5	0	0:01:19.981481
6700	6	6	0.947	1	6	1	0:01:19.969024
6720	2	2	0.621	1	2	1	0:01:19.526869
6740	2	2	0.206	1	2	1	0:01:17.496765
6760	5	5	0.644	1	5	1	0:01:18.326969
6780	7	7	0.947	1	7	1	0:01:20.177514
6800	6	-1	0.0	0	-1	0	0:01:18.306207
6820	1	1	0.947	1	1	1	0:01:19.622401
6840	9	9	0.75	1	9	1	0:01:17.998085
6860	0	0	0.883	1	0	1	0:01:19.756341
6880	2	2	0.909	1	2	1	0:01:20.333887
6900	3	3	0.947	1	3	1	0:01:19.372306
6920	5	2	0.229	0	2	0	0:01:19.906370
6940	1	1	0.947	1	1	1	0:01:18.260640
6960	9	9	0.298	1	9	1	0:01:18.875379
6980	0	0	0.414	1	0	1	0:01:19.422209
7000	2	8	0.253	0	8	0	0:01:19.332466
7020	7	7	0.947	1	7	1	0:01:19.127569
7040	7	-1	0.0	0	8	0	0:01:19.936543
7060	8	8	0.947	1	8	1	0:01:18.690589
7080	5	4	0.643	0	4	0	0:01:19.288300
7100	9	3	0.385	0	3	0	0:01:19.551668
7120	7	7	0.611	1	7	1	0:01:18.571081
7140	4	4	0.489	1	4	1	0:01:18.861343
7160	5	5	0.947	1	5	1	0:01:19.585234
7180	6	6	0.93	1	6	1	0:01:19.924777
7200	4	4	0.0783	1	4	1	0:01:18.884699
7220	9	9	0.518	1	9	1	0:01:18.523306
7240	0	0	0.494	1	0	1	0:01:18.416462
7260	1	1	0.947	1	1	1	0:01:18.542988
7280	1	1	0.0479	1	1	1	0:01:20.135038
7300	3	5	0.117	0	5	0	0:01:18.708510
7320	8	8	0.207	1	8	1	0:01:19.635227
7340	2	4	0.238	0	4	0	0:01:19.807571
7360	2	3	0.045	0	3	0	0:01:20.084473
7380	7	7	0.844	1	7	1	0:01:19.380575
7400	3	3	0.447	1	3	1	0:01:18.926188
7420	3	3	0.115	1	3	1	0:01:19.592488
7440	3	3	0.613	1	3	1	0:01:19.396374
7460	5	5	0.947	1	5	1	0:01:20.505738
7480	1	8	0.0476	0	8	0	0:01:21.267708
7500	6	6	0.947	1	6	1	0:01:21.704714
7520	4	4	0.918	1	4	1	0:01:20.778691
7540	5	5	0.947	1	5	1	0:01:21.108894
7560	0	0	0.793	1	0	1	0:01:19.687670
7580	8	8	0.947	1	8	1	0:01:20.067994
7600	8	9	0.61	0	9	0	0:01:20.473335
7620	5	3	0.587	0	3	0	0:01:18.039643
7640	9	8	0.112	0	8	0	0:01:20.752155
7660	7	7	0.649	1	7	1	0:01:20.108630
7680	3	3	0.257	1	3	1	0:01:19.637738
7700	6	6	0.947	1	6	1	0:01:19.384084
7720	5	5	0.648	1	5	1	0:01:20.321619
7740	4	4	0.533	1	4	1	0:01:20.304168
7760	2	0	0.245	0	0	0	0:01:21.218034
7780	3	-1	0.0	0	-1	0	0:01:19.215213
7800	0	0	0.947	1	0	1	0:01:19.598579
7820	5	5	0.492	1	5	1	0:01:21.373176
7840	1	1	0.947	1	1	1	0:01:19.431846
7860	8	8	0.947	1	8	1	0:01:20.917719
7880	0	0	0.816	1	0	1	0:01:20.216844
7900	0	8	0.165	0	8	0	0:01:20.663044
7920	9	9	0.738	1	9	1	0:01:21.415566
7940	2	6	0.184	0	6	0	0:01:19.705009
7960	0	0	0.348	1	0	1	0:01:20.062933
7980	3	3	0.811	1	3	1	0:01:21.267508
8000	9	9	0.947	1	9	1	0:01:21.418939
8020	6	3	0.817	0	3	0	0:01:20.186327
8040	2	2	0.947	1	2	1	0:01:19.315486
8060	6	6	0.947	1	6	1	0:01:18.924847
8080	4	4	0.478	1	4	1	0:01:20.222791
8100	6	2	0.753	0	2	0	0:01:20.273739
8120	8	8	0.509	1	8	1	0:01:20.696056
8140	5	4	0.253	0	4	0	0:01:21.101111
8160	6	6	0.947	1	6	1	0:01:18.888196
8180	4	4	0.555	1	4	1	0:01:20.796674
8200	3	4	0.307	0	4	0	0:01:19.740678
8220	6	6	0.0615	1	6	1	0:01:20.142036
8240	7	7	0.947	1	7	1	0:01:18.903188
8260	1	1	0.947	1	1	1	0:01:19.399862
8280	4	4	0.0639	1	4	1	0:01:20.389988
8300	5	-1	0.0	0	4	0	0:01:20.430489
8320	7	7	0.445	1	7	1	0:01:19.876353
8340	5	5	0.623	1	5	1	0:01:19.189453
8360	7	7	0.947	1	7	1	0:01:20.255513
8380	9	9	0.947	1	9	1	0:01:21.181418
8400	0	0	0.534	1	0	1	0:01:19.887645
8420	3	6	0.581	0	6	0	0:01:21.296407
8440	5	3	0.0953	0	3	0	0:01:20.737481
8460	8	8	0.947	1	8	1	0:01:19.390844
8480	2	2	0.947	1	2	1	0:01:19.643872
8500	4	4	0.947	1	4	1	0:01:19.618325
8520	8	1	0.00988	0	-1	0	0:01:19.301372
8540	4	4	0.343	1	4	1	0:01:21.412969
8560	7	7	0.947	1	7	1	0:01:19.750102
8580	3	5	0.0907	0	5	0	0:01:19.527369
8600	3	3	0.0948	1	3	1	0:01:18.648783
8620	3	5	0.0686	0	5	0	0:01:20.022231
8640	1	1	0.805	1	1	1	0:01:19.259916
8660	7	7	0.655	1	7	1	0:01:21.142794
8680	3	3	0.128	1	3	1	0:01:20.369039
8700	3	3	0.383	1	3	1	0:01:20.129552
8720	2	0	0.947	0	0	0	0:01:21.865831
8740	2	2	0.442	1	2	1	0:01:20.594146
8760	8	8	0.947	1	8	1	0:01:19.850440
8780	4	4	0.572	1	4	1	0:01:20.906105
8800	0	0	0.947	1	0	1	0:01:21.411767
8820	2	2	0.947	1	2	1	0:01:21.060160
8840	2	2	0.0441	1	2	1	0:01:20.691643
8860	2	2	0.947	1	2	1	0:01:21.641596
8880	1	1	0.947	1	1	1	0:01:21.137214
8900	2	4	0.174	0	4	0	0:01:20.234323
8920	6	6	0.947	1	6	1	0:01:20.224714
8940	6	3	0.0765	0	3	0	0:01:21.385945
8960	0	0	0.547	1	0	1	0:01:21.371980
8980	9	9	0.947	1	9	1	0:01:21.213106
9000	8	8	0.947	1	8	1	0:01:22.348802
9020	7	7	0.947	1	7	1	0:01:21.240954
9040	2	5	0.806	0	5	0	0:01:22.350008
9060	9	9	0.728	1	9	1	0:01:21.933736
9080	3	3	0.415	1	3	1	0:01:20.399541
9100	9	1	0.441	0	1	0	0:01:20.954476
9120	3	5	0.105	0	5	0	0:01:19.998590
9140	7	7	0.901	1	7	1	0:01:20.291576
9160	5	5	0.0911	1	5	1	0:01:21.111368
9180	5	5	0.947	1	5	1	0:01:20.395117
9200	8	8	0.909	1	8	1	0:01:20.436862
9220	8	8	0.947	1	8	1	0:01:19.600966
9240	8	8	0.947	1	8	1	0:01:21.451854
9260	5	5	0.947	1	5	1	0:01:21.980120
9280	9	9	0.457	1	9	1	0:01:21.894550
9300	5	5	0.245	1	5	1	0:01:21.569851
9320	9	9	0.947	1	9	1	0:01:21.160963
9340	1	1	0.947	1	1	1	0:01:19.329765
9360	5	0	0.755	0	0	0	0:01:21.413413
9380	5	3	0.588	0	3	0	0:01:20.905576
9400	6	6	0.947	1	6	1	0:01:22.728390
9420	5	5	0.947	1	5	1	0:01:20.286613
9440	8	8	0.947	1	8	1	0:01:20.904355
9460	3	3	0.299	1	3	1	0:01:22.153558
9480	2	4	0.0598	0	4	0	0:01:21.985045
9500	9	9	0.947	1	9	1	0:01:19.197989
9520	1	1	0.947	1	1	1	0:01:20.417571
9540	5	5	0.947	1	5	1	0:01:18.650956
9560	9	7	0.566	0	7	0	0:01:17.432822
9580	1	1	0.947	1	1	1	0:01:18.967376
9600	8	8	0.894	1	8	1	0:01:19.043171
9620	4	4	0.918	1	4	1	0:01:20.523070
9640	5	5	0.87	1	5	1	0:01:19.785550
9660	6	6	0.947	1	6	1	0:01:18.982084
9680	8	8	0.947	1	8	1	0:01:18.281032
9700	0	0	0.947	1	0	1	0:01:19.417674
9720	8	8	0.331	1	8	1	0:01:19.018342
9740	3	6	0.485	0	6	0	0:01:19.581647
9760	9	7	0.211	0	7	0	0:01:18.799768
9780	4	6	0.0577	0	6	0	0:01:19.381390
9800	1	1	0.947	1	1	1	0:01:18.657998
9820	0	8	0.181	0	8	0	0:01:19.771945
9840	4	7	0.544	0	7	0	0:01:19.728384
9860	0	5	0.0314	0	5	0	0:01:18.956671
9880	7	7	0.534	1	7	1	0:01:21.126650
9900	8	8	0.947	1	8	1	0:01:22.908165
9920	6	6	0.947	1	6	1	0:01:17.973255
9940	4	4	0.181	1	4	1	0:01:15.336797
9960	2	0	0.947	0	0	0	0:01:15.707784
9980	0	0	0.947	1	0	1	0:01:15.712512
