idx	mean	std	min	25 percentile	50 percentile	75 percentile	max
0	0.1231	0.04876	0.03152	0.08748	0.1163	0.1517	0.3335
20	0.4884	0.1432	0.05694	0.4026	0.526	0.5927	0.7952
40	0.05468	0.05195	0.002181	0.01954	0.03816	0.07119	0.3168
60	0.02983	0.01319	0.00759	0.0206	0.02732	0.03627	0.1031
80	0.1113	0.05681	0.02118	0.06813	0.09862	0.1407	0.3201
100	0.5705	0.05508	0.2869	0.5396	0.5795	0.6116	0.6877
120	0.2115	0.09252	0.04229	0.1396	0.2011	0.2709	0.4724
140	0.3945	0.1103	0.1398	0.3128	0.3871	0.4726	0.7199
160	0.2779	0.1023	0.05293	0.1974	0.2726	0.3574	0.5536
180	0.02672	0.01733	0.002703	0.01501	0.02232	0.03404	0.2091
200	0.29	0.07759	0.08335	0.2345	0.2886	0.3421	0.5124
220	0.1556	0.07068	0.02349	0.1021	0.1444	0.1947	0.4428
240	0.0005991	0.0002717	0.0001714	0.0004234	0.0005371	0.0007085	0.002688
260	0.328	0.1664	0.0143	0.1807	0.3335	0.4798	0.6485
280	0.0157	0.01083	0.00126	0.008383	0.01251	0.02035	0.08668
300	0.0416	0.01781	0.01792	0.03039	0.03766	0.047	0.2313
320	0.4352	0.04522	0.2665	0.4064	0.4354	0.4647	0.5757
340	0.6405	0.05069	0.3638	0.6182	0.6496	0.6749	0.7391
360	0.2963	0.1831	0.02322	0.1454	0.2564	0.4137	0.7899
380	0.2551	0.07437	0.09746	0.2025	0.2441	0.2955	0.5562
400	0.002582	0.003423	0.0002478	0.001225	0.001853	0.002915	0.06319
420	0.1826	0.07372	0.04773	0.1301	0.1706	0.226	0.4845
440	0.0384	0.02826	0.00552	0.01894	0.03026	0.04862	0.2036
460	0.03119	0.02019	0.003746	0.01746	0.02688	0.03881	0.1849
480	0.2894	0.07001	0.04479	0.2542	0.31	0.3359	0.4399
500	0.5395	0.0894	0.1831	0.4945	0.5576	0.6022	0.7123
520	0.2348	0.07607	0.03251	0.1726	0.242	0.3026	0.3971
540	0.04471	0.02079	0.01339	0.03074	0.03984	0.05384	0.2138
560	0.003827	0.002285	0.0007109	0.002274	0.003229	0.004669	0.01645
580	0.3395	0.06534	0.157	0.2907	0.3398	0.3879	0.4923
600	0.02542	0.01923	0.00244	0.01263	0.02038	0.03162	0.1734
620	0.1716	0.08442	0.03468	0.1103	0.1559	0.2115	0.6774
640	0.3113	0.04754	0.1782	0.2778	0.314	0.3456	0.4541
660	0.02128	0.01221	0.00347	0.01332	0.01832	0.02552	0.1378
680	0.574	0.0992	0.154	0.5204	0.5854	0.6433	0.7946
700	0.0008706	0.0006574	7.452e-05	0.0004549	0.0006993	0.001096	0.005113
720	0.1462	0.08155	0.02881	0.08984	0.1278	0.1813	0.7135
740	0.2684	0.07124	0.0865	0.2153	0.2657	0.3199	0.5445
760	0.3098	0.1011	0.03782	0.2314	0.325	0.3881	0.5433
780	0.113	0.04711	0.03469	0.07866	0.1046	0.1362	0.3053
800	0.0005366	0.0002976	9.032e-05	0.0003336	0.0004676	0.0006538	0.002549
820	0.7113	0.05965	0.4868	0.6728	0.7147	0.7559	0.839
840	0.0008722	0.0005283	0.0001268	0.0005027	0.0007302	0.001098	0.004349
860	0.2698	0.04959	0.1445	0.2333	0.2686	0.3043	0.4441
880	0.01174	0.009689	0.002067	0.006123	0.008934	0.01422	0.1265
900	0.5959	0.05687	0.2643	0.5671	0.6042	0.6375	0.6953
920	0.5587	0.07847	0.2556	0.5147	0.573	0.6158	0.7122
940	0.002547	0.0008725	0.0008539	0.00196	0.002371	0.002996	0.008419
960	0.5476	0.08593	0.184	0.503	0.5663	0.6113	0.7019
980	0.4884	0.04216	0.2732	0.4725	0.5	0.516	0.5759
1000	0.01289	0.01053	0.001176	0.006477	0.009855	0.01578	0.09026
1020	0.01981	0.009422	0.005044	0.01334	0.01798	0.02358	0.07645
1040	0.2675	0.09758	0.04565	0.1939	0.2648	0.339	0.5302
1060	0.002742	0.001128	0.0006796	0.001966	0.002536	0.003305	0.008754
1080	0.2781	0.1076	0.03785	0.191	0.2772	0.3616	0.5685
1100	0.3104	0.1184	0.04397	0.2156	0.3204	0.4054	0.6526
1120	0.3849	0.06103	0.1155	0.3574	0.3933	0.4224	0.5377
1140	0.4161	0.09365	0.1283	0.3465	0.4239	0.4887	0.6352
1160	0.04974	0.05113	0.001192	0.01464	0.03105	0.06552	0.3017
1180	0.03587	0.02289	0.005416	0.02218	0.03118	0.04399	0.3229
1200	0.06304	0.05504	0.003434	0.02625	0.04619	0.08476	0.3701
1220	0.571	0.09453	0.3004	0.5061	0.5737	0.6379	0.8025
1240	0.3286	0.0631	0.1346	0.2854	0.3347	0.3746	0.4847
1260	0.1899	0.08368	0.02197	0.1164	0.1991	0.2693	0.3048
1280	0.1629	0.06217	0.02216	0.1156	0.1568	0.2021	0.3736
1300	0.4911	0.1154	0.05891	0.4172	0.5122	0.575	0.7407
1320	0.2566	0.1171	0.01911	0.1627	0.246	0.3474	0.565
1340	0.0003454	0.0003632	1.971e-05	0.0001251	0.0002261	0.0004365	0.003496
1360	0.08725	0.04312	0.01617	0.0572	0.07858	0.1091	0.345
1380	0.377	0.08272	0.1603	0.3174	0.3743	0.4318	0.597
1400	0.4235	0.04404	0.3047	0.3939	0.4189	0.4459	0.6207
1420	0.3778	0.06801	0.1395	0.3418	0.3885	0.4236	0.5456
1440	0.2535	0.09191	0.0501	0.1787	0.2554	0.3256	0.5462
1460	0.1247	0.03308	0.04875	0.1001	0.1202	0.144	0.2378
1480	0.3659	0.1616	0.0344	0.2315	0.3626	0.5009	0.6911
1500	0.01839	0.009186	0.004544	0.01211	0.01607	0.02281	0.06948
1520	0.02563	0.01384	0.006068	0.01671	0.02237	0.03038	0.1307
1540	0.003591	0.002681	0.0006022	0.001934	0.002886	0.004493	0.03743
1560	2.065e-05	1.004e-05	5.118e-06	1.393e-05	1.841e-05	2.506e-05	9.354e-05
1580	0.5208	0.1222	0.1176	0.4548	0.5565	0.6104	0.732
1600	0.5626	0.1315	0.1957	0.4691	0.5636	0.6603	0.8936
1620	0.6778	0.06396	0.3219	0.6478	0.69	0.7206	0.8308
1640	0.5259	0.104	0.09585	0.4903	0.5537	0.5967	0.7297
1660	0.2254	0.08985	0.04635	0.1599	0.21	0.2805	0.5927
1680	0.0835	0.03953	0.01588	0.05526	0.07482	0.1042	0.2754
1700	0.3903	0.06874	0.1413	0.3445	0.3935	0.4348	0.5824
1720	0.3942	0.1056	0.1305	0.3189	0.3979	0.4731	0.669
1740	0.1297	0.0686	0.0181	0.07519	0.1163	0.1722	0.3193
1760	0.2128	0.07824	0.05238	0.1535	0.2046	0.2659	0.5507
1780	0.1022	0.06308	0.01098	0.05643	0.08726	0.1332	0.4222
1800	0.492	0.06811	0.2014	0.4551	0.5007	0.5395	0.6621
1820	0.03019	0.03005	0.001919	0.01262	0.022	0.03558	0.3754
1840	0.6451	0.1128	0.1812	0.5971	0.673	0.7229	0.8544
1860	0.006666	0.006604	0.0005248	0.002705	0.004535	0.008716	0.08628
1880	0.01197	0.003548	0.004362	0.009481	0.01155	0.01372	0.03236
1900	7.175e-05	4.235e-05	1.078e-05	4.142e-05	6.2e-05	8.865e-05	0.000279
1920	0.0057	0.004353	0.0005888	0.002686	0.004388	0.007333	0.03141
1940	0.1879	0.0747	0.0345	0.1291	0.1805	0.2411	0.381
1960	0.2577	0.06257	0.03534	0.223	0.2801	0.3074	0.3488
1980	0.001967	0.0007342	0.0003775	0.001476	0.001845	0.002271	0.00672
2000	0.1759	0.0772	0.03961	0.1204	0.1592	0.2177	0.4797
2020	0.007157	0.005056	0.00137	0.004064	0.005851	0.00869	0.05466
2040	0.03215	0.01679	0.007319	0.02015	0.02766	0.0401	0.1228
2060	0.3522	0.02548	0.2351	0.3369	0.3512	0.3674	0.473
2080	0.2238	0.08427	0.03578	0.1601	0.2358	0.2993	0.4024
2100	0.3409	0.1023	0.03035	0.2684	0.354	0.4173	0.5746
2120	0.2865	0.1775	0.009527	0.1411	0.2536	0.4118	0.7856
2140	0.001345	0.0007935	0.0002223	0.0008381	0.001137	0.001643	0.008857
2160	0.2393	0.05506	0.08386	0.2019	0.2497	0.2892	0.3173
2180	0.2604	0.05273	0.1262	0.2231	0.2569	0.2966	0.4382
2200	0.1539	0.06181	0.03181	0.108	0.1458	0.1898	0.3536
2220	0.00813	0.003748	0.002592	0.005659	0.007282	0.009497	0.05232
2240	0.1633	0.08416	0.01768	0.09963	0.1479	0.2123	0.4998
2260	0.549	0.1037	0.2202	0.4833	0.5572	0.6223	0.7822
2280	0.7042	0.0736	0.2785	0.6699	0.7204	0.7553	0.8305
2300	0.6849	0.05093	0.4598	0.6609	0.6896	0.7156	0.83
2320	0.4177	0.1184	0.06856	0.3387	0.4329	0.5072	0.6536
2340	0.003518	0.001597	0.000942	0.002416	0.003198	0.004167	0.01472
2360	0.1916	0.1144	0.01895	0.09878	0.1713	0.2667	0.5179
2380	0.02642	0.01994	0.003062	0.01345	0.02072	0.03277	0.1765
2400	0.002479	0.002574	0.0002091	0.0009942	0.001715	0.003043	0.03274
2420	0.4876	0.1836	0.04257	0.3441	0.5225	0.6438	0.8239
2440	0.04405	0.03249	0.007761	0.02484	0.03614	0.05325	0.3537
2460	0.4892	0.133	0.1132	0.388	0.5031	0.5928	0.7511
2480	0.01443	0.01287	0.001687	0.007118	0.01083	0.01703	0.1686
2500	0.4571	0.04946	0.1897	0.4253	0.4621	0.4954	0.5914
2520	0.5318	0.1303	0.134	0.4455	0.5376	0.6314	0.821
2540	0.5726	0.04453	0.3811	0.5443	0.5782	0.6042	0.6962
2560	0.4107	0.1575	0.03313	0.2869	0.4211	0.542	0.7691
2580	0.1566	0.0977	0.01953	0.08398	0.1315	0.2014	0.5719
2600	0.005795	0.00434	0.0007839	0.003108	0.004489	0.006981	0.04146
2620	0.04421	0.02939	0.01123	0.02838	0.03794	0.04868	0.3082
2640	0.008308	0.006252	0.001219	0.004394	0.00672	0.01031	0.06775
2660	0.5383	0.06203	0.2659	0.5101	0.5536	0.5815	0.644
2680	0.001314	0.0006595	0.0002229	0.000867	0.001185	0.00162	0.005847
2700	0.2681	0.06313	0.05872	0.2264	0.2856	0.3158	0.466
2720	0.3137	0.1009	0.06282	0.2397	0.3098	0.382	0.5995
2740	0.2867	0.1412	0.0213	0.175	0.265	0.3813	0.6578
2760	0.1823	0.0769	0.03553	0.1235	0.1726	0.2293	0.4659
2780	0.004366	0.003754	0.0004415	0.002179	0.003452	0.005253	0.04138
2800	0.4338	0.1001	0.1186	0.3643	0.4385	0.5088	0.6792
2820	0.03329	0.01437	0.01028	0.02337	0.03051	0.03946	0.1588
2840	0.06012	0.02283	0.0174	0.04343	0.05672	0.07137	0.164
2860	0.6847	0.03895	0.4491	0.6651	0.6886	0.7117	0.7846
2880	0.06349	0.0156	0.02374	0.05349	0.06146	0.07178	0.1587
2900	0.2103	0.08178	0.03384	0.1502	0.1986	0.2635	0.5063
2920	0.5187	0.07886	0.1928	0.4741	0.5314	0.5748	0.6739
2940	0.08045	0.06369	0.005819	0.03558	0.06286	0.1053	0.3914
2960	0.2586	0.1069	0.04173	0.1818	0.2449	0.3302	0.6524
2980	0.01249	0.01457	0.00137	0.00552	0.008655	0.01417	0.1857
3000	0.00565	0.003705	0.0008343	0.003241	0.004726	0.006844	0.02909
3020	0.005875	0.003905	0.0009252	0.00356	0.004959	0.006953	0.05295
3040	0.0001678	0.0001123	2.922e-05	9.682e-05	0.0001409	0.000202	0.001378
3060	0.01407	0.01044	0.002677	0.008091	0.01173	0.01698	0.2015
3080	0.2914	0.1125	0.07366	0.2053	0.275	0.3629	0.6788
3100	0.142	0.0373	0.05768	0.1162	0.1374	0.1651	0.2867
3120	0.5036	0.06992	0.225	0.4636	0.5145	0.5506	0.6887
3140	0.01543	0.01222	0.002378	0.008416	0.01201	0.01794	0.1238
3160	0.4188	0.08192	0.1473	0.3631	0.4303	0.4816	0.5829
3180	0.4289	0.07365	0.2216	0.3755	0.4309	0.4815	0.6281
3200	0.08916	0.069	0.007067	0.04006	0.06794	0.1155	0.36
3220	0.3124	0.1222	0.05972	0.2136	0.2998	0.4011	0.6242
3240	0.8255	0.06464	0.4514	0.7991	0.8381	0.872	0.9341
3260	0.008687	0.01095	0.0005189	0.003334	0.005796	0.009984	0.1597
3280	0.1933	0.05308	0.06451	0.1554	0.1881	0.231	0.3708
3300	0.4106	0.09891	0.07045	0.3573	0.4211	0.4775	0.6452
3320	0.09123	0.05758	0.01115	0.04931	0.07707	0.1188	0.3993
3340	0.3958	0.09685	0.1702	0.3223	0.3973	0.4684	0.6389
3360	0.3883	0.08737	0.1506	0.3254	0.3853	0.4512	0.6164
3380	0.001062	0.0009426	0.000116	0.0005095	0.0008252	0.001293	0.01155
3400	0.4809	0.1427	0.05755	0.3824	0.5113	0.5927	0.7547
3420	0.6604	0.05687	0.4462	0.626	0.6691	0.7014	0.7767
3440	0.4319	0.06292	0.269	0.3877	0.4239	0.4755	0.6667
3460	0.005355	0.00226	0.00155	0.003817	0.004909	0.006401	0.02626
3480	0.0141	0.007144	0.003141	0.009108	0.01245	0.01738	0.06435
3500	0.181	0.0967	0.01222	0.0961	0.1738	0.2711	0.3675
3520	0.0001201	8.451e-05	9.443e-06	6.603e-05	9.944e-05	0.0001465	0.0006325
3540	0.3203	0.1091	0.07158	0.2399	0.3139	0.3918	0.6372
3560	0.3553	0.07393	0.1239	0.315	0.3561	0.3984	0.605
3580	0.3389	0.05241	0.09024	0.3156	0.3458	0.3686	0.5271
3600	0.4441	0.1184	0.0951	0.3581	0.4562	0.542	0.673
3620	0.4183	0.1197	0.03367	0.3567	0.4339	0.4997	0.696
3640	0.5346	0.05804	0.242	0.5085	0.5477	0.5759	0.6344
3660	0.1462	0.05091	0.03499	0.1081	0.1404	0.1817	0.3031
3680	0.7195	0.04297	0.4966	0.6951	0.7281	0.7497	0.7999
3700	0.1904	0.04049	0.08427	0.1615	0.1905	0.2155	0.3152
3720	0.01377	0.006992	0.003163	0.008737	0.01234	0.01691	0.05878
3740	0.01174	0.009196	0.001655	0.006093	0.009236	0.01444	0.0814
3760	0.001425	0.001691	0.0001286	0.0005923	0.0009644	0.001605	0.02605
3780	0.3802	0.04947	0.1892	0.3475	0.3806	0.4137	0.541
3800	0.1203	0.07091	0.0178	0.06964	0.1017	0.1528	0.4833
3820	0.331	0.06608	0.1141	0.29	0.3415	0.3757	0.568
3840	0.5357	0.04234	0.339	0.5106	0.5408	0.5667	0.6458
3860	9.207e-06	5.736e-06	2.033e-06	5.563e-06	7.914e-06	1.107e-05	5.39e-05
3880	0.5569	0.09259	0.1752	0.5228	0.5899	0.6231	0.686
3900	0.257	0.04016	0.1128	0.2311	0.2636	0.2912	0.3509
3920	0.1597	0.1523	0.002123	0.05094	0.1004	0.2124	0.685
3940	0.7015	0.05734	0.3946	0.6769	0.7134	0.7414	0.8233
3960	0.2049	0.07158	0.04476	0.1509	0.1997	0.2563	0.3973
3980	0.4847	0.1368	0.04793	0.387	0.4971	0.5823	0.8139
4000	0.6336	0.09819	0.2219	0.5761	0.6454	0.7073	0.8417
4020	0.05843	0.03218	0.008109	0.03664	0.05186	0.07186	0.2467
4040	0.003494	0.004772	9.201e-05	0.001101	0.002014	0.004029	0.05086
4060	0.1497	0.09909	0.01818	0.07285	0.123	0.1955	0.4856
4080	0.03731	0.01463	0.008578	0.02669	0.0348	0.04485	0.1235
4100	0.001557	0.0006704	0.0004019	0.001079	0.001419	0.001891	0.005035
4120	0.01085	0.009239	0.001234	0.00531	0.008485	0.01314	0.1253
4140	0.1118	0.04037	0.02374	0.08261	0.107	0.1368	0.2806
4160	0.1177	0.07609	0.009877	0.06161	0.09968	0.1521	0.4666
4180	0.276	0.04961	0.07374	0.2539	0.2914	0.3108	0.3927
4200	0.305	0.04895	0.178	0.2711	0.3011	0.3364	0.515
4220	0.1885	0.09268	0.028	0.1125	0.167	0.2546	0.4243
4240	0.4849	0.09119	0.09744	0.4446	0.5053	0.5472	0.6444
4260	0.00245	0.002539	0.0001177	0.0009356	0.001652	0.003051	0.03185
4280	0.3838	0.08324	0.1039	0.3372	0.386	0.4334	0.5927
4300	0.03233	0.01362	0.009883	0.02344	0.02992	0.03824	0.1634
4320	0.3956	0.0814	0.09446	0.3521	0.4073	0.4513	0.5641
4340	0.01561	0.006929	0.00445	0.01099	0.0142	0.01877	0.07331
4360	0.5157	0.1013	0.1517	0.4542	0.5274	0.5873	0.7425
4380	0.2565	0.1197	0.03728	0.1578	0.2428	0.3458	0.6493
4400	0.7033	0.04389	0.4605	0.6882	0.7131	0.7311	0.7887
4420	0.4395	0.114	0.1188	0.3612	0.4502	0.5222	0.6907
4440	0.4049	0.1772	0.02959	0.2651	0.4064	0.5493	0.769
4460	0.005133	0.004744	0.0008463	0.002562	0.003884	0.006044	0.05373
4480	0.01727	0.006594	0.005221	0.01275	0.01609	0.02049	0.06346
4500	0.3311	0.03057	0.1576	0.3163	0.3342	0.3507	0.4324
4520	0.5875	0.04483	0.4096	0.5617	0.5905	0.6153	0.7088
4540	0.004079	0.001964	0.001271	0.002724	0.003612	0.004854	0.01566
4560	0.01353	0.008565	0.002165	0.008198	0.01133	0.01588	0.06729
4580	0.3922	0.05284	0.1509	0.3656	0.4007	0.4264	0.5563
4600	0.1418	0.08953	0.007132	0.07142	0.1183	0.1954	0.4617
4620	0.2225	0.09534	0.03165	0.1503	0.2069	0.2907	0.4854
4640	0.4212	0.1104	0.1092	0.3457	0.4371	0.5167	0.6175
4660	0.7258	0.04241	0.4967	0.7056	0.732	0.7553	0.8306
4680	0.06718	0.07173	0.001554	0.01546	0.04052	0.08777	0.3139
4700	0.6769	0.06412	0.4243	0.6369	0.6795	0.722	0.877
4720	0.2673	0.04036	0.08128	0.2476	0.2833	0.2983	0.3224
4740	0.459	0.05734	0.2394	0.4217	0.4555	0.4952	0.6366
4760	0.4311	0.07396	0.1641	0.3864	0.4411	0.481	0.6131
4780	0.04346	0.02789	0.006036	0.02387	0.03674	0.05594	0.1911
4800	0.0003475	0.0001436	8.902e-05	0.0002503	0.0003165	0.0004142	0.001209
4820	0.2951	0.03734	0.1083	0.2805	0.307	0.3189	0.3741
4840	0.0006049	0.0009751	1.259e-05	0.000165	0.0003326	0.0006923	0.01996
4860	0.07627	0.04254	0.01587	0.04757	0.0677	0.09546	0.3965
4880	0.1946	0.1076	0.01895	0.108	0.1755	0.2706	0.593
4900	0.6318	0.06471	0.3876	0.5889	0.6374	0.6801	0.7762
4920	0.000968	0.0008457	5.509e-05	0.000447	0.0007252	0.001173	0.007312
4940	0.2342	0.112	0.0431	0.1481	0.2032	0.3007	0.6022
4960	0.4365	0.07848	0.1481	0.3868	0.4475	0.4955	0.6095
4980	0.1142	0.06386	0.01434	0.06609	0.09991	0.148	0.3371
5000	0.0001442	6.306e-05	2.75e-05	9.886e-05	0.000132	0.0001772	0.0004815
5020	0.008472	0.005306	0.001648	0.005173	0.007134	0.01031	0.05862
5040	0.4983	0.09711	0.2204	0.4367	0.5079	0.5705	0.7221
5060	0.4384	0.1176	0.1138	0.3533	0.438	0.5254	0.7437
5080	0.01777	0.01447	0.00138	0.00857	0.01351	0.02294	0.1625
5100	0.07926	0.02515	0.02096	0.06237	0.07554	0.09293	0.2129
5120	0.07761	0.05615	0.004105	0.0368	0.06123	0.1029	0.3414
5140	0.03103	0.02335	0.003349	0.01637	0.02474	0.0381	0.2361
5160	0.0736	0.05012	0.006803	0.03817	0.06171	0.09405	0.3801
5180	0.4845	0.1732	0.0871	0.3491	0.4678	0.6097	0.9166
5200	0.1097	0.04121	0.01924	0.07929	0.1055	0.1331	0.2623
5220	0.1044	0.06783	0.01497	0.05647	0.08533	0.132	0.4285
5240	0.1617	0.06744	0.02694	0.1079	0.1517	0.2086	0.3243
5260	0.001886	0.001548	0.0001757	0.0009368	0.001465	0.002351	0.01807
5280	0.3067	0.1109	0.02942	0.2327	0.3279	0.3818	0.617
5300	0.05345	0.03787	0.005804	0.02789	0.04245	0.06755	0.2871
5320	0.000269	0.0002589	3.49e-05	0.0001248	0.0001983	0.0003084	0.003416
5340	0.4161	0.1111	0.116	0.3358	0.4154	0.4958	0.7151
5360	0.002733	0.001532	0.0008083	0.00182	0.00238	0.003287	0.02356
5380	0.04147	0.04031	0.004679	0.01676	0.02755	0.05044	0.3024
5400	0.01071	0.00731	0.002114	0.006176	0.008822	0.01255	0.0766
5420	0.09963	0.03893	0.03216	0.07131	0.09324	0.1188	0.3206
5440	0.0002699	0.000115	5.278e-05	0.0001886	0.0002449	0.0003248	0.001011
5460	0.01668	0.01849	0.0005592	0.006238	0.0107	0.01969	0.1807
5480	0.05159	0.02859	0.01123	0.03238	0.04382	0.06207	0.2581
5500	0.1687	0.08637	0.02404	0.1012	0.1537	0.2214	0.5636
5520	0.2641	0.12	0.04725	0.1687	0.2494	0.3457	0.5898
5540	0.6793	0.04906	0.3436	0.6589	0.6897	0.7108	0.7793
5560	0.4962	0.03191	0.3111	0.4829	0.5025	0.516	0.5636
5580	0.4716	0.03857	0.263	0.4574	0.4808	0.4956	0.5406
5600	0.6704	0.1128	0.2051	0.5985	0.68	0.7517	0.9228
5620	0.5534	0.06293	0.3068	0.5141	0.5577	0.5982	0.7036
5640	0.1257	0.0646	0.01523	0.08025	0.1125	0.156	0.4717
5660	0.1713	0.08616	0.02485	0.1025	0.1549	0.2236	0.5042
5680	0.3207	0.1046	0.0834	0.2398	0.3102	0.3985	0.6727
5700	0.3987	0.05775	0.2171	0.3602	0.397	0.4378	0.5686
5720	0.005171	0.004513	0.0009204	0.002844	0.004056	0.005984	0.06846
5740	0.4445	0.05303	0.2478	0.4124	0.4505	0.4879	0.5404
5760	0.4289	0.05208	0.2751	0.3969	0.4285	0.462	0.5704
5780	0.001719	0.001403	0.0003032	0.0008841	0.001318	0.002085	0.01432
5800	0.1454	0.07111	0.02094	0.09144	0.1344	0.1812	0.482
5820	0.4003	0.0933	0.1398	0.3391	0.4007	0.461	0.6547
5840	0.6167	0.07495	0.118	0.5872	0.6348	0.6657	0.7468
5860	0.1888	0.07411	0.04896	0.1314	0.1815	0.2361	0.3923
5880	0.03132	0.02457	0.004212	0.01623	0.02453	0.03744	0.2199
5900	0.6784	0.03882	0.5094	0.6525	0.6768	0.704	0.8091
5920	2.135e-07	1.82e-07	2.651e-08	1.061e-07	1.584e-07	2.513e-07	1.881e-06
5940	0.6142	0.06651	0.2758	0.5762	0.6201	0.6582	0.8101
5960	0.5399	0.08614	0.2183	0.4909	0.5492	0.6017	0.733
5980	0.0003584	0.0001228	0.0001221	0.0002671	0.0003376	0.0004144	0.0009168
6000	0.1516	0.07963	0.01874	0.09285	0.1339	0.1927	0.4992
6020	0.1112	0.04194	0.03866	0.08084	0.1031	0.1323	0.3813
6040	0.489	0.1146	0.03881	0.4375	0.5141	0.5629	0.7509
6060	0.6539	0.03059	0.5163	0.6366	0.656	0.6728	0.7722
6080	0.04213	0.02449	0.01106	0.02619	0.03618	0.05049	0.2883
6100	0.0277	0.01585	0.005779	0.01659	0.0235	0.03441	0.1164
6120	0.08287	0.04588	0.01085	0.05033	0.07458	0.1031	0.3517
6140	0.003437	0.00157	0.0008492	0.00237	0.003039	0.004091	0.01179
6160	0.3335	0.1539	0.0319	0.2067	0.3101	0.4458	0.7129
6180	0.4267	0.09148	0.1201	0.3677	0.4407	0.4976	0.639
6200	0.6021	0.1057	0.2462	0.5299	0.6122	0.6773	0.8616
6220	0.5022	0.07521	0.2316	0.4567	0.5088	0.5573	0.6843
6240	0.3153	0.1015	0.07968	0.2425	0.3039	0.3811	0.6772
6260	0.8393	0.05859	0.4769	0.8121	0.8559	0.8806	0.9298
6280	0.4548	0.1538	0.06575	0.3415	0.4885	0.572	0.8011
6300	0.2221	0.09506	0.06672	0.1517	0.2029	0.272	0.7334
6320	0.01122	0.008927	0.001163	0.005609	0.008777	0.01396	0.08244
6340	0.3887	0.06404	0.1761	0.3475	0.3885	0.434	0.5737
6360	0.4126	0.06135	0.1828	0.3741	0.4138	0.456	0.5615
6380	0.6469	0.05534	0.4273	0.6085	0.6479	0.6866	0.8333
6400	0.3413	0.09526	0.03405	0.2792	0.3558	0.4035	0.6042
6420	0.008787	0.007865	0.0007105	0.004185	0.006408	0.0108	0.1115
6440	0.8572	0.09543	0.3578	0.8347	0.8845	0.9168	0.9789
6460	0.232	0.06379	0.1034	0.1867	0.2218	0.265	0.5802
6480	0.409	0.1524	0.02554	0.2987	0.4388	0.5342	0.6576
6500	0.7708	0.1083	0.2728	0.7271	0.7989	0.8446	0.9628
6520	0.42	0.05114	0.123	0.3964	0.4337	0.4584	0.4886
6540	0.006048	0.004436	0.001295	0.003553	0.005056	0.007164	0.083
6560	0.2704	0.1018	0.07909	0.1936	0.2508	0.3305	0.6085
6580	0.671	0.1118	0.1556	0.6089	0.6966	0.7517	0.8803
6600	0.0003086	0.0002239	1.16e-05	0.000156	0.0002491	0.0004033	0.002677
6620	0.0003139	0.000536	2.575e-05	0.000118	0.0001985	0.0003528	0.01277
6640	0.06833	0.0291	0.01349	0.04835	0.06371	0.08282	0.2202
6660	0.02774	0.01535	0.00388	0.01709	0.0242	0.03387	0.119
6680	0.3574	0.06108	0.1346	0.3193	0.362	0.4015	0.5146
6700	0.04887	0.02431	0.01344	0.03287	0.04301	0.05792	0.2815
6720	0.338	0.08774	0.1189	0.2754	0.3396	0.4046	0.5432
6740	0.4254	0.04843	0.2377	0.3951	0.4297	0.459	0.5532
6760	0.1769	0.07246	0.01918	0.1214	0.1701	0.2326	0.4355
6780	0.008968	0.005121	0.00168	0.005462	0.007735	0.01088	0.03893
6800	0.4892	0.05045	0.2634	0.4631	0.496	0.5238	0.602
6820	0.0001595	0.0001873	1.729e-05	7.483e-05	0.0001148	0.0001843	0.004238
6840	0.02546	0.03543	0.002	0.00772	0.01388	0.02579	0.2919
6860	0.1757	0.07049	0.04721	0.1216	0.1657	0.2224	0.441
6880	0.03246	0.0288	0.003615	0.01476	0.02373	0.03951	0.288
6900	0.1394	0.05944	0.03203	0.09654	0.1274	0.1695	0.456
6920	0.3487	0.0268	0.2409	0.3324	0.346	0.3637	0.4821
6940	6.815e-06	2.872e-06	1.774e-06	4.81e-06	6.261e-06	8.182e-06	2.168e-05
6960	0.2255	0.1014	0.02288	0.1371	0.2224	0.3114	0.4793
6980	0.4055	0.1015	0.1318	0.3316	0.4114	0.4848	0.6045
7000	0.4364	0.06762	0.21	0.3918	0.4521	0.489	0.5863
7020	6.413e-05	3.841e-05	1.098e-05	3.933e-05	5.372e-05	7.738e-05	0.0003344
7040	0.5049	0.08261	0.2016	0.4443	0.5064	0.5637	0.7641
7060	0.00275	0.002287	0.0003551	0.001468	0.002186	0.00326	0.02165
7080	0.5065	0.09994	0.1959	0.4346	0.5083	0.58	0.716
7100	0.3989	0.08184	0.1317	0.3441	0.4067	0.4585	0.6059
7120	0.07918	0.07112	0.002972	0.02795	0.05453	0.1077	0.3555
7140	0.3956	0.0907	0.1298	0.3366	0.4015	0.4572	0.6412
7160	0.02623	0.01457	0.005299	0.01593	0.02236	0.03264	0.1023
7180	0.1348	0.0718	0.028	0.08048	0.1182	0.1734	0.4565
7200	0.5438	0.05684	0.2771	0.5162	0.5552	0.583	0.6522
7220	0.1544	0.07432	0.009384	0.09475	0.1464	0.2071	0.3346
7240	0.2721	0.05974	0.1158	0.2283	0.2766	0.3136	0.4771
7260	0.02332	0.00969	0.007014	0.01669	0.0215	0.02759	0.0857
7280	0.2943	0.08794	0.03013	0.2423	0.3123	0.344	0.645
7300	0.3729	0.07231	0.1179	0.3377	0.3816	0.4177	0.5873
7320	0.2252	0.07015	0.03038	0.1742	0.2447	0.2883	0.307
7340	0.4198	0.07493	0.1414	0.3807	0.4298	0.4692	0.6318
7360	0.6248	0.06325	0.2791	0.6012	0.6367	0.6657	0.7387
7380	0.07109	0.04376	0.01501	0.04417	0.06052	0.08486	0.419
7400	0.3061	0.0443	0.1762	0.2768	0.3119	0.3394	0.4359
7420	0.6227	0.07461	0.3032	0.5819	0.6362	0.6779	0.7667
7440	0.494	0.08184	0.1679	0.4432	0.5037	0.5552	0.6815
7460	0.0303	0.01766	0.004332	0.0184	0.02565	0.03722	0.1516
7480	0.2182	0.1236	0.006922	0.112	0.2132	0.3203	0.5525
7500	0.0002171	9.199e-05	5.898e-05	0.0001513	0.0001992	0.0002633	0.0006942
7520	0.3461	0.03964	0.2268	0.3192	0.3457	0.3733	0.5041
7540	0.000659	0.0005286	9.194e-05	0.0003556	0.0005269	0.0007932	0.007527
7560	0.2026	0.1111	0.02282	0.121	0.1778	0.2646	0.7154
7580	0.06812	0.03854	0.00817	0.04032	0.05785	0.08596	0.3078
7600	0.3718	0.1154	0.1039	0.2833	0.3661	0.4574	0.7187
7620	0.4243	0.083	0.1833	0.364	0.4258	0.4831	0.6501
7640	0.303	0.04682	0.117	0.2796	0.3195	0.3362	0.4364
7660	0.2419	0.1074	0.04716	0.1584	0.2242	0.3138	0.6383
7680	0.4486	0.06997	0.1055	0.4041	0.4542	0.4994	0.5978
7700	0.04732	0.02327	0.01244	0.03361	0.04259	0.05575	0.3495
7720	0.4161	0.1301	0.07284	0.3192	0.4208	0.5101	0.7376
7740	0.429	0.06721	0.2353	0.385	0.4299	0.4773	0.6032
7760	0.431	0.1252	0.09167	0.347	0.4306	0.5112	0.8164
7780	0.4366	0.07387	0.1341	0.3983	0.4591	0.487	0.6269
7800	0.0817	0.02769	0.02812	0.06096	0.07732	0.09923	0.2282
7820	0.4269	0.1003	0.1472	0.3561	0.4288	0.5052	0.6683
7840	0.000225	0.0001173	5.89e-05	0.0001497	0.0001947	0.0002633	0.001199
7860	0.008355	0.01234	0.0006837	0.003489	0.005672	0.009651	0.2972
7880	0.05345	0.04187	0.002616	0.02375	0.04135	0.06992	0.2785
7900	0.5023	0.1122	0.1132	0.439	0.5232	0.5884	0.7139
7920	0.3193	0.1079	0.0924	0.2426	0.3066	0.3824	0.7237
7940	0.4351	0.04081	0.2147	0.4139	0.4415	0.463	0.5127
7960	0.2546	0.1151	0.02571	0.1593	0.2495	0.3474	0.574
7980	0.3272	0.07153	0.1206	0.2769	0.3218	0.3743	0.576
8000	0.01101	0.005836	0.002344	0.007102	0.009358	0.0135	0.04457
8020	0.4861	0.06279	0.2953	0.4392	0.4873	0.5307	0.6691
8040	0.04119	0.02017	0.01045	0.02652	0.03699	0.0511	0.1294
8060	0.1987	0.07224	0.06417	0.1469	0.184	0.2395	0.5003
8080	0.5198	0.06025	0.2863	0.486	0.5262	0.5622	0.6891
8100	0.3033	0.09128	0.1033	0.2372	0.2998	0.3649	0.603
8120	0.1612	0.08824	0.003723	0.08957	0.1493	0.227	0.408
8140	0.6816	0.06765	0.3776	0.6465	0.6953	0.7306	0.801
8160	0.03071	0.01105	0.007712	0.02328	0.02909	0.03652	0.1306
8180	0.351	0.04955	0.1994	0.3179	0.3527	0.3846	0.4966
8200	0.5425	0.08601	0.1711	0.4957	0.5497	0.6044	0.7661
8220	0.72	0.07105	0.3223	0.6948	0.738	0.7641	0.8844
8240	0.003347	0.002659	0.000365	0.001681	0.002658	0.0041	0.03511
8260	0.0007331	0.0003761	0.0001697	0.000486	0.0006493	0.0008763	0.003066
8280	0.5133	0.06646	0.2453	0.4822	0.5226	0.5547	0.6778
8300	0.6775	0.03784	0.4405	0.6606	0.6849	0.7026	0.7659
8320	0.345	0.1238	0.06328	0.2425	0.3404	0.4469	0.6407
8340	0.2854	0.05909	0.1106	0.2459	0.2849	0.3283	0.4856
8360	0.003104	0.001469	0.0008201	0.002073	0.002826	0.003809	0.01162
8380	0.02816	0.01492	0.00262	0.01766	0.02484	0.03578	0.1042
8400	0.3118	0.1124	0.06683	0.2227	0.3031	0.3903	0.5919
8420	0.4287	0.1056	0.1686	0.3486	0.4243	0.5075	0.7037
8440	0.3987	0.03807	0.2701	0.3738	0.3947	0.4237	0.5395
8460	0.0295	0.01601	0.005353	0.01847	0.02571	0.0358	0.1253
8480	0.3245	0.07369	0.1154	0.2748	0.3231	0.3744	0.5474
8500	0.1913	0.03904	0.09656	0.164	0.1885	0.2151	0.3354
8520	0.2898	0.08012	0.03697	0.241	0.3074	0.3459	0.5176
8540	0.4354	0.04172	0.2938	0.4031	0.4334	0.4683	0.5368
8560	0.0008978	0.0008396	0.0001641	0.0004668	0.0006884	0.001019	0.01568
8580	0.4853	0.04826	0.2404	0.4629	0.497	0.5188	0.5736
8600	0.5316	0.06221	0.3703	0.486	0.5379	0.5779	0.6886
8620	0.7307	0.06087	0.4696	0.6938	0.7336	0.7728	0.9215
8640	0.1151	0.08048	0.00754	0.05385	0.09361	0.1546	0.4657
8660	0.154	0.06775	0.0247	0.1026	0.1421	0.1963	0.3565
8680	0.7143	0.07447	0.2014	0.6861	0.7267	0.7628	0.8605
8700	0.367	0.05634	0.1732	0.3316	0.3708	0.406	0.537
8720	0.03084	0.01264	0.007723	0.02194	0.02872	0.03725	0.1141
8740	0.5768	0.07438	0.3038	0.5371	0.5895	0.6313	0.7208
8760	0.0002429	0.0002889	1.141e-05	0.0001014	0.0001647	0.000285	0.004965
8780	0.4031	0.05296	0.2374	0.3675	0.406	0.4394	0.572
8800	0.03889	0.02801	0.002311	0.01951	0.0317	0.04852	0.2289
8820	4.441e-06	5.082e-06	1.355e-07	1.588e-06	3.001e-06	5.395e-06	5.933e-05
8840	0.6231	0.09948	0.1718	0.5778	0.6473	0.6937	0.7876
8860	0.02401	0.01614	0.003519	0.01327	0.02012	0.03052	0.1558
8880	0.008216	0.00667	0.00118	0.004295	0.006382	0.009794	0.08466
8900	0.4178	0.04182	0.2637	0.3902	0.4179	0.4467	0.5403
8920	0.1506	0.06706	0.03378	0.1043	0.1361	0.1827	0.511
8940	0.2792	0.03856	0.09492	0.2636	0.2921	0.3042	0.4096
8960	0.239	0.04821	0.1024	0.2069	0.2413	0.2781	0.3474
8980	0.004472	0.002156	0.0007469	0.002945	0.004053	0.005511	0.01906
9000	1.299e-05	1.635e-05	6.77e-07	4.369e-06	8.218e-06	1.485e-05	0.0001822
9020	0.0006858	0.0004008	8.39e-05	0.0004079	0.0005862	0.0008564	0.003123
9040	0.2196	0.08608	0.04273	0.1554	0.2064	0.2716	0.53
9060	0.1727	0.0907	0.03183	0.1044	0.1514	0.2217	0.5126
9080	0.4516	0.09403	0.1832	0.3883	0.4561	0.5258	0.6802
9100	0.2228	0.1504	0.01495	0.1	0.1885	0.3212	0.7341
9120	0.6128	0.087	0.2913	0.5608	0.6309	0.6771	0.7656
9140	0.04871	0.04753	0.005299	0.02182	0.03583	0.05868	0.4508
9160	0.3578	0.02918	0.2705	0.3395	0.3544	0.3733	0.518
9180	0.01774	0.01171	0.002036	0.01	0.01471	0.02186	0.1036
9200	0.1077	0.04679	0.02156	0.07406	0.09775	0.1336	0.3741
9220	0.001477	0.0009557	0.0001841	0.000868	0.001235	0.001851	0.008414
9240	0.04765	0.03271	0.006635	0.02594	0.03894	0.0583	0.2322
9260	0.1829	0.04715	0.05585	0.1501	0.1802	0.2154	0.3392
9280	0.1995	0.09007	0.02926	0.1247	0.1887	0.2703	0.4568
9300	0.5713	0.06156	0.3276	0.5373	0.5803	0.6159	0.6964
9320	0.005908	0.004145	0.0008094	0.003189	0.004814	0.007507	0.05112
9340	0.0001692	9.622e-05	3.382e-05	0.0001044	0.0001441	0.0002128	0.0008171
9360	0.1434	0.08376	0.0204	0.07991	0.1264	0.1878	0.5291
9380	0.245	0.04341	0.1195	0.2137	0.245	0.2801	0.3333
9400	0.09075	0.028	0.03689	0.07063	0.08676	0.1043	0.222
9420	0.0759	0.04166	0.01171	0.04675	0.06714	0.09611	0.3677
9440	0.001071	0.001892	1.648e-05	0.0002644	0.0005194	0.001139	0.03173
9460	0.604	0.07093	0.2735	0.5642	0.61	0.6546	0.7607
9480	0.4641	0.06937	0.1857	0.4198	0.4657	0.5152	0.6326
9500	0.0518	0.02989	0.01248	0.03201	0.04449	0.06346	0.2538
9520	0.0007504	0.001313	2.541e-05	0.0001897	0.0003866	0.000794	0.02419
9540	0.08016	0.03329	0.01542	0.05694	0.07467	0.09832	0.2559
9560	0.2257	0.1207	0.01307	0.1308	0.2119	0.3103	0.6813
9580	0.01461	0.007619	0.002988	0.009394	0.01279	0.01787	0.06845
9600	0.1032	0.0445	0.02052	0.07129	0.09525	0.1266	0.2709
9620	0.1199	0.05721	0.0228	0.07696	0.1092	0.1501	0.4305
9640	0.08414	0.05204	0.008806	0.04601	0.0701	0.1077	0.3737
9660	0.0004801	0.0001901	0.0001512	0.0003468	0.0004495	0.0005715	0.001388
9680	0.03797	0.02728	0.004609	0.02003	0.03064	0.04826	0.2257
9700	0.06307	0.03706	0.008861	0.03667	0.05408	0.0805	0.344
9720	0.634	0.1373	0.1965	0.5385	0.6394	0.7384	0.9341
9740	0.4777	0.08013	0.1775	0.4282	0.489	0.5362	0.6556
9760	0.593	0.1036	0.2115	0.5308	0.6073	0.6693	0.8119
9780	0.4093	0.04377	0.1498	0.384	0.4113	0.4369	0.5142
9800	8.776e-06	6.884e-06	8.227e-07	4.323e-06	7.049e-06	1.09e-05	6.898e-05
9820	0.3472	0.1358	0.02721	0.242	0.3585	0.4395	0.7156
9840	0.2343	0.1074	0.01951	0.1495	0.224	0.3149	0.5128
9860	0.7216	0.03924	0.4341	0.7011	0.7276	0.7482	0.7986
9880	0.2394	0.1701	0.01342	0.1031	0.1943	0.3415	0.7039
9900	0.01774	0.01292	0.002268	0.009911	0.01454	0.0207	0.1343
9920	0.03915	0.01434	0.01497	0.0296	0.0365	0.04597	0.1194
9940	0.3743	0.09359	0.08426	0.3149	0.3886	0.4431	0.5895
9960	0.001458	0.001278	5.222e-05	0.0006709	0.001095	0.001821	0.01373
9980	0.0002207	0.0002038	1.484e-05	9.728e-05	0.0001555	0.0002666	0.001846
