idx	predict	radius	unperturbed predict	time
0	0	1.1	0	0:01:15.916193
20	0	0.286	0	0:01:15.434724
40	0	0.22	0	0:01:15.347451
60	1	0.83	1	0:01:15.440073
80	1	0.646	1	0:01:15.428300
100	0	1.31	0	0:01:15.430164
120	0	0.195	0	0:01:15.447596
140	0	0.371	0	0:01:15.396467
160	0	0.502	0	0:01:15.238876
180	0	0.24	0	0:01:15.422052
200	0	1.09	0	0:01:15.234337
220	1	0.942	1	0:01:15.132371
240	1	1.65	1	0:01:15.260159
260	0	0.553	0	0:01:15.397285
280	1	0.314	1	0:01:15.290131
300	-1	0.0	-1	0:01:15.224433
320	0	0.95	0	0:01:15.213068
340	0	1.06	0	0:01:15.184423
360	0	0.338	0	0:01:15.342562
380	0	0.756	0	0:01:15.293309
400	1	0.763	1	0:01:15.372995
420	0	0.376	0	0:01:15.409148
440	1	0.602	1	0:01:15.374702
460	1	0.196	1	0:01:15.376602
480	0	0.205	0	0:01:15.466351
500	0	0.95	0	0:01:15.499505
520	0	0.641	0	0:01:15.444672
540	1	0.36	1	0:01:15.422844
560	1	1.06	1	0:01:15.299296
580	0	0.932	0	0:01:15.460597
600	1	0.343	1	0:01:15.508071
620	0	0.531	0	0:01:15.519456
640	0	0.504	0	0:01:15.414587
660	1	0.202	1	0:01:15.397434
680	0	1.05	0	0:01:15.314890
700	1	0.11	1	0:01:15.435068
720	0	0.961	0	0:01:15.382885
740	0	0.881	0	0:01:15.400029
760	0	0.664	0	0:01:15.490696
780	1	0.212	1	0:01:15.567338
800	1	1.54	1	0:01:15.575912
820	0	1.31	0	0:01:15.550448
840	1	1.55	1	0:01:15.635116
860	0	0.65	0	0:01:15.526476
880	1	1.07	1	0:01:15.506734
900	0	1.28	0	0:01:15.337913
920	0	0.854	0	0:01:15.297415
940	1	1.32	1	0:01:15.365830
960	1	0.0954	1	0:01:15.345271
980	0	0.753	0	0:01:15.412488
1000	1	0.732	1	0:01:15.365819
1020	1	1.08	1	0:01:15.358217
1040	-1	0.0	0	0:01:15.365031
1060	1	0.883	1	0:01:15.367066
1080	0	0.426	0	0:01:15.347661
1100	0	1.04	0	0:01:15.323797
1120	0	1.1	0	0:01:15.242965
1140	0	0.61	0	0:01:15.285102
1160	0	0.2	0	0:01:15.330429
1180	0	0.668	0	0:01:15.217253
1200	1	0.28	1	0:01:15.281591
1220	0	1.3	0	0:01:15.170950
1240	0	0.165	0	0:01:15.198712
1260	1	0.495	1	0:01:15.269370
1280	0	0.73	0	0:01:15.191423
1300	0	0.997	0	0:01:15.202311
1320	0	0.592	0	0:01:15.154951
1340	1	0.856	1	0:01:15.242130
1360	0	0.0647	0	0:01:15.246679
1380	0	0.828	0	0:01:15.474172
1400	0	1.2	0	0:01:15.451294
1420	0	0.459	0	0:01:15.388016
1440	0	0.411	0	0:01:15.273926
1460	-1	0.0	1	0:01:15.357951
1480	0	0.449	0	0:01:15.334065
1500	1	0.936	1	0:01:15.377338
1520	0	0.181	0	0:01:15.265060
1540	1	0.749	1	0:01:15.222482
1560	1	1.89	1	0:01:15.306023
1580	0	0.614	0	0:01:15.378324
1600	0	0.846	0	0:01:15.603603
1620	0	1.05	0	0:01:15.446814
1640	0	1.0	0	0:01:15.456883
1660	0	1.0	0	0:01:15.480842
1680	0	0.109	0	0:01:15.476594
1700	0	1.07	0	0:01:15.451192
1720	0	0.966	0	0:01:15.280362
1740	1	0.165	1	0:01:15.168143
1760	0	0.0674	0	0:01:15.347896
1780	0	0.397	0	0:01:15.217233
1800	0	1.07	0	0:01:15.248769
1820	-1	0.0	-1	0:01:15.409336
1840	0	1.02	0	0:01:15.449672
1860	1	0.457	1	0:01:15.228697
1880	1	0.648	1	0:01:15.456995
1900	1	1.48	1	0:01:15.262756
1920	1	0.34	1	0:01:15.259247
1940	0	1.37	0	0:01:15.588963
1960	0	0.443	0	0:01:15.599927
1980	1	1.48	1	0:01:15.546089
2000	0	0.429	0	0:01:15.621888
2020	1	1.38	1	0:01:15.417023
2040	1	0.172	1	0:01:15.515652
2060	0	0.693	0	0:01:15.346979
2080	-1	0.0	-1	0:01:15.352383
2100	0	0.213	0	0:01:15.485673
2120	0	0.537	0	0:01:15.556528
2140	1	1.18	1	0:01:15.406598
2160	1	0.276	1	0:01:15.332486
2180	0	0.62	0	0:01:15.368711
2200	0	0.758	0	0:01:15.536990
2220	1	1.39	1	0:01:15.556824
2240	0	0.513	0	0:01:15.403824
2260	0	0.47	0	0:01:15.573445
2280	0	1.28	0	0:01:15.504754
2300	0	1.46	0	0:01:15.470975
2320	0	0.283	0	0:01:15.666535
2340	1	1.44	1	0:01:15.703035
2360	0	0.532	0	0:01:15.493944
2380	1	0.445	1	0:01:15.574850
2400	1	0.591	1	0:01:15.523663
2420	0	0.907	0	0:01:15.602498
2440	0	0.082	0	0:01:15.273870
2460	0	1.13	0	0:01:15.458249
2480	1	0.652	1	0:01:15.361305
2500	0	1.09	0	0:01:15.515928
2520	0	0.181	0	0:01:15.708394
2540	0	1.21	0	0:01:15.581655
2560	0	0.517	0	0:01:15.481190
2580	0	0.715	0	0:01:15.674253
2600	1	0.929	1	0:01:15.462034
2620	0	0.193	0	0:01:15.388196
2640	1	0.571	1	0:01:15.355794
2660	0	1.02	0	0:01:15.340568
2680	1	1.5	1	0:01:15.417106
2700	1	0.243	1	0:01:15.351029
2720	0	0.766	0	0:01:15.388662
2740	0	0.308	0	0:01:15.583393
2760	0	0.406	0	0:01:15.429971
2780	1	1.24	1	0:01:15.906522
2800	0	0.835	0	0:01:15.421743
2820	1	0.433	1	0:01:16.169759
2840	1	1.01	1	0:01:15.328187
2860	0	1.25	0	0:01:15.805644
2880	1	0.697	1	0:01:15.639488
2900	0	1.07	0	0:01:15.519201
2920	0	1.45	0	0:01:15.395877
2940	0	0.105	0	0:01:15.678334
2960	0	0.366	0	0:01:16.556852
2980	1	0.327	1	0:01:16.335469
3000	1	0.634	1	0:01:16.378960
3020	1	0.747	1	0:01:16.686276
3040	1	1.89	1	0:01:16.385372
3060	1	0.368	1	0:01:16.539088
3080	0	0.406	0	0:01:16.436786
3100	1	0.0251	1	0:01:16.899757
3120	0	1.08	0	0:01:18.302670
3140	1	0.316	1	0:01:16.402164
3160	0	0.933	0	0:01:16.617154
3180	0	1.13	0	0:01:16.551247
3200	0	0.304	0	0:01:16.355373
3220	0	0.885	0	0:01:16.650944
3240	0	1.05	0	0:01:16.280988
3260	1	0.467	1	0:01:16.273036
3280	0	0.368	0	0:01:16.672732
3300	0	0.775	0	0:01:16.302323
3320	1	0.242	1	0:01:16.585556
3340	0	0.544	0	0:01:16.490687
3360	0	0.952	0	0:01:16.345631
3380	1	0.702	1	0:01:16.738918
3400	0	0.571	0	0:01:16.724830
3420	0	1.63	0	0:01:16.293154
3440	0	1.33	0	0:01:16.870720
3460	1	0.455	1	0:01:16.578183
3480	1	0.972	1	0:01:16.455097
3500	0	0.061	0	0:01:16.854308
3520	1	1.3	1	0:01:16.407657
3540	1	0.0269	1	0:01:16.537196
3560	0	0.752	0	0:01:16.665666
3580	0	1.18	0	0:01:16.519324
3600	1	0.0867	1	0:01:16.759160
3620	0	0.879	0	0:01:16.811149
3640	0	0.564	0	0:01:16.461900
3660	1	0.388	1	0:01:17.093414
3680	0	1.32	0	0:01:16.461791
3700	0	0.751	0	0:01:16.879494
3720	1	0.681	1	0:01:16.809832
3740	1	0.467	1	0:01:16.615739
3760	1	1.19	1	0:01:16.818815
3780	0	1.43	0	0:01:16.767103
3800	0	0.447	0	0:01:16.591844
3820	0	0.559	0	0:01:17.035486
3840	0	1.1	0	0:01:16.610157
3860	1	1.64	1	0:01:16.583353
3880	0	0.733	0	0:01:17.118051
3900	0	0.335	0	0:01:16.708759
3920	0	0.85	0	0:01:16.528275
3940	0	1.56	0	0:01:16.539612
3960	1	0.23	1	0:01:16.245477
3980	0	0.741	0	0:01:16.777868
4000	0	0.822	0	0:01:16.304060
4020	0	0.43	0	0:01:16.283273
4040	1	1.82	1	0:01:16.937525
4060	0	0.403	0	0:01:16.276876
4080	1	0.45	1	0:01:16.530450
4100	1	1.75	1	0:01:16.647708
4120	1	0.14	1	0:01:16.327217
4140	0	1.38	0	0:01:16.808824
4160	0	1.12	0	0:01:16.329368
4180	0	0.0421	0	0:01:16.365389
4200	0	1.0	0	0:01:16.785650
4220	1	0.501	1	0:01:16.365140
4240	0	0.35	0	0:01:16.802310
4260	1	0.835	1	0:01:16.574071
4280	0	0.393	0	0:01:16.301215
4300	1	0.15	1	0:01:16.541961
4320	0	0.541	0	0:01:16.558285
4340	1	0.632	1	0:01:16.488553
4360	0	0.557	0	0:01:16.912333
4380	0	0.135	0	0:01:16.306583
4400	0	1.26	0	0:01:16.381232
4420	0	0.973	0	0:01:17.038750
4440	0	0.936	0	0:01:16.329092
4460	0	0.141	0	0:01:16.681377
4480	1	0.899	1	0:01:16.524751
4500	0	0.586	0	0:01:16.364523
4520	0	1.02	0	0:01:16.735888
4540	1	0.841	1	0:01:16.367881
4560	1	0.706	1	0:01:16.342656
4580	0	0.613	0	0:01:16.947431
4600	0	1.08	0	0:01:16.338042
4620	0	1.06	0	0:01:16.495465
4640	0	0.818	0	0:01:16.532449
4660	0	0.786	0	0:01:16.265816
4680	1	0.348	1	0:01:16.732154
4700	0	0.829	0	0:01:16.618777
4720	1	0.512	1	0:01:16.544453
4740	0	0.94	0	0:01:16.871311
4760	0	1.17	0	0:01:16.277989
4780	-1	0.0	-1	0:01:16.768503
4800	1	1.84	1	0:01:16.703530
4820	0	0.515	0	0:01:16.321485
4840	1	1.43	1	0:01:16.589284
4860	1	0.137	1	0:01:16.774186
4880	0	0.778	0	0:01:16.316323
4900	0	0.92	0	0:01:16.805460
4920	1	0.981	1	0:01:16.559139
4940	0	0.586	0	0:01:16.381914
4960	0	0.97	0	0:01:17.020212
4980	0	0.246	0	0:01:16.423851
5000	1	1.82	1	0:01:16.709327
5020	1	0.833	1	0:01:16.574875
5040	0	1.1	0	0:01:16.342951
5060	0	0.86	0	0:01:16.567099
5080	1	0.869	1	0:01:16.737440
5100	1	0.0696	1	0:01:16.334899
5120	-1	0.0	0	0:01:16.908131
5140	1	0.588	1	0:01:16.325950
5160	0	0.00428	-1	0:01:16.723703
5180	0	1.13	0	0:01:16.593996
5200	0	0.341	0	0:01:16.354005
5220	0	0.287	0	0:01:16.544846
5240	1	0.0857	1	0:01:16.667354
5260	1	1.23	1	0:01:16.672450
5280	0	0.444	0	0:01:16.947206
5300	1	0.331	1	0:01:16.405498
5320	1	0.459	1	0:01:16.694656
5340	0	0.0971	0	0:01:16.586820
5360	1	0.368	1	0:01:16.383705
5380	1	0.423	1	0:01:16.667910
5400	1	0.59	1	0:01:16.655173
5420	1	0.0923	1	0:01:16.448631
5440	1	1.73	1	0:01:17.095360
5460	1	1.23	1	0:01:16.376744
5480	1	0.0227	1	0:01:16.735278
5500	0	0.143	0	0:01:16.672896
5520	0	0.961	0	0:01:16.499116
5540	0	1.03	0	0:01:16.695401
5560	0	0.943	0	0:01:16.688260
5580	0	0.91	0	0:01:16.360215
5600	0	1.4	0	0:01:16.861313
5620	0	1.43	0	0:01:16.405186
5640	0	1.05	0	0:01:16.469700
5660	0	0.394	0	0:01:16.646817
5680	0	1.34	0	0:01:16.395140
5700	0	1.47	0	0:01:16.629921
5720	1	1.08	1	0:01:16.780612
5740	0	1.25	0	0:01:16.296271
5760	0	0.716	0	0:01:16.552111
5780	1	1.58	1	0:01:16.672718
5800	0	0.53	0	0:01:16.438142
5820	0	1.04	0	0:01:16.903811
5840	0	0.712	0	0:01:16.377769
5860	0	0.244	0	0:01:16.577108
5880	1	1.01	1	0:01:16.689067
5900	0	1.11	0	0:01:16.257085
5920	1	1.89	1	0:01:16.629026
5940	0	1.05	0	0:01:16.618903
5960	0	0.711	0	0:01:16.332672
5980	1	1.23	1	0:01:16.906290
6000	0	0.817	0	0:01:16.310561
6020	0	0.227	0	0:01:16.737182
6040	0	0.793	0	0:01:16.738952
6060	0	1.5	0	0:01:16.247175
6080	1	0.554	1	0:01:16.610821
6100	1	0.506	1	0:01:16.649874
6120	0	0.15	0	0:01:16.402444
6140	1	0.93	1	0:01:16.977032
6160	0	0.561	0	0:01:16.380089
6180	0	0.152	0	0:01:16.732769
6200	0	1.27	0	0:01:16.748320
6220	0	1.02	0	0:01:16.304945
6240	0	0.797	0	0:01:16.523657
6260	0	1.23	0	0:01:16.476156
6280	0	1.04	0	0:01:16.322984
6300	0	0.358	0	0:01:16.579530
6320	0	0.0246	0	0:01:16.654872
6340	0	0.86	0	0:01:16.440015
6360	0	0.866	0	0:01:16.833441
6380	0	1.47	0	0:01:16.386332
6400	0	0.267	0	0:01:16.744415
6420	1	1.04	1	0:01:16.718180
6440	0	1.47	0	0:01:16.292558
6460	0	1.23	0	0:01:16.490710
6480	0	0.102	0	0:01:16.613343
6500	0	1.11	0	0:01:16.262101
6520	0	0.938	0	0:01:16.816460
6540	1	0.297	1	0:01:16.670699
6560	0	0.498	0	0:01:16.298423
6580	0	0.657	0	0:01:16.882634
6600	1	1.39	1	0:01:16.393950
6620	1	0.603	1	0:01:16.700198
6640	0	0.409	0	0:01:16.626522
6660	1	0.53	1	0:01:16.371749
6680	0	1.01	0	0:01:16.798446
6700	0	0.238	0	0:01:16.709249
6720	0	0.68	0	0:01:16.372944
6740	0	0.692	0	0:01:16.831652
6760	1	0.367	1	0:01:16.398130
6780	1	1.1	1	0:01:16.739956
6800	0	0.71	0	0:01:16.806474
6820	1	1.34	1	0:01:16.434739
6840	1	0.871	1	0:01:16.576652
6860	0	0.0779	0	0:01:16.650668
6880	0	0.236	0	0:01:16.353827
6900	0	1.56	0	0:01:16.606626
6920	0	0.86	0	0:01:16.532095
6940	1	1.76	1	0:01:16.639472
6960	0	0.313	0	0:01:16.653455
6980	0	0.786	0	0:01:16.203111
7000	0	0.857	0	0:01:16.762825
7020	1	1.18	1	0:01:16.599721
7040	0	0.993	0	0:01:16.281259
7060	1	0.611	1	0:01:16.643889
7080	0	0.885	0	0:01:16.516883
7100	0	1.8	0	0:01:16.297199
7120	0	0.288	0	0:01:16.887074
7140	0	1.21	0	0:01:16.179090
7160	1	0.0447	1	0:01:16.577153
7180	0	0.0343	0	0:01:16.576784
7200	0	1.09	0	0:01:16.230486
7220	1	0.415	1	0:01:16.565832
7240	0	0.817	0	0:01:16.611094
7260	1	0.0795	1	0:01:16.259375
7280	0	0.233	0	0:01:16.762851
7300	0	0.323	0	0:01:16.388732
7320	1	0.319	1	0:01:16.651567
7340	0	1.07	0	0:01:16.575099
7360	0	1.17	0	0:01:16.264115
7380	0	0.0723	0	0:01:16.821468
7400	0	0.945	0	0:01:16.596502
7420	0	0.808	0	0:01:16.379589
7440	0	1.02	0	0:01:16.742794
7460	1	0.844	1	0:01:16.677050
7480	-1	0.0	-1	0:01:16.313327
7500	1	1.62	1	0:01:16.796402
7520	0	1.27	0	0:01:16.419603
7540	1	0.885	1	0:01:16.685007
7560	0	0.499	0	0:01:16.748668
7580	1	0.837	1	0:01:16.290765
7600	0	0.738	0	0:01:17.390229
7620	0	1.3	0	0:01:16.640423
7640	0	0.571	0	0:01:16.380230
7660	0	1.18	0	0:01:17.404382
7680	0	0.715	0	0:01:16.605990
7700	1	0.258	1	0:01:16.369926
7720	0	1.24	0	0:01:16.831525
7740	0	1.01	0	0:01:16.427683
7760	0	0.441	0	0:01:16.819783
7780	0	0.475	0	0:01:16.656830
7800	1	0.108	1	0:01:16.359588
7820	0	0.837	0	0:01:16.548946
7840	1	1.15	1	0:01:17.093425
7860	0	0.269	0	0:01:16.432847
7880	0	0.475	0	0:01:17.620345
7900	0	0.934	0	0:01:16.292565
7920	0	0.536	0	0:01:17.239336
7940	0	0.929	0	0:01:18.838813
7960	0	0.502	0	0:01:16.423703
7980	0	1.2	0	0:01:16.697640
8000	1	0.454	1	0:01:16.569549
8020	0	1.48	0	0:01:16.427263
8040	1	0.13	1	0:01:16.810409
8060	0	0.179	0	0:01:16.599201
8080	0	1.18	0	0:01:17.394250
8100	0	0.908	0	0:01:16.765212
8120	1	0.162	1	0:01:16.395477
8140	0	1.37	0	0:01:16.623302
8160	1	0.325	1	0:01:16.647056
8180	0	1.32	0	0:01:16.359862
8200	0	1.04	0	0:01:16.577471
8220	0	1.05	0	0:01:16.672785
8240	1	1.51	1	0:01:17.168924
8260	1	1.66	1	0:01:17.638340
8280	0	1.66	0	0:01:17.336070
8300	0	0.988	0	0:01:16.548619
8320	0	1.13	0	0:01:16.568470
8340	0	0.805	0	0:01:16.520750
8360	1	0.989	1	0:01:16.580009
8380	1	0.404	1	0:01:16.613620
8400	0	0.783	0	0:01:16.379870
8420	0	0.412	0	0:01:16.594169
8440	0	0.904	0	0:01:17.395660
8460	1	0.81	1	0:01:16.350496
8480	0	1.24	0	0:01:16.601617
8500	0	0.325	0	0:01:16.685325
8520	0	0.0857	0	0:01:16.675481
8540	0	1.11	0	0:01:17.308295
8560	1	0.522	1	0:01:16.356762
8580	0	1.28	0	0:01:16.569755
8600	0	1.14	0	0:01:16.736130
8620	0	1.44	0	0:01:16.283168
8640	1	0.488	1	0:01:16.631331
8660	1	0.487	1	0:01:16.662779
8680	0	1.14	0	0:01:16.549763
8700	0	0.707	0	0:01:16.455354
8720	1	0.735	1	0:01:16.485471
8740	0	1.02	0	0:01:17.084276
8760	1	1.15	1	0:01:16.565010
8780	0	0.801	0	0:01:16.277483
8800	1	1.3	1	0:01:16.621257
8820	1	1.51	1	0:01:16.519344
8840	0	1.39	0	0:01:16.336499
8860	1	0.319	1	0:01:16.694442
8880	1	0.965	1	0:01:16.725837
8900	0	0.879	0	0:01:16.569050
8920	0	0.0166	-1	0:01:17.879339
8940	1	0.231	1	0:01:16.342828
8960	0	0.029	0	0:01:16.551461
8980	1	1.45	1	0:01:17.683233
9000	1	1.71	1	0:01:16.327252
9020	1	0.573	1	0:01:16.527569
9040	0	0.939	0	0:01:16.468740
9060	1	0.221	1	0:01:16.594865
9080	0	1.1	0	0:01:16.503334
9100	0	0.304	0	0:01:16.618760
9120	0	1.21	0	0:01:16.808263
9140	0	0.827	0	0:01:16.539867
9160	0	0.985	0	0:01:16.538996
9180	1	0.971	1	0:01:16.519846
9200	1	0.784	1	0:01:16.655195
9220	1	1.32	1	0:01:16.402742
9240	0	0.0115	0	0:01:16.629812
9260	0	0.612	0	0:01:16.332690
9280	0	0.762	0	0:01:16.444036
9300	0	1.3	0	0:01:16.350136
9320	1	0.631	1	0:01:16.573640
9340	1	1.89	1	0:01:16.772538
9360	0	0.89	0	0:01:17.587427
9380	0	0.446	0	0:01:16.402264
9400	0	0.083	0	0:01:16.467700
9420	1	0.0295	1	0:01:17.458328
9440	1	1.1	1	0:01:17.273314
9460	0	0.556	0	0:01:17.978644
9480	0	0.722	0	0:01:16.578563
9500	1	0.0998	1	0:01:16.677446
9520	1	0.205	1	0:01:16.559829
9540	0	0.222	0	0:01:16.322474
9560	0	0.328	0	0:01:17.938293
9580	1	0.259	1	0:01:17.753301
9600	1	0.542	1	0:01:16.645351
9620	0	0.0626	0	0:01:16.631353
9640	0	0.861	0	0:01:16.211331
9660	1	1.48	1	0:01:16.512406
9680	1	0.978	1	0:01:17.978973
9700	1	0.118	1	0:01:18.340654
9720	0	0.814	0	0:01:16.593760
9740	0	0.777	0	0:01:16.535790
9760	0	1.05	0	0:01:16.430929
9780	0	0.874	0	0:01:16.475094
9800	1	1.86	1	0:01:16.475408
9820	0	0.283	0	0:01:16.528683
9840	0	0.82	0	0:01:16.529803
9860	0	1.44	0	0:01:16.882615
9880	0	0.301	0	0:01:16.545549
9900	-1	0.0	1	0:01:16.564745
9920	-1	0.0	-1	0:01:16.771908
9940	0	1.12	0	0:01:16.266455
9960	1	0.872	1	0:01:16.505251
9980	1	1.21	1	0:01:16.593407
