idx	mean	std	min	25 percentile	50 percentile	75 percentile	max
0	0.5327	0.1058	0.209	0.4561	0.5353	0.6106	0.8427
20	0.4762	0.2365	0.01185	0.2732	0.5063	0.6678	0.9537
40	0.4043	0.2029	0.01526	0.2288	0.4168	0.5741	0.8662
60	0.08819	0.09532	0.001081	0.02345	0.0532	0.1171	0.6243
80	0.143	0.1049	0.007235	0.06602	0.115	0.1939	0.6576
100	0.6753	0.08904	0.23	0.625	0.6915	0.7352	0.895
120	0.3462	0.1207	0.04279	0.2686	0.3466	0.4265	0.679
140	0.4775	0.1936	0.03989	0.3291	0.5021	0.6356	0.8739
160	0.43	0.1254	0.05726	0.3444	0.4294	0.5231	0.7383
180	0.3833	0.1344	0.07134	0.2882	0.3787	0.4784	0.8075
200	0.4753	0.06539	0.09022	0.4386	0.4846	0.5202	0.694
220	0.06556	0.07913	0.0005216	0.01523	0.03516	0.08512	0.5085
240	0.006582	0.01761	8.34e-05	0.001	0.002386	0.006397	0.3253
260	0.5178	0.17	0.01601	0.4415	0.5697	0.6341	0.8183
280	0.2092	0.155	0.003608	0.08137	0.1684	0.3051	0.7088
300	0.3443	0.2129	0.005515	0.1538	0.3152	0.5271	0.8311
320	0.5187	0.09883	0.2075	0.4595	0.5241	0.5933	0.7325
340	0.6042	0.1026	0.0937	0.5505	0.6244	0.6758	0.8468
360	0.5057	0.2429	0.009021	0.2825	0.5632	0.7159	0.9347
380	0.5755	0.1545	0.1342	0.4813	0.5969	0.6853	0.9266
400	0.1118	0.09904	0.001786	0.04281	0.07988	0.1532	0.6359
420	0.4531	0.1774	0.03627	0.3156	0.4597	0.5889	0.8967
440	0.1656	0.1009	0.002124	0.07218	0.1603	0.2641	0.3975
460	0.2487	0.1297	0.02581	0.1433	0.2259	0.3365	0.6935
480	0.368	0.1588	0.02872	0.241	0.3693	0.4834	0.7897
500	0.6518	0.154	0.1536	0.5554	0.6844	0.7642	0.9462
520	0.4322	0.1021	0.1114	0.3646	0.4265	0.4995	0.7518
540	0.1769	0.1354	0.001019	0.05763	0.1416	0.2861	0.5758
560	0.05496	0.06328	0.001526	0.01511	0.03171	0.07088	0.402
580	0.5226	0.1077	0.1441	0.4537	0.5306	0.5969	0.8254
600	0.2164	0.1502	0.01323	0.09991	0.1809	0.291	0.7969
620	0.5355	0.1826	0.02909	0.4128	0.5721	0.6834	0.8758
640	0.386	0.0884	0.1605	0.3284	0.382	0.4438	0.6871
660	0.2517	0.1446	0.01597	0.1395	0.2336	0.3471	0.779
680	0.6511	0.1418	0.1365	0.5619	0.6725	0.7577	0.926
700	0.2916	0.2368	0.007069	0.09116	0.2211	0.4619	0.8919
720	0.6606	0.1488	0.08201	0.5812	0.691	0.7713	0.9426
740	0.4647	0.09325	0.1468	0.4008	0.46	0.5335	0.704
760	0.4985	0.139	0.0917	0.4079	0.5185	0.5984	0.8073
780	0.2365	0.1086	0.007054	0.1514	0.2579	0.3087	0.7305
800	0.005037	0.0118	3.252e-05	0.0005606	0.001453	0.004158	0.1304
820	0.7294	0.09972	0.3396	0.6779	0.7434	0.8028	0.9294
840	0.007647	0.02095	1.642e-05	0.0007431	0.00193	0.006013	0.2368
860	0.4528	0.1017	0.1049	0.3909	0.4618	0.5253	0.7436
880	0.06498	0.06989	0.00151	0.01959	0.03873	0.08353	0.3971
900	0.5886	0.08249	0.2886	0.5437	0.5991	0.6466	0.8236
920	0.5848	0.1369	0.08625	0.5147	0.6064	0.6828	0.9216
940	0.05754	0.05798	0.001624	0.01718	0.03612	0.07526	0.3003
960	0.292	0.182	0.005862	0.1461	0.2593	0.4102	0.8605
980	0.5107	0.1142	0.06829	0.4581	0.5316	0.586	0.7877
1000	0.1343	0.09562	0.00729	0.06363	0.1081	0.1783	0.5579
1020	0.05861	0.0644	0.0006641	0.0163	0.03499	0.07679	0.4861
1040	0.311	0.1096	0.04212	0.2322	0.3182	0.3943	0.6268
1060	0.06243	0.09131	0.0003318	0.01095	0.02712	0.06992	0.6651
1080	0.4711	0.1717	0.06319	0.3479	0.483	0.6042	0.8373
1100	0.5928	0.1196	0.1535	0.5265	0.6118	0.6766	0.8578
1120	0.6135	0.1086	0.1411	0.5519	0.6365	0.6894	0.8764
1140	0.5236	0.1548	0.04159	0.4174	0.5541	0.6396	0.8794
1160	0.3465	0.15	0.005083	0.256	0.3452	0.4444	0.7974
1180	0.4535	0.1085	0.1386	0.3748	0.4555	0.5302	0.7769
1200	0.2146	0.1183	0.003846	0.1155	0.2194	0.304	0.637
1220	0.7398	0.1141	0.2174	0.6804	0.7609	0.8187	0.9528
1240	0.3629	0.1433	0.03726	0.2567	0.3628	0.4671	0.7448
1260	0.2118	0.08394	0.009557	0.1427	0.2222	0.2866	0.4931
1280	0.4509	0.09203	0.1095	0.3932	0.4642	0.5143	0.7099
1300	0.6374	0.1443	0.213	0.5378	0.6639	0.7527	0.8959
1320	0.4521	0.1145	0.0179	0.3925	0.4778	0.5342	0.6671
1340	0.09158	0.09789	0.001659	0.02351	0.05382	0.1208	0.5486
1360	0.3593	0.1771	0.0202	0.2107	0.3493	0.4958	0.8104
1380	0.6	0.1277	0.11	0.531	0.628	0.6947	0.8572
1400	0.5852	0.09002	0.08916	0.5354	0.6025	0.6477	0.7778
1420	0.4378	0.1439	0.04129	0.3436	0.4396	0.5497	0.7767
1440	0.4188	0.1433	0.04361	0.3297	0.4136	0.5109	0.8163
1460	0.3011	0.1711	0.01078	0.1678	0.2695	0.4251	0.8924
1480	0.5037	0.1892	0.02849	0.3683	0.5291	0.6607	0.8516
1500	0.1073	0.0866	0.001625	0.03788	0.07955	0.1585	0.389
1520	0.3969	0.1724	0.04209	0.262	0.3954	0.5213	0.8393
1540	0.1088	0.1052	0.003353	0.03551	0.07595	0.1404	0.65
1560	0.0005543	0.0009814	1.87e-05	0.000147	0.0002836	0.0005571	0.01741
1580	0.6079	0.1885	0.02612	0.4906	0.669	0.7539	0.9218
1600	0.6498	0.1774	0.0438	0.5382	0.6822	0.7878	0.9671
1620	0.6724	0.1348	0.1276	0.6037	0.6983	0.7697	0.9179
1640	0.5559	0.1196	0.2056	0.4725	0.5734	0.6486	0.815
1660	0.5579	0.1215	0.1735	0.4824	0.5675	0.645	0.9168
1680	0.3388	0.1697	0.01364	0.1971	0.333	0.4811	0.7232
1700	0.5633	0.09343	0.2057	0.5145	0.5761	0.6288	0.7643
1720	0.5642	0.108	0.1288	0.5162	0.5879	0.6346	0.7826
1740	0.2484	0.103	0.01054	0.1665	0.2643	0.3243	0.5233
1760	0.328	0.1713	0.01553	0.1901	0.3271	0.4427	0.843
1780	0.4514	0.1596	0.03345	0.3336	0.4561	0.5708	0.8612
1800	0.6288	0.1191	0.08906	0.564	0.633	0.7081	0.9146
1820	0.2987	0.1654	0.008302	0.168	0.2985	0.407	0.8581
1840	0.7583	0.1489	0.0756	0.696	0.8044	0.8638	0.9648
1860	0.1681	0.1448	0.004357	0.05837	0.1233	0.2363	0.7375
1880	0.1049	0.1212	0.0005126	0.01728	0.05663	0.1463	0.6204
1900	0.01612	0.03058	0.0003626	0.003259	0.006741	0.0155	0.3086
1920	0.2105	0.1461	0.005231	0.09341	0.1733	0.2966	0.705
1940	0.5795	0.08213	0.2604	0.5259	0.5808	0.6402	0.7961
1960	0.4069	0.1222	0.08372	0.3293	0.4085	0.4902	0.7804
1980	0.03024	0.04317	0.0003115	0.007507	0.01619	0.03319	0.4226
2000	0.4359	0.1529	0.03399	0.3305	0.4446	0.5428	0.8681
2020	0.03604	0.04512	0.0007923	0.00914	0.02068	0.04432	0.301
2040	0.2388	0.1274	0.008855	0.1302	0.2369	0.335	0.5911
2060	0.4351	0.09245	0.1296	0.3768	0.4346	0.4988	0.6908
2080	0.2912	0.1249	0.009699	0.2051	0.2977	0.3763	0.9052
2100	0.3594	0.1408	0.04096	0.2563	0.3719	0.4577	0.7608
2120	0.5608	0.203	0.01963	0.4214	0.6023	0.7278	0.9338
2140	0.04715	0.06176	0.0002788	0.008396	0.02379	0.05669	0.355
2160	0.2186	0.1046	0.002852	0.1281	0.2339	0.3063	0.539
2180	0.4588	0.1198	0.1449	0.372	0.4553	0.5443	0.8265
2200	0.5017	0.12	0.1051	0.4257	0.5043	0.5895	0.779
2220	0.02594	0.03857	0.0001299	0.005878	0.01279	0.02872	0.3792
2240	0.4403	0.1273	0.06688	0.3549	0.4439	0.5262	0.8458
2260	0.4823	0.1623	0.04859	0.3682	0.4859	0.6052	0.9229
2280	0.7398	0.1039	0.2049	0.6994	0.7608	0.8108	0.9376
2300	0.6857	0.08761	0.1828	0.64	0.6875	0.7386	0.8982
2320	0.4262	0.1843	0.01981	0.2715	0.442	0.5738	0.8272
2340	0.01169	0.02837	6.612e-05	0.001569	0.004124	0.01132	0.4129
2360	0.4925	0.1536	0.04085	0.4052	0.5112	0.6061	0.8346
2380	0.1712	0.1434	0.003336	0.05803	0.1241	0.2474	0.6897
2400	0.1364	0.1036	0.004851	0.04914	0.1077	0.209	0.4573
2420	0.6729	0.1638	0.07979	0.5725	0.7194	0.7946	0.9413
2440	0.3724	0.2226	0.008969	0.1717	0.3574	0.5515	0.8699
2460	0.7002	0.1208	0.1919	0.6367	0.7217	0.7871	0.9136
2480	0.1137	0.1163	0.002495	0.03506	0.07359	0.1501	0.8226
2500	0.5181	0.08172	0.2049	0.4755	0.5223	0.5634	0.7925
2520	0.3987	0.2097	0.007902	0.2215	0.4	0.5658	0.874
2540	0.544	0.08921	0.2398	0.4805	0.5534	0.6137	0.7348
2560	0.5545	0.2039	0.03099	0.4209	0.5985	0.7126	0.9665
2580	0.5142	0.1316	0.07777	0.4403	0.5314	0.6067	0.8364
2600	0.0745	0.08301	0.002246	0.02151	0.04471	0.09647	0.6566
2620	0.4262	0.2509	0.005086	0.2104	0.403	0.6193	0.945
2640	0.1424	0.1187	0.003264	0.05336	0.103	0.1943	0.6795
2660	0.5788	0.1065	0.1163	0.5295	0.6045	0.6528	0.752
2680	0.03739	0.03519	0.002513	0.0154	0.0255	0.04671	0.2691
2700	0.2386	0.1188	0.009318	0.1433	0.2456	0.3118	0.8073
2720	0.5537	0.1553	0.1206	0.4449	0.566	0.6701	0.9558
2740	0.4668	0.2241	0.01783	0.2849	0.4543	0.652	0.9358
2760	0.4181	0.1324	0.05859	0.3208	0.4257	0.5125	0.8084
2780	0.02431	0.03691	0.0002359	0.00418	0.01075	0.02868	0.4188
2800	0.5316	0.1202	0.09202	0.4619	0.5496	0.6204	0.8509
2820	0.1777	0.148	0.003728	0.05948	0.137	0.2518	0.8115
2840	0.1788	0.04841	0.07409	0.1432	0.1727	0.2067	0.4155
2860	0.6833	0.09984	0.143	0.6371	0.6991	0.7493	0.9124
2880	0.1685	0.08884	0.02146	0.09831	0.1512	0.2197	0.5486
2900	0.5761	0.09609	0.1292	0.5299	0.5942	0.6426	0.7833
2920	0.5995	0.08556	0.3019	0.5436	0.6012	0.6645	0.8147
2940	0.346	0.1456	0.04227	0.2348	0.3426	0.4651	0.7445
2960	0.4349	0.1736	0.04691	0.3005	0.4339	0.5646	0.8366
2980	0.2068	0.131	0.004916	0.09714	0.1929	0.3009	0.8535
3000	0.1536	0.1015	0.006441	0.07535	0.1279	0.2078	0.5601
3020	0.09649	0.103	0.001038	0.02293	0.05335	0.1374	0.7202
3040	0.000274	0.0008563	2.495e-06	3.995e-05	9.249e-05	0.0002238	0.0155
3060	0.1921	0.1601	0.00189	0.05711	0.1434	0.2956	0.73
3080	0.4955	0.2042	0.01815	0.3411	0.5192	0.6652	0.8918
3100	0.3006	0.09712	0.05702	0.2319	0.2974	0.3638	0.6252
3120	0.5837	0.09824	0.1765	0.5353	0.5919	0.6465	0.875
3140	0.1892	0.141	0.005805	0.07213	0.1496	0.2898	0.6854
3160	0.521	0.1057	0.09794	0.4551	0.5346	0.5963	0.8105
3180	0.6624	0.1176	0.1621	0.5948	0.6805	0.7449	0.9216
3200	0.3795	0.1535	0.004239	0.2921	0.3759	0.4727	0.8555
3220	0.6129	0.1237	0.104	0.5608	0.6386	0.6987	0.8528
3240	0.745	0.1382	0.1396	0.6792	0.7789	0.847	0.9576
3260	0.1572	0.146	0.0008979	0.04753	0.1061	0.2188	0.773
3280	0.407	0.1408	0.05048	0.317	0.4128	0.5041	0.8176
3300	0.5769	0.1503	0.03198	0.4883	0.6051	0.6887	0.8714
3320	0.2448	0.1802	0.006804	0.1023	0.1975	0.3531	0.8402
3340	0.5175	0.1715	0.0423	0.406	0.5593	0.6508	0.837
3360	0.5596	0.1073	0.08519	0.5079	0.5791	0.6264	0.9045
3380	0.09885	0.1112	0.001809	0.02597	0.05661	0.1295	0.6851
3400	0.5398	0.1929	0.03477	0.3913	0.5595	0.6862	0.9023
3420	0.6681	0.08218	0.2867	0.6174	0.6733	0.7247	0.9049
3440	0.6672	0.1012	0.2407	0.6084	0.6731	0.7382	0.9407
3460	0.1731	0.1344	0.001402	0.0612	0.1419	0.2718	0.8908
3480	0.1246	0.06779	0.01337	0.07431	0.1117	0.1602	0.3956
3500	0.334	0.1883	0.007668	0.1883	0.3222	0.4401	0.9114
3520	0.02272	0.04392	4.921e-05	0.002421	0.006529	0.02149	0.3579
3540	0.299	0.1823	0.007341	0.1433	0.2728	0.436	0.7814
3560	0.5374	0.1421	0.07661	0.4508	0.5453	0.6374	0.8815
3580	0.6621	0.1287	0.1747	0.5805	0.672	0.7585	0.9347
3600	0.291	0.1861	0.007776	0.1392	0.2529	0.4217	0.8232
3620	0.629	0.1419	0.05642	0.5632	0.666	0.7343	0.8339
3640	0.497	0.1571	0.06322	0.3876	0.5369	0.6229	0.7859
3660	0.1842	0.1176	0.001161	0.07915	0.1746	0.2872	0.5808
3680	0.7262	0.11	0.165	0.687	0.7554	0.7972	0.9066
3700	0.4263	0.08242	0.1861	0.3696	0.4205	0.4805	0.6601
3720	0.1146	0.114	0.003592	0.03408	0.07661	0.1512	0.6298
3740	0.1648	0.1188	0.005969	0.06506	0.1391	0.2494	0.5831
3760	0.07245	0.06769	0.0006802	0.02299	0.04876	0.1014	0.3104
3780	0.6363	0.07775	0.2703	0.5954	0.6491	0.6895	0.8257
3800	0.4958	0.1887	0.05065	0.3507	0.4973	0.654	0.8835
3820	0.4507	0.1379	0.02702	0.3646	0.4516	0.5486	0.8017
3840	0.5403	0.0958	0.2372	0.4818	0.5478	0.6103	0.7648
3860	0.005417	0.008134	7.736e-05	0.001225	0.002785	0.006027	0.08445
3880	0.5625	0.1445	0.0199	0.4821	0.5987	0.6729	0.8527
3900	0.3921	0.1232	0.1218	0.3048	0.3846	0.4674	0.7794
3920	0.6267	0.1502	0.1136	0.5299	0.654	0.7451	0.947
3940	0.735	0.08537	0.3227	0.6949	0.7467	0.7898	0.9318
3960	0.2492	0.1237	0.01272	0.1482	0.2402	0.3383	0.6529
3980	0.5724	0.1626	0.04594	0.465	0.5859	0.6923	0.8957
4000	0.6019	0.1479	0.03793	0.5211	0.625	0.7134	0.8633
4020	0.423	0.127	0.0857	0.3366	0.4387	0.5188	0.7688
4040	0.007786	0.01098	0.0003347	0.00225	0.004066	0.008382	0.1062
4060	0.4205	0.1386	0.02465	0.3497	0.4644	0.5138	0.7139
4080	0.1688	0.1272	0.002916	0.06542	0.134	0.2566	0.6536
4100	0.00315	0.008706	4.275e-05	0.0006257	0.001263	0.002762	0.1918
4120	0.2605	0.1367	0.009645	0.1511	0.2465	0.3627	0.7723
4140	0.5122	0.08074	0.2329	0.456	0.5096	0.569	0.7072
4160	0.5488	0.08297	0.1683	0.4987	0.5601	0.6072	0.7395
4180	0.2977	0.1138	0.03122	0.225	0.3065	0.3623	0.8029
4200	0.4881	0.08859	0.1553	0.4314	0.4871	0.551	0.7425
4220	0.1763	0.1172	0.01801	0.08718	0.1432	0.2381	0.6375
4240	0.4171	0.1479	0.0646	0.3142	0.4248	0.5356	0.7313
4260	0.08305	0.09625	0.0008393	0.01895	0.04446	0.1114	0.4614
4280	0.4059	0.1358	0.02953	0.3176	0.4332	0.5082	0.6544
4300	0.2776	0.1549	0.02062	0.1509	0.2542	0.3778	0.8883
4320	0.4526	0.1377	0.008847	0.3796	0.4871	0.5516	0.7816
4340	0.1383	0.1091	0.002285	0.04865	0.1077	0.2047	0.614
4360	0.4667	0.1349	0.07763	0.3853	0.4902	0.575	0.7031
4380	0.3554	0.1631	0.01123	0.2327	0.3637	0.4789	0.7212
4400	0.7094	0.1096	0.2	0.6576	0.7272	0.779	0.9347
4420	0.6178	0.1512	0.1145	0.5129	0.6265	0.7248	0.9507
4440	0.6455	0.1239	0.1563	0.5942	0.6733	0.7362	0.8519
4460	0.3694	0.1976	0.01295	0.2102	0.3697	0.5193	0.8408
4480	0.06272	0.08819	0.0005851	0.01315	0.03117	0.07325	0.7422
4500	0.414	0.1008	0.125	0.3474	0.4118	0.4793	0.7514
4520	0.5667	0.09759	0.1538	0.5124	0.5767	0.6319	0.8536
4540	0.1071	0.08791	0.005563	0.04613	0.08401	0.1352	0.6272
4560	0.09657	0.1039	0.0005764	0.02246	0.05659	0.1323	0.627
4580	0.4843	0.1425	0.04196	0.408	0.4966	0.5893	0.8136
4600	0.5544	0.1037	0.2197	0.4866	0.5648	0.6377	0.7858
4620	0.5372	0.09205	0.1996	0.4818	0.5478	0.5996	0.8362
4640	0.5311	0.1138	0.1272	0.4659	0.5553	0.6168	0.8118
4660	0.5974	0.1511	0.04998	0.5137	0.623	0.7085	0.9295
4680	0.2246	0.09538	0.01247	0.1488	0.2399	0.2973	0.6258
4700	0.6807	0.1742	0.02954	0.5981	0.7163	0.808	0.9588
4720	0.2174	0.08155	0.01349	0.1563	0.2448	0.2875	0.3679
4740	0.5242	0.1047	0.2054	0.4546	0.534	0.6009	0.7524
4760	0.6941	0.1149	0.1559	0.6388	0.7146	0.7729	0.936
4780	0.3136	0.1693	0.01092	0.1766	0.2969	0.4202	0.8253
4800	0.000963	0.003085	2.176e-05	0.0001808	0.0003622	0.0008268	0.07099
4820	0.4437	0.1315	0.1231	0.3501	0.448	0.5364	0.8067
4840	0.02616	0.02859	0.003078	0.01071	0.01752	0.03047	0.2989
4860	0.2605	0.1471	0.01539	0.139	0.2472	0.3718	0.7335
4880	0.5504	0.157	0.0563	0.4595	0.562	0.6703	0.9066
4900	0.5618	0.1122	0.05927	0.5104	0.5766	0.6343	0.799
4920	0.08539	0.07993	0.001933	0.03083	0.05977	0.1108	0.5095
4940	0.4736	0.1368	0.02303	0.3915	0.5032	0.5684	0.7595
4960	0.5574	0.1062	0.1067	0.4995	0.5717	0.6325	0.8358
4980	0.3748	0.1401	0.03588	0.2702	0.3638	0.4675	0.7776
5000	0.003392	0.005347	8.603e-05	0.0008834	0.001717	0.003683	0.05562
5020	0.1109	0.09236	0.005393	0.04491	0.08116	0.148	0.5353
5040	0.5692	0.09184	0.205	0.5154	0.5805	0.6354	0.7713
5060	0.6337	0.1506	0.098	0.5632	0.6681	0.7371	0.9692
5080	0.0786	0.08657	0.001098	0.02327	0.04773	0.1025	0.6667
5100	0.2988	0.1139	0.07203	0.2158	0.2864	0.3675	0.8056
5120	0.3407	0.1826	0.005281	0.1914	0.3391	0.4782	0.7861
5140	0.1428	0.1155	0.003143	0.04895	0.1077	0.2172	0.6028
5160	0.2922	0.1475	0.005555	0.1617	0.2973	0.4093	0.6289
5180	0.7402	0.1321	0.184	0.6774	0.7691	0.833	0.946
5200	0.3568	0.07946	0.1643	0.2995	0.354	0.4121	0.6852
5220	0.4179	0.1791	0.03223	0.2766	0.4167	0.5414	0.806
5240	0.2809	0.1163	0.008405	0.2145	0.2845	0.3321	0.8232
5260	0.05131	0.0487	0.002013	0.02002	0.03568	0.06423	0.4014
5280	0.4492	0.1522	0.03806	0.338	0.4563	0.5724	0.8082
5300	0.2249	0.1082	0.01857	0.1433	0.2275	0.3036	0.7492
5320	0.1694	0.1455	0.005739	0.05494	0.1209	0.2438	0.6679
5340	0.3358	0.1402	0.05517	0.2186	0.3244	0.4378	0.734
5360	0.2188	0.1331	0.007528	0.1201	0.1924	0.2841	0.694
5380	0.2035	0.09785	0.01053	0.1225	0.207	0.2858	0.5184
5400	0.1406	0.1136	0.002559	0.05403	0.1069	0.2034	0.6873
5420	0.2663	0.1418	0.008065	0.1434	0.2649	0.3896	0.5778
5440	0.00923	0.01311	0.0001566	0.002417	0.005106	0.01037	0.1226
5460	0.03153	0.04164	0.0002776	0.006851	0.01618	0.03848	0.3675
5480	0.3446	0.2479	0.001678	0.1234	0.2958	0.5412	0.9462
5500	0.3513	0.156	0.0173	0.2279	0.3579	0.4595	0.8081
5520	0.5411	0.1042	0.1154	0.4804	0.5538	0.6205	0.7704
5540	0.656	0.1194	0.06729	0.6015	0.677	0.7329	0.9042
5560	0.5172	0.09026	0.1092	0.4758	0.53	0.5771	0.796
5580	0.5005	0.08963	0.1296	0.4505	0.5125	0.5626	0.6835
5600	0.8255	0.1069	0.2902	0.7775	0.849	0.9008	0.9805
5620	0.5372	0.08306	0.2573	0.4658	0.5407	0.6084	0.7231
5640	0.5666	0.1068	0.158	0.5012	0.577	0.6427	0.8256
5660	0.4373	0.1577	0.05084	0.3273	0.445	0.5444	0.897
5680	0.6758	0.1078	0.04911	0.6097	0.6883	0.7508	0.9048
5700	0.588	0.1062	0.3293	0.5068	0.5881	0.6683	0.9074
5720	0.03771	0.0611	0.0003341	0.006917	0.01668	0.04123	0.6342
5740	0.4864	0.09122	0.2931	0.4156	0.4802	0.5683	0.7621
5760	0.4867	0.1251	0.09486	0.4039	0.5011	0.5748	0.7907
5780	0.01596	0.02666	0.0001746	0.003222	0.007029	0.01723	0.4085
5800	0.4207	0.1128	0.06562	0.3526	0.4257	0.4978	0.7576
5820	0.5887	0.115	0.15	0.5277	0.6073	0.6699	0.8513
5840	0.5795	0.1642	0.03645	0.4865	0.6068	0.6997	0.9135
5860	0.3542	0.1333	0.01377	0.2581	0.3715	0.4523	0.7552
5880	0.06344	0.07288	0.0006086	0.0148	0.03509	0.08057	0.4305
5900	0.6979	0.1089	0.1191	0.6569	0.7153	0.7643	0.9268
5920	0.0009726	0.001968	4.62e-05	0.0003062	0.0005552	0.001026	0.04078
5940	0.6022	0.1102	0.1993	0.5342	0.6155	0.6834	0.8329
5960	0.5402	0.1581	0.04886	0.4564	0.5739	0.6596	0.8863
5980	0.02441	0.04996	0.0003068	0.00356	0.008515	0.02287	0.6364
6000	0.5672	0.1422	0.1265	0.4832	0.575	0.6664	0.9131
6020	0.4256	0.1988	0.03481	0.265	0.433	0.5823	0.8796
6040	0.4815	0.1166	0.07831	0.4096	0.4852	0.5592	0.806
6060	0.6782	0.08837	0.1911	0.6284	0.6852	0.7353	0.8809
6080	0.1666	0.1058	0.002732	0.07364	0.1543	0.2557	0.5266
6100	0.1649	0.1441	0.003292	0.05979	0.1179	0.2213	0.9034
6120	0.3523	0.1347	0.02372	0.2562	0.355	0.456	0.6946
6140	0.1009	0.08725	0.001513	0.03502	0.0723	0.1419	0.596
6160	0.5051	0.1577	0.02812	0.4103	0.514	0.6205	0.8904
6180	0.3652	0.1594	0.05357	0.2464	0.3599	0.4706	0.8309
6200	0.6261	0.1178	0.1274	0.5512	0.6386	0.7138	0.8667
6220	0.5983	0.1118	0.2023	0.5315	0.6168	0.6803	0.8404
6240	0.5704	0.1533	0.06498	0.4735	0.5893	0.6841	0.8904
6260	0.7605	0.1309	0.1401	0.699	0.7929	0.8543	0.9683
6280	0.6891	0.1433	0.1207	0.6029	0.7191	0.7983	0.9228
6300	0.5229	0.2594	0.01278	0.293	0.5555	0.7507	0.9502
6320	0.3133	0.1599	0.02183	0.1837	0.3088	0.4335	0.8191
6340	0.513	0.1131	0.1838	0.4345	0.5239	0.5943	0.8565
6360	0.5396	0.1192	0.1162	0.4695	0.5641	0.6212	0.8136
6380	0.7992	0.09898	0.2018	0.7564	0.8143	0.8665	0.9712
6400	0.3736	0.1361	0.0146	0.2862	0.3965	0.473	0.7763
6420	0.06446	0.0709	0.001853	0.02124	0.03884	0.08164	0.5134
6440	0.8336	0.09812	0.3265	0.7945	0.8568	0.9001	0.9799
6460	0.6795	0.1206	0.1044	0.606	0.6937	0.7678	0.9362
6480	0.3539	0.1756	0.02339	0.1991	0.3472	0.4951	0.7561
6500	0.7038	0.1287	0.1951	0.6403	0.7309	0.7944	0.9433
6520	0.466	0.06893	0.1338	0.4372	0.4777	0.5059	0.7116
6540	0.2131	0.1821	0.003205	0.06473	0.1616	0.3219	0.8866
6560	0.4971	0.1822	0.02198	0.3665	0.5381	0.6494	0.7854
6580	0.5675	0.176	0.03973	0.4488	0.5948	0.7065	0.908
6600	0.03357	0.04047	0.000223	0.00861	0.0193	0.04178	0.3053
6620	0.1299	0.1203	0.003298	0.04126	0.08757	0.1805	0.6078
6640	0.4132	0.121	0.1059	0.3138	0.4211	0.5064	0.692
6660	0.1731	0.109	0.01006	0.08262	0.1528	0.2489	0.5599
6680	0.475	0.09172	0.2169	0.4144	0.4682	0.5328	0.8291
6700	0.4128	0.1929	0.006837	0.2675	0.4181	0.5473	0.9075
6720	0.4433	0.09467	0.08753	0.3926	0.4578	0.5093	0.6923
6740	0.4441	0.0976	0.1315	0.3827	0.4486	0.512	0.7321
6760	0.2248	0.09875	0.02928	0.1512	0.216	0.2895	0.5792
6780	0.04669	0.06105	0.0005066	0.01099	0.02545	0.05643	0.4876
6800	0.4918	0.119	0.04736	0.4397	0.5206	0.5716	0.747
6820	0.01468	0.03616	2.536e-05	0.001437	0.004226	0.01309	0.4595
6840	0.1535	0.09268	0.004095	0.06892	0.1444	0.2379	0.3238
6860	0.3068	0.1009	0.04131	0.2379	0.3153	0.383	0.5093
6880	0.3702	0.1323	0.06563	0.2806	0.361	0.4564	0.7691
6900	0.7242	0.1106	0.2123	0.6579	0.7352	0.8028	0.9796
6920	0.4323	0.07151	0.1709	0.3871	0.433	0.4789	0.6457
6940	0.002913	0.005449	3.668e-05	0.0005006	0.001121	0.002797	0.05668
6960	0.3993	0.16	0.01497	0.2886	0.4112	0.5096	0.8199
6980	0.5123	0.116	0.07713	0.4495	0.5299	0.5921	0.8306
7000	0.5613	0.1419	0.09775	0.4722	0.567	0.6602	0.8921
7020	0.02949	0.0457	0.0002001	0.005757	0.01384	0.03428	0.5011
7040	0.7211	0.1626	0.09029	0.644	0.7625	0.8412	0.9595
7060	0.1659	0.09662	0.007301	0.07905	0.1551	0.2495	0.5043
7080	0.632	0.1528	0.1058	0.5434	0.6594	0.7446	0.9553
7100	0.6978	0.08567	0.4	0.6429	0.7061	0.7638	0.9226
7120	0.3386	0.07572	0.08048	0.2892	0.349	0.3911	0.5409
7140	0.6705	0.1152	0.1987	0.606	0.6913	0.7615	0.8804
7160	0.3119	0.1539	0.02941	0.1929	0.2915	0.4229	0.8371
7180	0.3143	0.1616	0.005014	0.1814	0.3205	0.4513	0.7104
7200	0.6011	0.08495	0.1522	0.5648	0.6193	0.6555	0.852
7220	0.1777	0.1645	0.004138	0.0591	0.1199	0.244	0.8805
7240	0.5245	0.134	0.08358	0.4328	0.5281	0.6164	0.9022
7260	0.2651	0.1771	0.002393	0.09877	0.2546	0.4036	0.7412
7280	0.4013	0.1797	0.03824	0.2644	0.3753	0.5232	0.9307
7300	0.3989	0.1508	0.0459	0.2844	0.4198	0.5125	0.8603
7320	0.21	0.1081	0.005765	0.1186	0.2149	0.3026	0.5058
7340	0.6158	0.1198	0.1824	0.5411	0.63	0.7049	0.9136
7360	0.6166	0.09031	0.157	0.5747	0.639	0.6803	0.8527
7380	0.3432	0.1846	0.01751	0.1957	0.3149	0.4829	0.8584
7400	0.4634	0.09106	0.1877	0.3971	0.4629	0.528	0.7321
7420	0.5751	0.1406	0.09092	0.4962	0.6037	0.6826	0.8198
7440	0.5518	0.1059	0.2027	0.4861	0.5653	0.6283	0.8547
7460	0.1181	0.07969	0.003938	0.05719	0.09667	0.1622	0.396
7480	0.3071	0.1821	0.005543	0.1535	0.2882	0.4309	0.8544
7500	0.009668	0.01673	0.000261	0.002197	0.004577	0.009703	0.251
7520	0.5774	0.0941	0.09698	0.517	0.582	0.6452	0.865
7540	0.1014	0.08524	0.002309	0.03966	0.07389	0.1379	0.463
7560	0.5326	0.2066	0.03811	0.3811	0.5414	0.7052	0.9187
7580	0.09347	0.08341	0.002664	0.03393	0.06565	0.1265	0.4911
7600	0.6248	0.1914	0.0615	0.5077	0.6667	0.7741	0.933
7620	0.6375	0.0978	0.2648	0.578	0.6427	0.7102	0.8559
7640	0.5024	0.1666	0.03095	0.3931	0.5068	0.6147	0.9367
7660	0.7225	0.1305	0.1874	0.6614	0.7513	0.8184	0.9376
7680	0.5378	0.1355	0.01257	0.4927	0.567	0.6237	0.802
7700	0.2253	0.1703	0.003103	0.08848	0.1812	0.3307	0.7851
7720	0.6512	0.09539	0.1374	0.5985	0.6694	0.7196	0.8493
7740	0.5372	0.09435	0.1916	0.4753	0.5406	0.6061	0.7603
7760	0.5178	0.2003	0.02216	0.383	0.5607	0.6707	0.9073
7780	0.4076	0.1165	0.05452	0.3458	0.4231	0.4802	0.885
7800	0.2833	0.1193	0.02198	0.1913	0.2762	0.3641	0.6907
7820	0.5584	0.142	0.08838	0.4621	0.577	0.6691	0.8395
7840	0.04219	0.05712	0.000525	0.009737	0.02308	0.04897	0.5375
7860	0.4608	0.2316	0.008471	0.2787	0.4577	0.645	0.947
7880	0.4188	0.1088	0.05247	0.359	0.4327	0.4934	0.7369
7900	0.6379	0.149	0.09649	0.5568	0.6652	0.7461	0.908
7920	0.5682	0.2202	0.02134	0.3998	0.6028	0.7443	0.9678
7940	0.4807	0.07343	0.1356	0.4447	0.49	0.5245	0.7364
7960	0.5056	0.1855	0.04562	0.3688	0.5089	0.663	0.8995
7980	0.6132	0.1111	0.2345	0.533	0.6313	0.7029	0.8371
8000	0.1764	0.1176	0.009474	0.08295	0.1518	0.2458	0.6837
8020	0.5801	0.09804	0.1761	0.5147	0.5829	0.6468	0.8599
8040	0.2761	0.1583	0.02013	0.1495	0.247	0.3783	0.8639
8060	0.3735	0.1826	0.01627	0.2173	0.3672	0.5203	0.7919
8080	0.6198	0.09612	0.1646	0.5778	0.6363	0.6869	0.9202
8100	0.6238	0.1395	0.1039	0.5356	0.6371	0.7269	0.9491
8120	0.2467	0.138	0.005818	0.1242	0.2457	0.3604	0.6051
8140	0.7167	0.09464	0.2145	0.6738	0.7361	0.7764	0.9021
8160	0.2063	0.1624	0.009006	0.07603	0.1547	0.2968	0.826
8180	0.5266	0.06881	0.2325	0.4874	0.5289	0.5734	0.7382
8200	0.6309	0.1258	0.1315	0.5595	0.6564	0.7202	0.8722
8220	0.692	0.1353	0.03285	0.6267	0.7231	0.7848	0.9586
8240	0.02722	0.0339	0.0002166	0.007329	0.0156	0.0327	0.2695
8260	0.007419	0.01293	8.872e-05	0.001444	0.003475	0.00821	0.1689
8280	0.6756	0.09652	0.3536	0.6131	0.6813	0.7447	0.9334
8300	0.6313	0.1223	0.03066	0.5749	0.6641	0.7177	0.8976
8320	0.6472	0.1275	0.1981	0.565	0.6686	0.746	0.9177
8340	0.4278	0.08896	0.1505	0.3684	0.4218	0.4829	0.7129
8360	0.06747	0.08	0.001309	0.01796	0.03834	0.08417	0.5952
8380	0.1961	0.1403	0.005125	0.08601	0.1587	0.2685	0.7691
8400	0.5062	0.1027	0.01562	0.4486	0.5224	0.5732	0.7881
8420	0.4682	0.1712	0.03661	0.3282	0.4891	0.6091	0.816
8440	0.4866	0.09205	0.1731	0.4277	0.4867	0.554	0.7137
8460	0.09687	0.09406	0.002598	0.03151	0.06533	0.1284	0.6072
8480	0.7212	0.1336	0.03611	0.6452	0.7428	0.8186	0.9609
8500	0.3783	0.113	0.06442	0.2963	0.3799	0.452	0.6947
8520	0.3283	0.1463	0.01942	0.2246	0.3284	0.4058	0.8685
8540	0.5167	0.07916	0.1699	0.4731	0.5204	0.5657	0.8346
8560	0.1531	0.1194	0.003964	0.06243	0.1166	0.2093	0.5991
8580	0.5731	0.0825	0.1964	0.5289	0.5754	0.6243	0.8459
8600	0.5718	0.1083	0.1513	0.5013	0.5775	0.652	0.8394
8620	0.7743	0.1009	0.2643	0.7257	0.7841	0.8483	0.9663
8640	0.1683	0.1167	0.002937	0.07557	0.1383	0.2439	0.5397
8660	0.185	0.1078	0.02104	0.09863	0.1608	0.2536	0.5307
8680	0.7811	0.1333	0.04554	0.7395	0.8118	0.8718	0.9582
8700	0.4431	0.08912	0.1578	0.389	0.4477	0.5017	0.7402
8720	0.1254	0.09775	0.009066	0.05472	0.09652	0.162	0.611
8740	0.6254	0.1238	0.1207	0.5608	0.653	0.7163	0.8829
8760	0.03356	0.05559	0.0004032	0.006324	0.01525	0.03457	0.4368
8780	0.5253	0.1267	0.1195	0.4475	0.5413	0.6151	0.8408
8800	0.08456	0.05834	0.003964	0.04052	0.0684	0.1127	0.3155
8820	0.01575	0.02419	0.0005757	0.004989	0.008871	0.01742	0.3578
8840	0.7627	0.09683	0.3099	0.7091	0.7819	0.8332	0.9594
8860	0.2037	0.1676	0.003346	0.07112	0.1506	0.2954	0.8002
8880	0.07893	0.08864	7.421e-05	0.01341	0.04066	0.1179	0.5703
8900	0.4771	0.0915	0.1681	0.4178	0.4822	0.5452	0.7391
8920	0.3188	0.1759	0.01143	0.1703	0.3036	0.458	0.7855
8940	0.2677	0.05754	0.09444	0.2288	0.2809	0.3072	0.5954
8960	0.3161	0.13	0.07027	0.2172	0.3053	0.4027	0.7247
8980	0.01804	0.0302	0.0001213	0.003139	0.007684	0.02032	0.3151
9000	0.006217	0.01083	8.487e-05	0.001171	0.002684	0.006605	0.1465
9020	0.1173	0.1188	0.0006033	0.02505	0.06881	0.1788	0.5563
9040	0.533	0.1036	0.1522	0.4768	0.5509	0.6033	0.7527
9060	0.2352	0.1954	0.002082	0.07022	0.1744	0.3724	0.7724
9080	0.5933	0.1232	0.04451	0.5215	0.6076	0.6876	0.8493
9100	0.4544	0.2223	0.003954	0.2822	0.4627	0.6533	0.857
9120	0.661	0.1152	0.1673	0.5981	0.6853	0.7447	0.8872
9140	0.6724	0.177	0.08662	0.5867	0.712	0.8056	0.9551
9160	0.4804	0.1002	0.2041	0.4056	0.4693	0.5466	0.859
9180	0.1042	0.07772	0.007456	0.04609	0.08309	0.1403	0.4655
9200	0.1211	0.09407	0.005029	0.05161	0.0912	0.1681	0.5525
9220	0.04478	0.05564	0.0006988	0.01132	0.02455	0.05674	0.3977
9240	0.3275	0.1773	0.008663	0.1836	0.3129	0.4555	0.8915
9260	0.4392	0.1028	0.1283	0.3773	0.4539	0.5185	0.7196
9280	0.5312	0.1279	0.03389	0.4598	0.5403	0.616	0.8832
9300	0.6295	0.08386	0.1842	0.587	0.6416	0.6878	0.8142
9320	0.1046	0.1267	0.000378	0.01655	0.05045	0.1415	0.7121
9340	0.003364	0.0103	8.429e-06	0.0003338	0.0009391	0.002647	0.2093
9360	0.6214	0.1349	0.166	0.5391	0.6402	0.7173	0.8977
9380	0.3999	0.1079	0.09137	0.3281	0.395	0.4705	0.7164
9400	0.3325	0.1447	0.012	0.2219	0.3377	0.447	0.7331
9420	0.3055	0.1376	0.03121	0.1956	0.2883	0.4091	0.6903
9440	0.03834	0.05922	0.0002802	0.007277	0.01786	0.04252	0.6226
9460	0.5209	0.1718	0.05479	0.4107	0.5496	0.6612	0.8423
9480	0.516	0.1318	0.04643	0.4403	0.534	0.6109	0.8247
9500	0.2851	0.1725	0.002729	0.1431	0.2689	0.4041	0.7216
9520	0.2522	0.1619	0.01168	0.1186	0.2249	0.3713	0.7435
9540	0.3389	0.1	0.04389	0.2841	0.3325	0.3933	0.7299
9560	0.4619	0.2173	0.001204	0.2897	0.4955	0.633	0.8868
9580	0.2156	0.1966	0.001733	0.05744	0.1528	0.3282	0.8685
9600	0.1664	0.1005	0.002268	0.07911	0.1536	0.2533	0.403
9620	0.3234	0.1283	0.01523	0.2328	0.3264	0.4104	0.6984
9640	0.55	0.1232	0.06696	0.4887	0.5681	0.6282	0.8138
9660	0.01789	0.02524	0.0007747	0.004544	0.009998	0.02029	0.2341
9680	0.07304	0.07268	0.002142	0.02444	0.04917	0.0931	0.5422
9700	0.2972	0.1636	0.01404	0.1642	0.2719	0.4105	0.8186
9720	0.6611	0.18	0.1028	0.5447	0.6914	0.808	0.9667
9740	0.5442	0.1254	0.0916	0.4771	0.5735	0.6333	0.8277
9760	0.7077	0.1328	0.06284	0.6586	0.7372	0.7954	0.955
9780	0.5174	0.09548	0.06663	0.4772	0.5306	0.5734	0.786
9800	0.001046	0.005324	1.502e-06	7.165e-05	0.0001907	0.0006316	0.139
9820	0.4136	0.1796	0.01032	0.283	0.4374	0.5514	0.8569
9840	0.4739	0.08259	0.1182	0.439	0.4896	0.5273	0.7186
9860	0.7264	0.09821	0.2285	0.686	0.7462	0.797	0.9038
9880	0.4341	0.1911	0.01506	0.2936	0.4554	0.5936	0.8129
9900	0.2757	0.1677	0.005314	0.1217	0.2672	0.4055	0.744
9920	0.3115	0.1536	0.01361	0.1835	0.3074	0.4309	0.783
9940	0.5554	0.09935	0.1383	0.4917	0.5646	0.624	0.815
9960	0.105	0.08491	0.004467	0.04252	0.07988	0.1424	0.4737
9980	0.05022	0.05433	0.002919	0.01664	0.03296	0.06052	0.4159
