idx	label	predict	radius	correct	unperturbed predict	unperturbed correct	time
0	3	3	0.481	1	3	1	0:01:15.916193
20	7	7	0.409	1	7	1	0:01:15.434724
40	4	4	0.311	1	4	1	0:01:15.347451
60	7	7	1.2	1	7	1	0:01:15.440073
80	8	8	1.19	1	8	1	0:01:15.428300
100	4	-1	0.0	0	4	1	0:01:15.430164
120	8	8	0.223	1	8	1	0:01:15.447596
140	6	6	0.368	1	6	1	0:01:15.396467
160	2	2	0.27	1	2	1	0:01:15.238876
180	0	0	0.944	1	0	1	0:01:15.422052
200	5	5	0.278	1	5	1	0:01:15.234337
220	7	7	1.35	1	7	1	0:01:15.132371
240	1	1	1.82	1	1	1	0:01:15.260159
260	8	8	0.00632	1	8	1	0:01:15.397285
280	9	9	1.03	1	9	1	0:01:15.290131
300	6	6	0.683	1	6	1	0:01:15.224433
320	3	3	0.592	1	3	1	0:01:15.213068
340	2	4	0.167	0	4	0	0:01:15.184423
360	9	9	0.301	1	9	1	0:01:15.342562
380	6	6	0.448	1	6	1	0:01:15.293309
400	9	9	1.16	1	9	1	0:01:15.372995
420	4	4	0.799	1	4	1	0:01:15.409148
440	1	1	0.438	1	1	1	0:01:15.374702
460	5	5	1.13	1	5	1	0:01:15.376602
480	8	9	0.555	0	9	0	0:01:15.466351
500	4	6	0.367	0	6	0	0:01:15.499505
520	5	5	0.32	1	5	1	0:01:15.444672
540	1	1	0.687	1	1	1	0:01:15.422844
560	0	0	1.33	1	0	1	0:01:15.299296
580	4	4	0.507	1	4	1	0:01:15.460597
600	8	8	1.14	1	8	1	0:01:15.508071
620	7	7	0.48	1	7	1	0:01:15.519456
640	5	3	0.92	0	3	0	0:01:15.414587
660	9	9	0.831	1	9	1	0:01:15.397434
680	9	9	0.111	1	9	1	0:01:15.314890
700	7	7	0.789	1	7	1	0:01:15.435068
720	4	-1	0.0	0	9	0	0:01:15.382885
740	2	3	0.0572	0	3	0	0:01:15.400029
760	3	3	0.182	1	3	1	0:01:15.490696
780	9	9	0.354	1	9	1	0:01:15.567338
800	7	7	1.86	1	7	1	0:01:15.575912
820	6	-1	0.0	0	6	1	0:01:15.550448
840	7	7	1.73	1	7	1	0:01:15.635116
860	4	4	0.395	1	4	1	0:01:15.526476
880	8	8	1.3	1	8	1	0:01:15.506734
900	2	2	0.0807	1	2	1	0:01:15.337913
920	6	6	0.338	1	6	1	0:01:15.297415
940	9	9	1.27	1	9	1	0:01:15.365830
960	9	9	1.08	1	9	1	0:01:15.345271
980	2	6	0.138	0	6	0	0:01:15.412488
1000	5	5	1.33	1	5	1	0:01:15.365819
1020	1	1	1.46	1	1	1	0:01:15.358217
1040	7	5	0.772	0	5	0	0:01:15.365031
1060	9	9	1.45	1	9	1	0:01:15.367066
1080	6	6	0.543	1	6	1	0:01:15.347661
1100	7	-1	0.0	0	0	0	0:01:15.323797
1120	5	5	0.0436	1	5	1	0:01:15.242965
1140	6	6	0.372	1	6	1	0:01:15.285102
1160	8	8	0.0956	1	8	1	0:01:15.330429
1180	3	3	0.974	1	3	1	0:01:15.217253
1200	8	8	0.44	1	8	1	0:01:15.281591
1220	9	-1	0.0	0	6	0	0:01:15.170950
1240	2	6	0.858	0	6	0	0:01:15.198712
1260	1	9	0.419	0	9	0	0:01:15.269370
1280	3	3	0.1	1	3	1	0:01:15.191423
1300	4	3	0.62	0	3	0	0:01:15.202311
1320	7	-1	0.0	0	2	0	0:01:15.154951
1340	1	1	1.3	1	1	1	0:01:15.242130
1360	7	7	0.937	1	7	1	0:01:15.246679
1380	4	5	0.318	0	5	0	0:01:15.474172
1400	5	3	0.348	0	3	0	0:01:15.451294
1420	4	7	0.0906	0	7	0	0:01:15.388016
1440	0	0	0.137	1	0	1	0:01:15.273926
1460	6	6	0.97	1	6	1	0:01:15.357951
1480	1	1	0.343	1	1	1	0:01:15.334065
1500	1	1	0.932	1	1	1	0:01:15.377338
1520	7	7	0.87	1	7	1	0:01:15.265060
1540	8	8	1.34	1	8	1	0:01:15.222482
1560	7	7	1.89	1	7	1	0:01:15.306023
1580	6	1	0.101	0	1	0	0:01:15.378324
1600	8	9	0.118	0	9	0	0:01:15.603603
1620	5	-1	0.0	0	4	0	0:01:15.446814
1640	7	3	0.413	0	3	0	0:01:15.456883
1660	3	3	0.0638	1	3	1	0:01:15.480842
1680	6	6	0.865	1	6	1	0:01:15.476594
1700	5	5	0.0417	1	5	1	0:01:15.451192
1720	4	4	0.067	1	4	1	0:01:15.280362
1740	1	1	0.491	1	1	1	0:01:15.168143
1760	0	0	0.565	1	0	1	0:01:15.347896
1780	7	7	0.686	1	7	1	0:01:15.217233
1800	4	-1	0.0	0	4	1	0:01:15.248769
1820	8	8	0.444	1	8	1	0:01:15.409336
1840	8	-1	0.0	0	9	0	0:01:15.449672
1860	8	8	1.1	1	8	1	0:01:15.228697
1880	1	1	1.01	1	1	1	0:01:15.456995
1900	8	8	1.65	1	8	1	0:01:15.262756
1920	2	2	1.02	1	2	1	0:01:15.259247
1940	5	-1	0.0	0	5	1	0:01:15.588963
1960	2	5	0.333	0	5	0	0:01:15.599927
1980	9	9	1.6	1	9	1	0:01:15.546089
2000	1	1	0.101	1	1	1	0:01:15.621888
2020	9	9	1.41	1	9	1	0:01:15.417023
2040	0	0	0.661	1	0	1	0:01:15.515652
2060	5	3	0.606	0	3	0	0:01:15.346979
2080	1	1	0.275	1	1	1	0:01:15.352383
2100	2	2	0.602	1	2	1	0:01:15.485673
2120	4	8	0.386	0	8	0	0:01:15.556528
2140	9	9	1.24	1	9	1	0:01:15.406598
2160	0	0	0.325	1	0	1	0:01:15.332486
2180	4	4	0.786	1	4	1	0:01:15.368711
2200	0	-1	0.0	0	2	0	0:01:15.536990
2220	1	1	1.62	1	1	1	0:01:15.556824
2240	9	9	0.0211	1	9	1	0:01:15.403824
2260	4	4	0.824	1	4	1	0:01:15.573445
2280	4	-1	0.0	0	-1	0	0:01:15.504754
2300	3	-1	0.0	0	3	1	0:01:15.470975
2320	5	2	0.679	0	2	0	0:01:15.666535
2340	7	7	1.71	1	7	1	0:01:15.703035
2360	7	7	0.149	1	7	1	0:01:15.493944
2380	8	8	0.997	1	8	1	0:01:15.574850
2400	0	0	0.819	1	0	1	0:01:15.523663
2420	8	-1	0.0	0	1	0	0:01:15.602498
2440	7	7	0.631	1	7	1	0:01:15.273870
2460	9	-1	0.0	0	7	0	0:01:15.458249
2480	8	8	1.18	1	8	1	0:01:15.361305
2500	4	4	0.0619	1	4	1	0:01:15.515928
2520	1	1	0.595	1	1	1	0:01:15.708394
2540	2	-1	0.0	0	5	0	0:01:15.581655
2560	7	7	0.364	1	7	1	0:01:15.481190
2580	6	-1	0.0	0	6	1	0:01:15.674253
2600	8	8	1.43	1	8	1	0:01:15.462034
2620	1	1	0.439	1	1	1	0:01:15.388196
2640	7	7	1.15	1	7	1	0:01:15.355794
2660	3	5	0.0549	0	5	0	0:01:15.340568
2680	0	0	1.86	1	0	1	0:01:15.417106
2700	9	9	0.442	1	9	1	0:01:15.351029
2720	3	3	0.574	1	3	1	0:01:15.388662
2740	1	1	0.85	1	1	1	0:01:15.583393
2760	2	2	0.644	1	2	1	0:01:15.429971
2780	7	7	1.57	1	7	1	0:01:15.906522
2800	4	4	0.106	1	4	1	0:01:15.421743
2820	6	6	1.23	1	6	1	0:01:16.169759
2840	3	3	1.89	1	3	1	0:01:15.328187
2860	5	-1	0.0	0	7	0	0:01:15.805644
2880	4	4	1.38	1	4	1	0:01:15.639488
2900	3	5	0.0437	0	5	0	0:01:15.519201
2920	2	3	0.459	0	3	0	0:01:15.395877
2940	3	0	0.797	0	0	0	0:01:15.678334
2960	9	9	0.475	1	9	1	0:01:16.556852
2980	8	8	0.564	1	8	1	0:01:16.335469
3000	5	5	1.42	1	5	1	0:01:16.378960
3020	1	1	0.956	1	1	1	0:01:16.686276
3040	7	7	1.89	1	7	1	0:01:16.385372
3060	7	7	0.88	1	7	1	0:01:16.539088
3080	1	1	0.356	1	1	1	0:01:16.436786
3100	0	0	0.991	1	0	1	0:01:16.899757
3120	4	-1	0.0	0	6	0	0:01:18.302670
3140	8	8	0.724	1	8	1	0:01:16.402164
3160	6	2	0.213	0	2	0	0:01:16.617154
3180	3	3	0.262	1	3	1	0:01:16.551247
3200	5	7	0.0852	0	7	0	0:01:16.355373
3220	3	-1	0.0	0	9	0	0:01:16.650944
3240	4	-1	0.0	0	1	0	0:01:16.280988
3260	7	7	1.03	1	7	1	0:01:16.273036
3280	3	5	0.406	0	5	0	0:01:16.672732
3300	4	4	0.307	1	4	1	0:01:16.302323
3320	2	7	1.09	0	7	0	0:01:16.585556
3340	6	6	0.48	1	6	1	0:01:16.490687
3360	4	4	0.146	1	4	1	0:01:16.345631
3380	8	8	1.2	1	8	1	0:01:16.738918
3400	6	4	0.498	0	4	0	0:01:16.724830
3420	5	3	0.15	0	3	0	0:01:16.293154
3440	2	3	0.447	0	3	0	0:01:16.870720
3460	1	1	0.741	1	1	1	0:01:16.578183
3480	2	2	1.76	1	2	1	0:01:16.455097
3500	1	1	0.412	1	1	1	0:01:16.854308
3520	1	1	1.45	1	1	1	0:01:16.407657
3540	6	6	0.822	1	6	1	0:01:16.537196
3560	1	-1	0.0	0	9	0	0:01:16.665666
3580	4	4	0.101	1	4	1	0:01:16.519324
3600	4	2	0.945	0	2	0	0:01:16.759160
3620	0	-1	0.0	0	0	1	0:01:16.811149
3640	6	2	0.468	0	2	0	0:01:16.461900
3660	0	0	0.721	1	0	1	0:01:17.093414
3680	0	-1	0.0	0	0	1	0:01:16.461791
3700	3	3	0.643	1	3	1	0:01:16.879494
3720	2	2	1.34	1	2	1	0:01:16.809832
3740	0	0	0.917	1	0	1	0:01:16.615739
3760	7	7	1.26	1	7	1	0:01:16.818815
3780	4	4	0.217	1	4	1	0:01:16.767103
3800	9	9	0.579	1	9	1	0:01:16.591844
3820	0	0	0.00537	1	0	1	0:01:17.035486
3840	6	3	0.434	0	3	0	0:01:16.610157
3860	7	7	1.89	1	7	1	0:01:16.583353
3880	6	-1	0.0	0	-1	0	0:01:17.118051
3900	3	6	0.532	0	6	0	0:01:16.708759
3920	7	-1	0.0	0	7	1	0:01:16.528275
3940	6	-1	0.0	0	5	0	0:01:16.539612
3960	2	2	1.11	1	2	1	0:01:16.245477
3980	9	9	0.249	1	9	1	0:01:16.777868
4000	8	0	0.00443	0	0	0	0:01:16.304060
4020	8	8	0.397	1	8	1	0:01:16.283273
4040	0	0	1.8	1	0	1	0:01:16.937525
4060	6	6	0.224	1	6	1	0:01:16.276876
4080	1	1	0.825	1	1	1	0:01:16.530450
4100	7	7	1.84	1	7	1	0:01:16.647708
4120	4	4	0.784	1	4	1	0:01:16.327217
4140	5	5	0.781	1	5	1	0:01:16.808824
4160	5	-1	0.0	0	5	1	0:01:16.329368
4180	0	0	0.0829	1	0	1	0:01:16.365389
4200	4	2	0.0184	0	2	0	0:01:16.785650
4220	4	0	1.08	0	0	0	0:01:16.365140
4240	7	0	0.378	0	0	0	0:01:16.802310
4260	8	8	1.19	1	8	1	0:01:16.574071
4280	8	-1	0.0	0	1	0	0:01:16.301215
4300	8	8	1.03	1	8	1	0:01:16.541961
4320	1	-1	0.0	0	8	0	0:01:16.558285
4340	0	0	0.915	1	0	1	0:01:16.488553
4360	6	9	0.0647	0	9	0	0:01:16.912333
4380	9	9	0.51	1	9	1	0:01:16.306583
4400	3	-1	0.0	0	-1	0	0:01:16.381232
4420	5	5	0.284	1	5	1	0:01:17.038750
4440	2	2	0.358	1	2	1	0:01:16.329092
4460	9	9	0.359	1	9	1	0:01:16.681377
4480	9	9	1.39	1	9	1	0:01:16.524751
4500	3	5	0.399	0	5	0	0:01:16.364523
4520	3	6	0.252	0	6	0	0:01:16.735888
4540	9	9	1.48	1	9	1	0:01:16.367881
4560	1	1	1.11	1	1	1	0:01:16.342656
4580	6	6	0.0456	1	6	1	0:01:16.947431
4600	4	7	0.111	0	7	0	0:01:16.338042
4620	7	3	0.217	0	3	0	0:01:16.495465
4640	2	2	0.3	1	2	1	0:01:16.532449
4660	7	7	0.129	1	7	1	0:01:16.265816
4680	9	9	0.0209	1	9	1	0:01:16.732154
4700	6	-1	0.0	0	-1	0	0:01:16.618777
4720	8	8	0.165	1	8	1	0:01:16.544453
4740	5	3	0.614	0	3	0	0:01:16.871311
4760	3	-1	0.0	0	-1	0	0:01:16.277989
4780	0	0	0.778	1	0	1	0:01:16.768503
4800	9	9	1.89	1	9	1	0:01:16.703530
4820	3	3	0.949	1	3	1	0:01:16.321485
4840	0	0	1.7	1	0	1	0:01:16.589284
4860	5	5	0.84	1	5	1	0:01:16.774186
4880	0	-1	0.0	0	0	1	0:01:16.316323
4900	3	-1	0.0	0	3	1	0:01:16.805460
4920	7	7	1.41	1	7	1	0:01:16.559139
4940	6	6	0.167	1	6	1	0:01:16.381914
4960	4	3	0.0893	0	3	0	0:01:17.020212
4980	1	9	0.548	0	9	0	0:01:16.423851
5000	7	7	1.89	1	7	1	0:01:16.709327
5020	8	8	1.33	1	8	1	0:01:16.574875
5040	3	3	0.04	1	3	1	0:01:16.342951
5060	6	6	0.201	1	6	1	0:01:16.567099
5080	7	7	1.35	1	7	1	0:01:16.737440
5100	3	3	1.33	1	3	1	0:01:16.334899
5120	9	9	0.476	1	9	1	0:01:16.908131
5140	8	8	0.882	1	8	1	0:01:16.325950
5160	0	0	0.563	1	0	1	0:01:16.723703
5180	9	-1	0.0	0	7	0	0:01:16.593996
5200	3	3	1.32	1	3	1	0:01:16.354005
5220	0	0	0.665	1	0	1	0:01:16.544846
5240	1	-1	0.0	0	-1	0	0:01:16.667354
5260	0	0	1.65	1	0	1	0:01:16.672450
5280	0	-1	0.0	0	8	0	0:01:16.947206
5300	9	9	0.599	1	9	1	0:01:16.405498
5320	7	7	0.946	1	7	1	0:01:16.694656
5340	3	4	1.01	0	4	0	0:01:16.586820
5360	9	9	1.12	1	9	1	0:01:16.383705
5380	1	9	0.454	0	9	0	0:01:16.667910
5400	9	9	0.958	1	9	1	0:01:16.655173
5420	6	6	0.68	1	6	1	0:01:16.448631
5440	9	9	1.89	1	9	1	0:01:17.095360
5460	0	0	1.78	1	0	1	0:01:16.376744
5480	1	1	0.592	1	1	1	0:01:16.735278
5500	8	8	0.469	1	8	1	0:01:16.672896
5520	4	-1	0.0	0	4	1	0:01:16.499116
5540	5	-1	0.0	0	6	0	0:01:16.695401
5560	3	-1	0.0	0	5	0	0:01:16.688260
5580	5	3	0.125	0	3	0	0:01:16.360215
5600	6	-1	0.0	0	6	1	0:01:16.861313
5620	3	4	0.0976	0	4	0	0:01:16.405186
5640	2	2	0.486	1	2	1	0:01:16.469700
5660	9	9	0.343	1	9	1	0:01:16.646817
5680	2	3	0.415	0	3	0	0:01:16.395140
5700	3	-1	0.0	0	-1	0	0:01:16.629921
5720	9	9	1.51	1	9	1	0:01:16.780612
5740	6	6	0.376	1	6	1	0:01:16.296271
5760	2	2	0.243	1	2	1	0:01:16.552111
5780	7	7	1.8	1	7	1	0:01:16.672718
5800	2	2	0.18	1	2	1	0:01:16.438142
5820	5	5	0.264	1	5	1	0:01:16.903811
5840	2	2	0.461	1	2	1	0:01:16.377769
5860	0	0	0.142	1	0	1	0:01:16.577108
5880	0	0	1.2	1	0	1	0:01:16.689067
5900	4	-1	0.0	0	3	0	0:01:16.257085
5920	8	8	1.89	1	8	1	0:01:16.629026
5940	7	4	0.144	0	4	0	0:01:16.618903
5960	2	6	0.149	0	6	0	0:01:16.332672
5980	9	9	1.66	1	9	1	0:01:16.906290
6000	8	8	0.118	1	8	1	0:01:16.310561
6020	6	6	0.73	1	6	1	0:01:16.737182
6040	2	-1	0.0	0	-1	0	0:01:16.738952
6060	3	3	0.0201	1	3	1	0:01:16.247175
6080	1	1	0.622	1	1	1	0:01:16.610821
6100	1	1	1.15	1	1	1	0:01:16.649874
6120	5	5	0.74	1	5	1	0:01:16.402444
6140	9	9	1.04	1	9	1	0:01:16.977032
6160	2	2	0.256	1	2	1	0:01:16.380089
6180	0	0	0.628	1	0	1	0:01:16.732769
6200	3	3	0.49	1	3	1	0:01:16.748320
6220	2	5	0.175	0	5	0	0:01:16.304945
6240	2	2	0.0774	1	2	1	0:01:16.523657
6260	2	-1	0.0	0	6	0	0:01:16.476156
6280	8	-1	0.0	0	5	0	0:01:16.322984
6300	1	1	0.487	1	1	1	0:01:16.579530
6320	0	0	0.582	1	0	1	0:01:16.654872
6340	3	3	0.823	1	3	1	0:01:16.440015
6360	2	2	0.194	1	2	1	0:01:16.833441
6380	3	-1	0.0	0	3	1	0:01:16.386332
6400	0	-1	0.0	0	0	1	0:01:16.744415
6420	7	7	1.67	1	7	1	0:01:16.718180
6440	3	-1	0.0	0	9	0	0:01:16.292558
6460	3	3	0.287	1	3	1	0:01:16.490710
6480	0	0	0.653	1	0	1	0:01:16.613343
6500	7	-1	0.0	0	-1	0	0:01:16.262101
6520	6	-1	0.0	0	2	0	0:01:16.816460
6540	8	8	0.852	1	8	1	0:01:16.670699
6560	6	6	0.474	1	6	1	0:01:16.298423
6580	1	1	0.127	1	1	1	0:01:16.882634
6600	7	7	1.7	1	7	1	0:01:16.393950
6620	7	7	1.22	1	7	1	0:01:16.700198
6640	5	3	0.825	0	3	0	0:01:16.626522
6660	0	0	1.04	1	0	1	0:01:16.371749
6680	3	3	0.324	1	3	1	0:01:16.798446
6700	6	6	0.218	1	6	1	0:01:16.709249
6720	2	2	0.438	1	2	1	0:01:16.372944
6740	2	2	0.347	1	2	1	0:01:16.831652
6760	5	5	1.06	1	5	1	0:01:16.398130
6780	7	7	1.54	1	7	1	0:01:16.739956
6800	6	-1	0.0	0	6	1	0:01:16.806474
6820	1	1	1.66	1	1	1	0:01:16.434739
6840	9	9	0.667	1	9	1	0:01:16.576652
6860	0	0	0.336	1	0	1	0:01:16.650668
6880	2	2	0.558	1	2	1	0:01:16.353827
6900	3	-1	0.0	0	5	0	0:01:16.606626
6920	5	4	0.0259	0	4	0	0:01:16.532095
6940	1	1	1.84	1	1	1	0:01:16.639472
6960	9	9	0.0641	1	9	1	0:01:16.653455
6980	0	-1	0.0	0	0	1	0:01:16.203111
7000	2	0	0.121	0	0	0	0:01:16.762825
7020	7	7	1.48	1	7	1	0:01:16.599721
7040	7	-1	0.0	0	8	0	0:01:16.281259
7060	8	8	0.655	1	8	1	0:01:16.643889
7080	5	4	0.401	0	4	0	0:01:16.516883
7100	9	-1	0.0	0	5	0	0:01:16.297199
7120	7	5	0.232	0	5	0	0:01:16.887074
7140	4	-1	0.0	0	4	1	0:01:16.179090
7160	5	5	0.97	1	5	1	0:01:16.577153
7180	6	6	0.737	1	6	1	0:01:16.576784
7200	4	-1	0.0	0	4	1	0:01:16.230486
7220	9	9	1.04	1	9	1	0:01:16.565832
7240	0	0	0.0944	1	0	1	0:01:16.611094
7260	1	1	0.474	1	1	1	0:01:16.259375
7280	1	9	0.387	0	9	0	0:01:16.762851
7300	3	4	0.449	0	4	0	0:01:16.388732
7320	8	8	0.422	1	8	1	0:01:16.651567
7340	2	4	0.143	0	4	0	0:01:16.575099
7360	2	-1	0.0	0	-1	0	0:01:16.264115
7380	7	7	0.906	1	7	1	0:01:16.821468
7400	3	3	0.663	1	3	1	0:01:16.596502
7420	3	4	0.11	0	4	0	0:01:16.379589
7440	3	3	0.576	1	3	1	0:01:16.742794
7460	5	5	1.14	1	5	1	0:01:16.677050
7480	1	8	0.607	0	8	0	0:01:16.313327
7500	6	6	1.86	1	6	1	0:01:16.796402
7520	4	4	0.195	1	4	1	0:01:16.419603
7540	5	5	1.37	1	5	1	0:01:16.685007
7560	0	0	0.485	1	0	1	0:01:16.748668
7580	8	8	1.11	1	8	1	0:01:16.290765
7600	8	9	0.297	0	9	0	0:01:17.390229
7620	5	3	0.203	0	3	0	0:01:16.640423
7640	9	9	0.06	1	9	1	0:01:16.380230
7660	7	-1	0.0	0	7	1	0:01:17.404382
7680	3	-1	0.0	0	9	0	0:01:16.605990
7700	6	6	1.21	1	6	1	0:01:16.369926
7720	5	-1	0.0	0	5	1	0:01:16.831525
7740	4	4	0.241	1	4	1	0:01:16.427683
7760	2	9	0.241	0	9	0	0:01:16.819783
7780	3	-1	0.0	0	8	0	0:01:16.656830
7800	0	0	0.961	1	0	1	0:01:16.359588
7820	5	5	0.278	1	5	1	0:01:16.548946
7840	1	1	1.52	1	1	1	0:01:17.093425
7860	8	8	0.378	1	8	1	0:01:16.432847
7880	0	0	0.228	1	0	1	0:01:17.620345
7900	0	8	0.097	0	8	0	0:01:16.292565
7920	9	9	0.376	1	9	1	0:01:17.239336
7940	2	-1	0.0	0	-1	0	0:01:18.838813
7960	0	0	0.456	1	0	1	0:01:16.423703
7980	3	3	0.341	1	3	1	0:01:16.697640
8000	9	9	0.967	1	9	1	0:01:16.569549
8020	6	3	0.615	0	3	0	0:01:16.427263
8040	2	2	1.08	1	2	1	0:01:16.810409
8060	6	6	0.737	1	6	1	0:01:16.599201
8080	4	-1	0.0	0	4	1	0:01:17.394250
8100	6	-1	0.0	0	-1	0	0:01:16.765212
8120	8	9	0.665	0	9	0	0:01:16.395477
8140	5	-1	0.0	0	4	0	0:01:16.623302
8160	6	6	1.08	1	6	1	0:01:16.647056
8180	4	4	0.176	1	4	1	0:01:16.359862
8200	3	4	0.352	0	4	0	0:01:16.577471
8220	6	-1	0.0	0	7	0	0:01:16.672785
8240	7	7	1.67	1	7	1	0:01:17.168924
8260	1	1	1.89	1	1	1	0:01:17.638340
8280	4	5	0.113	0	5	0	0:01:17.336070
8300	5	-1	0.0	0	2	0	0:01:16.548619
8320	7	-1	0.0	0	4	0	0:01:16.568470
8340	5	3	0.455	0	3	0	0:01:16.520750
8360	7	7	1.51	1	7	1	0:01:16.580009
8380	9	9	1.15	1	9	1	0:01:16.613620
8400	0	-1	0.0	0	0	1	0:01:16.379870
8420	3	6	0.529	0	6	0	0:01:16.594169
8440	5	5	0.0834	1	5	1	0:01:17.395660
8460	8	8	1.26	1	8	1	0:01:16.350496
8480	2	2	0.479	1	2	1	0:01:16.601617
8500	4	4	0.718	1	4	1	0:01:16.685325
8520	8	8	0.298	1	8	1	0:01:16.675481
8540	4	-1	0.0	0	2	0	0:01:17.308295
8560	7	7	1.04	1	7	1	0:01:16.356762
8580	3	-1	0.0	0	5	0	0:01:16.569755
8600	3	3	0.37	1	3	1	0:01:16.736130
8620	3	-1	0.0	0	4	0	0:01:16.283168
8640	1	1	1.01	1	1	1	0:01:16.631331
8660	7	7	1.17	1	7	1	0:01:16.662779
8680	3	-1	0.0	0	7	0	0:01:16.549763
8700	3	3	0.516	1	3	1	0:01:16.455354
8720	2	0	1.25	0	0	0	0:01:16.485471
8740	2	2	0.309	1	2	1	0:01:17.084276
8760	8	8	1.48	1	8	1	0:01:16.565010
8780	4	4	0.359	1	4	1	0:01:16.277483
8800	0	0	1.36	1	0	1	0:01:16.621257
8820	2	2	1.84	1	2	1	0:01:16.519344
8840	2	-1	0.0	0	7	0	0:01:16.336499
8860	2	2	0.973	1	2	1	0:01:16.694442
8880	1	1	0.936	1	1	1	0:01:16.725837
8900	2	4	0.235	0	4	0	0:01:16.569050
8920	6	6	0.905	1	6	1	0:01:17.879339
8940	6	3	0.658	0	3	0	0:01:16.342828
8960	0	0	0.916	1	0	1	0:01:16.551461
8980	9	9	1.84	1	9	1	0:01:17.683233
9000	8	8	1.89	1	8	1	0:01:16.327252
9020	7	7	0.775	1	7	1	0:01:16.527569
9040	2	5	0.219	0	5	0	0:01:16.468740
9060	9	9	0.836	1	9	1	0:01:16.594865
9080	3	3	0.179	1	3	1	0:01:16.503334
9100	9	1	0.123	0	1	0	0:01:16.618760
9120	3	-1	0.0	0	3	1	0:01:16.808263
9140	7	7	0.0368	1	7	1	0:01:16.539867
9160	5	3	0.45	0	3	0	0:01:16.538996
9180	5	5	1.51	1	5	1	0:01:16.519846
9200	8	8	1.39	1	8	1	0:01:16.655195
9220	8	8	1.65	1	8	1	0:01:16.402742
9240	8	8	0.743	1	8	1	0:01:16.629812
9260	5	5	0.603	1	5	1	0:01:16.332690
9280	9	-1	0.0	0	8	0	0:01:16.444036
9300	5	-1	0.0	0	-1	0	0:01:16.350136
9320	9	9	1.13	1	9	1	0:01:16.573640
9340	1	1	1.89	1	1	1	0:01:16.772538
9360	5	-1	0.0	0	0	0	0:01:17.587427
9380	5	3	0.609	0	3	0	0:01:16.402264
9400	6	6	0.711	1	6	1	0:01:16.467700
9420	5	5	1.12	1	5	1	0:01:17.458328
9440	8	8	1.49	1	8	1	0:01:17.273314
9460	3	7	0.515	0	7	0	0:01:17.978644
9480	2	2	0.0262	1	2	1	0:01:16.578563
9500	9	9	0.662	1	9	1	0:01:16.677446
9520	1	1	0.876	1	1	1	0:01:16.559829
9540	5	5	0.208	1	5	1	0:01:16.322474
9560	9	7	0.354	0	7	0	0:01:17.938293
9580	1	1	0.684	1	1	1	0:01:17.753301
9600	8	8	0.61	1	8	1	0:01:16.645351
9620	4	4	0.44	1	4	1	0:01:16.631353
9640	5	-1	0.0	0	5	1	0:01:16.211331
9660	6	6	1.72	1	6	1	0:01:16.512406
9680	8	8	1.52	1	8	1	0:01:17.978973
9700	0	0	1.08	1	0	1	0:01:18.340654
9720	8	1	0.0166	0	1	0	0:01:16.593760
9740	3	6	0.313	0	6	0	0:01:16.535790
9760	9	-1	0.0	0	9	1	0:01:16.430929
9780	4	6	0.0346	0	6	0	0:01:16.475094
9800	1	1	1.86	1	1	1	0:01:16.475408
9820	0	8	0.333	0	8	0	0:01:16.528683
9840	4	-1	0.0	0	-1	0	0:01:16.529803
9860	0	5	0.162	0	5	0	0:01:16.882615
9880	7	7	0.204	1	7	1	0:01:16.545549
9900	8	8	0.561	1	8	1	0:01:16.564745
9920	6	6	0.811	1	6	1	0:01:16.771908
9940	4	5	0.251	0	5	0	0:01:16.266455
9960	2	0	1.32	0	0	0	0:01:16.505251
9980	0	0	1.72	1	0	1	0:01:16.593407
