idx	predict	radius	unperturbed predict	time
0	0	1.29	0	0:02:55.651344
100	1	1.43	1	0:02:52.347534
200	0	1.41	0	0:02:52.043274
300	1	1.4	1	0:02:51.977275
400	1	0.74	1	0:02:52.216672
500	1	1.89	1	0:02:52.571013
600	0	1.72	0	0:02:52.406971
700	1	1.89	1	0:02:52.434197
800	-1	0.0	-1	0:02:52.116927
900	0	1.13	0	0:02:52.371670
1000	1	0.804	1	0:02:51.822506
1100	1	0.432	1	0:02:51.465670
1200	1	1.53	1	0:02:51.310071
1300	0	0.906	0	0:02:51.813123
1400	0	1.24	0	0:02:51.299943
1500	1	0.631	1	0:02:51.500543
1600	0	0.935	0	0:02:51.239755
1700	0	1.34	0	0:02:51.529931
1800	1	1.64	1	0:02:51.101092
1900	1	0.179	1	0:02:51.500847
2000	0	0.958	0	0:02:51.359917
2100	1	0.348	1	0:02:52.057308
2200	0	0.371	0	0:02:52.657541
2300	1	1.74	1	0:02:52.029895
2400	0	0.973	0	0:02:52.817461
2500	0	0.0338	0	0:02:52.485641
2600	0	0.556	0	0:02:53.282923
2700	0	0.187	0	0:02:52.749657
2800	1	1.72	1	0:02:52.849575
2900	0	1.62	0	0:02:52.279015
3000	0	0.338	0	0:02:52.869987
3100	1	0.95	1	0:02:52.872511
3200	1	0.947	1	0:02:52.746815
3300	0	0.731	0	0:02:53.021087
3400	1	0.185	1	0:02:52.931507
3500	1	1.89	1	0:02:52.934125
3600	1	0.638	1	0:02:52.847398
3700	1	0.716	1	0:02:55.444569
3800	0	0.989	0	0:02:57.951189
3900	1	0.896	1	0:02:58.814401
4000	1	1.89	1	0:02:57.231234
4100	1	0.952	1	0:02:57.702836
4200	0	0.472	0	0:02:57.447769
4300	1	1.52	1	0:02:57.263684
4400	1	0.101	1	0:02:57.033611
4500	1	1.89	1	0:02:56.965523
4600	0	0.419	0	0:02:56.994714
4700	1	1.89	1	0:02:57.083393
4800	1	1.89	1	0:02:56.972518
4900	0	0.608	0	0:02:57.222656
5000	1	1.89	1	0:02:56.961789
5100	1	1.82	1	0:02:56.839096
5200	0	0.133	0	0:02:57.104940
5300	1	1.09	1	0:02:56.906741
5400	0	0.5	0	0:02:57.331474
5500	1	1.89	1	0:02:57.338492
5600	0	0.478	0	0:02:57.004627
5700	1	0.431	1	0:02:57.139699
5800	1	1.37	1	0:02:57.053918
5900	1	0.792	1	0:02:57.211363
6000	0	1.41	0	0:02:57.132121
6100	1	0.199	1	0:02:57.001565
6200	0	0.682	0	0:02:56.878780
6300	0	0.326	0	0:02:57.482664
6400	1	1.89	1	0:02:56.843185
6500	1	1.08	1	0:02:56.889702
6600	1	1.89	1	0:02:56.952928
6700	0	0.844	0	0:02:57.028889
6800	1	1.89	1	0:02:56.846152
6900	1	1.5	1	0:02:57.083013
7000	1	1.89	1	0:02:56.858654
7100	1	0.092	1	0:02:56.982923
7200	1	0.196	1	0:02:57.078483
7300	0	1.29	0	0:02:57.148373
7400	1	1.89	1	0:02:57.008286
7500	1	0.224	1	0:02:57.343840
7600	1	1.52	1	0:02:56.931703
7700	0	0.186	0	0:02:57.200706
7800	1	1.86	1	0:02:56.846749
7900	0	0.809	0	0:02:57.064105
8000	1	1.62	1	0:02:57.010566
8100	1	0.482	1	0:02:56.962107
8200	0	0.83	0	0:02:57.423372
8300	0	0.554	0	0:02:56.945946
8400	0	1.89	0	0:02:56.971061
8500	0	0.61	0	0:02:57.084920
8600	0	1.48	0	0:02:57.172981
8700	0	0.997	0	0:02:57.119881
8800	1	0.272	1	0:02:57.084659
8900	1	1.8	1	0:02:57.194422
9000	0	1.01	0	0:02:56.976426
9100	0	1.89	0	0:02:57.010375
9200	0	1.64	0	0:02:56.917840
9300	1	0.0747	1	0:02:56.965990
9400	0	0.699	0	0:02:56.889033
9500	1	1.89	1	0:02:56.964205
9600	0	0.339	0	0:02:56.783968
9700	0	1.68	0	0:02:57.040910
9800	1	1.17	1	0:02:56.941860
9900	1	0.304	1	0:02:57.149310
10000	0	1.51	0	0:02:56.826108
10100	0	0.486	0	0:02:56.923184
10200	1	1.89	1	0:02:56.837041
10300	1	0.944	1	0:02:56.970827
10400	0	0.968	0	0:02:56.820155
10500	-1	0.0	-1	0:02:56.835361
10600	0	0.794	0	0:02:56.983799
10700	0	1.25	0	0:02:57.072356
10800	1	0.257	1	0:02:56.842550
10900	1	1.86	1	0:02:57.136957
11000	1	0.21	1	0:02:57.093265
11100	0	1.76	0	0:02:57.124437
11200	0	1.86	0	0:02:56.776269
11300	1	0.887	1	0:02:57.016245
11400	1	0.376	1	0:02:56.944713
11500	1	1.89	1	0:02:57.058913
11600	0	0.0406	0	0:02:56.922552
11700	0	1.58	0	0:02:56.924513
11800	0	1.76	0	0:02:56.927442
11900	0	0.53	0	0:02:56.926055
12000	1	0.758	1	0:02:56.728854
12100	0	0.933	0	0:02:57.194586
12200	1	1.89	1	0:02:56.908400
12300	0	1.58	0	0:02:56.976866
12400	1	0.893	1	0:02:56.881437
12500	0	1.57	0	0:02:57.046346
12600	0	0.748	0	0:02:57.045363
12700	0	0.678	0	0:02:56.976152
12800	1	0.714	1	0:02:57.164278
12900	0	0.151	0	0:02:57.010334
13000	1	1.66	1	0:02:57.450776
13100	1	1.89	1	0:02:57.174690
13200	0	0.961	0	0:02:56.800843
13300	1	0.413	1	0:02:57.061223
13400	1	1.43	1	0:02:57.300884
13500	1	1.86	1	0:02:57.303796
13600	0	0.394	0	0:02:57.043318
13700	1	1.89	1	0:02:57.079785
13800	1	1.89	1	0:02:57.308088
13900	1	0.254	1	0:02:57.512286
14000	1	1.54	1	0:02:57.735914
14100	1	0.484	1	0:02:57.045595
14200	1	1.89	1	0:02:57.094548
14300	1	1.89	1	0:02:57.331292
14400	1	1.89	1	0:02:57.165128
14500	1	1.89	1	0:02:57.452286
14600	1	1.89	1	0:02:56.859404
14700	1	1.26	1	0:02:57.094066
14800	0	0.273	0	0:02:57.110291
14900	0	1.44	0	0:02:57.156469
15000	1	1.89	1	0:02:57.201241
15100	0	0.677	0	0:02:57.262740
15200	0	0.181	0	0:02:57.230918
15300	1	0.236	1	0:02:57.232926
15400	0	0.382	0	0:02:57.143032
15500	1	1.77	1	0:02:57.433952
15600	0	1.56	0	0:02:56.891219
15700	0	0.132	0	0:02:57.059975
15800	1	1.78	1	0:02:56.980433
15900	0	0.0404	0	0:02:57.278861
16000	1	1.89	1	0:02:57.042590
16100	0	0.318	0	0:02:57.100740
16200	1	1.42	1	0:02:57.016535
16300	1	1.89	1	0:02:57.075981
16400	1	1.66	1	0:02:56.758328
16500	1	0.189	1	0:02:57.106037
16600	0	0.797	0	0:02:56.832973
16700	1	0.0724	1	0:02:57.200063
16800	0	0.204	0	0:02:56.941494
16900	0	1.89	0	0:02:57.085882
17000	1	1.89	1	0:02:57.041522
17100	0	0.571	0	0:02:57.091869
17200	1	0.609	1	0:02:56.968104
17300	0	1.29	0	0:02:57.067432
17400	1	1.08	1	0:02:57.096106
17500	1	1.89	1	0:02:57.310679
17600	1	0.173	1	0:02:56.951977
17700	1	0.835	1	0:02:57.020092
17800	0	1.46	0	0:02:57.005455
17900	1	0.387	1	0:02:57.303697
18000	1	1.15	1	0:02:57.136495
18100	1	1.89	1	0:02:57.291581
18200	1	0.912	1	0:02:57.068219
18300	0	0.615	0	0:02:57.015893
18400	1	0.198	1	0:02:57.216320
18500	1	1.89	1	0:02:58.349007
18600	0	0.393	0	0:02:57.292023
18700	0	1.46	0	0:02:54.974777
18800	1	0.959	1	0:02:54.044369
18900	0	1.22	0	0:02:56.421984
19000	1	0.0235	1	0:02:56.873197
19100	1	1.72	1	0:02:57.010754
19200	0	1.25	0	0:02:57.241076
19300	1	1.14	1	0:02:57.332762
19400	1	0.933	1	0:02:56.291921
19500	1	1.06	1	0:02:55.890344
19600	0	0.244	0	0:02:52.766631
19700	0	1.89	0	0:02:52.503597
19800	1	1.89	1	0:02:52.442502
19900	1	0.268	1	0:02:52.413170
20000	0	0.8	0	0:02:52.421333
20100	0	1.57	0	0:02:52.628585
20200	1	1.89	1	0:02:52.439728
20300	1	0.459	1	0:02:52.502227
20400	0	0.871	0	0:02:52.372927
20500	0	1.41	0	0:02:52.178868
20600	0	0.49	0	0:02:52.020878
20700	0	0.604	0	0:02:52.149923
20800	1	1.5	1	0:02:53.692075
20900	0	0.148	0	0:02:55.306803
21000	0	1.58	0	0:02:55.080692
21100	0	1.02	0	0:02:56.120614
21200	0	1.65	0	0:02:55.244552
21300	1	1.84	1	0:02:56.204574
21400	1	1.59	1	0:02:54.909437
21500	-1	0.0	1	0:02:54.564111
21600	1	1.68	1	0:02:53.804374
21700	0	1.51	0	0:02:53.512963
21800	1	1.39	1	0:02:54.085588
21900	0	1.66	0	0:02:54.112143
22000	0	1.49	0	0:02:54.014229
22100	0	0.803	0	0:02:54.159643
22200	0	1.89	0	0:02:53.784833
22300	0	0.308	0	0:02:53.740460
22400	0	1.53	0	0:02:53.202415
22500	0	1.13	0	0:02:53.244997
22600	0	0.446	0	0:02:54.044025
22700	1	0.921	1	0:02:53.792198
22800	0	0.169	0	0:02:54.041441
22900	0	0.122	0	0:02:53.720399
23000	0	1.14	0	0:02:55.456621
23100	0	0.998	0	0:02:54.186473
23200	0	0.957	0	0:02:53.948749
23300	1	1.42	1	0:02:54.706139
23400	1	0.992	1	0:02:53.302224
23500	0	0.469	0	0:02:53.752043
23600	1	1.89	1	0:02:53.049722
23700	0	0.937	0	0:02:53.304908
23800	1	0.295	1	0:02:53.635271
23900	0	1.01	0	0:02:54.057755
24000	0	1.49	0	0:02:53.271814
24100	0	1.18	0	0:02:53.390787
24200	1	1.84	1	0:02:55.614810
24300	1	1.89	1	0:02:55.812928
24400	0	0.718	0	0:02:55.220773
24500	0	1.15	0	0:02:55.069404
24600	0	0.126	0	0:02:54.878945
24700	0	1.3	0	0:02:55.557626
24800	0	0.826	0	0:02:55.222399
24900	1	1.89	1	0:02:55.949610
25000	1	1.77	1	0:02:55.319299
25100	1	0.0151	-1	0:02:55.004355
25200	0	1.62	0	0:02:55.146795
25300	0	0.417	0	0:02:55.234114
25400	1	1.89	1	0:02:54.967704
25500	1	1.6	1	0:02:55.392556
25600	0	1.55	0	0:02:55.007392
25700	1	1.89	1	0:02:55.140046
25800	0	1.66	0	0:02:56.338162
25900	1	1.84	1	0:02:56.759996
26000	1	0.578	1	0:02:56.692278
26100	1	0.77	1	0:02:57.170142
26200	0	1.89	0	0:02:57.050236
26300	0	1.79	0	0:02:57.164874
26400	0	1.53	0	0:02:56.846758
26500	0	0.439	0	0:02:56.893356
26600	0	0.604	0	0:02:57.227254
26700	0	1.89	0	0:02:57.079867
26800	1	0.348	1	0:02:57.318771
26900	1	1.86	1	0:02:57.087984
27000	1	1.3	1	0:02:56.892774
27100	0	1.71	0	0:02:57.371981
27200	0	0.579	0	0:02:56.957190
27300	1	0.472	1	0:02:56.903374
27400	1	1.55	1	0:02:56.783982
27500	1	1.89	1	0:02:57.354577
27600	1	1.89	1	0:02:57.034998
27700	1	0.265	1	0:02:57.045107
27800	0	0.826	0	0:02:57.094518
27900	0	1.18	0	0:02:56.895561
28000	0	0.776	0	0:02:57.261644
28100	1	1.86	1	0:02:57.029919
28200	0	0.768	0	0:02:57.113635
28300	1	0.0611	1	0:02:56.895374
28400	0	0.414	0	0:02:56.872440
28500	0	1.86	0	0:02:56.897209
28600	0	1.61	0	0:02:56.817576
28700	1	1.89	1	0:02:56.956545
28800	0	1.89	0	0:02:56.836593
28900	-1	0.0	1	0:02:57.178396
29000	1	0.451	1	0:02:57.204047
29100	0	1.72	0	0:02:57.506613
29200	0	0.944	0	0:02:56.894952
29300	1	1.64	1	0:02:57.584877
29400	1	1.18	1	0:02:56.954341
29500	1	0.363	1	0:02:56.822412
29600	1	0.253	1	0:02:57.066344
29700	0	1.48	0	0:02:56.880959
29800	0	1.7	0	0:02:54.900392
29900	0	1.89	0	0:02:54.030164
30000	0	0.615	0	0:02:54.061036
30100	1	1.89	1	0:02:54.798231
30200	0	0.961	0	0:02:54.578540
30300	1	1.89	1	0:02:54.235218
30400	0	1.26	0	0:02:54.245106
30500	0	1.89	0	0:02:54.045175
30600	1	1.89	1	0:02:53.849056
30700	0	0.592	0	0:02:54.050080
30800	0	1.86	0	0:02:53.645872
30900	0	1.67	0	0:02:53.990407
31000	0	1.89	0	0:02:54.583277
31100	1	1.89	1	0:02:54.365209
31200	0	1.89	0	0:02:53.693426
31300	0	1.89	0	0:02:53.628092
31400	0	1.58	0	0:02:52.578066
31500	0	0.276	0	0:02:51.714346
31600	1	0.235	1	0:02:51.970259
31700	1	1.86	1	0:02:51.696175
31800	1	1.89	1	0:02:51.441722
31900	1	0.762	1	0:02:51.617651
32000	1	1.89	1	0:02:51.605445
32100	1	1.89	1	0:02:51.594670
32200	1	1.8	1	0:02:51.238383
32300	1	0.712	1	0:02:51.399418
32400	0	0.941	0	0:02:51.663068
32500	0	1.67	0	0:02:51.950869
32600	1	0.409	1	0:02:51.641801
32700	0	1.61	0	0:02:51.424137
32800	0	1.49	0	0:02:51.364846
32900	1	1.89	1	0:02:51.721069
33000	0	0.0256	0	0:02:51.153023
33100	0	1.56	0	0:02:51.378965
33200	0	1.84	0	0:02:51.562673
33300	0	0.442	0	0:02:51.316291
33400	0	1.15	0	0:02:51.340374
33500	1	0.336	1	0:02:51.042104
33600	0	0.731	0	0:02:51.517731
33700	0	1.86	0	0:02:51.454523
33800	0	1.52	0	0:02:51.590908
33900	1	1.25	1	0:02:51.431933
34000	0	1.89	0	0:02:51.443651
34100	0	0.091	0	0:02:51.489142
34200	1	0.694	1	0:02:51.259907
34300	0	1.77	0	0:02:51.382276
34400	1	1.89	1	0:02:51.348804
34500	1	0.981	1	0:02:51.359850
34600	0	1.35	0	0:02:51.771215
34700	1	1.89	1	0:02:51.545058
34800	0	1.69	0	0:02:51.767082
34900	1	0.244	1	0:02:51.401825
35000	0	1.28	0	0:02:51.418597
35100	1	0.206	1	0:02:51.430938
35200	0	0.643	0	0:02:51.502509
35300	0	1.13	0	0:02:51.617648
35400	1	0.0257	1	0:02:51.618130
35500	0	1.89	0	0:02:51.310057
35600	0	0.815	0	0:02:51.421619
35700	1	1.72	1	0:02:51.841242
35800	1	0.472	1	0:02:51.150699
35900	0	1.32	0	0:02:51.426279
36000	0	0.271	0	0:02:51.282998
36100	1	1.86	1	0:02:51.541152
36200	1	1.89	1	0:02:51.675025
36300	1	1.77	1	0:02:51.387074
36400	0	1.51	0	0:02:51.462713
36500	0	1.46	0	0:02:51.446999
36600	1	0.971	1	0:02:51.234846
36700	1	1.82	1	0:02:51.458715
36800	1	1.89	1	0:02:51.900093
36900	0	0.327	0	0:02:51.502082
37000	0	1.79	0	0:02:51.423465
37100	0	1.66	0	0:02:51.545377
37200	1	1.67	1	0:02:51.450136
37300	1	1.89	1	0:02:51.546079
37400	0	1.89	0	0:02:51.551113
37500	0	1.17	0	0:02:51.448458
37600	0	0.68	0	0:02:51.421408
37700	0	1.48	0	0:02:51.321522
37800	0	0.0636	0	0:02:51.283513
37900	0	1.47	0	0:02:51.698113
38000	0	1.89	0	0:02:51.710890
38100	0	1.38	0	0:02:51.365989
38200	0	1.79	0	0:02:51.360316
38300	1	1.89	1	0:02:51.634397
38400	0	1.51	0	0:02:51.243686
38500	0	0.845	0	0:02:51.264437
38600	0	1.89	0	0:02:51.165978
38700	0	0.269	0	0:02:51.736823
38800	0	0.433	0	0:02:51.422124
38900	0	1.61	0	0:02:51.308558
39000	0	0.874	0	0:02:51.442717
39100	0	1.89	0	0:02:51.325202
39200	0	1.89	0	0:02:51.397954
39300	0	1.67	0	0:02:51.252598
39400	0	1.39	0	0:02:51.121921
39500	1	0.23	1	0:02:51.369221
39600	0	1.8	0	0:02:51.168755
39700	1	0.281	1	0:02:51.460646
39800	1	1.89	1	0:02:51.290535
39900	1	1.89	1	0:02:51.386134
40000	1	1.24	1	0:02:51.344674
40100	1	1.08	1	0:02:51.356640
40200	0	0.407	0	0:02:51.235083
40300	1	1.57	1	0:02:51.434378
40400	0	0.255	0	0:02:51.304673
40500	1	1.89	1	0:02:51.341608
40600	1	1.89	1	0:02:51.163334
40700	0	0.778	0	0:02:51.244362
40800	1	1.48	1	0:02:51.267083
40900	0	1.64	0	0:02:51.391887
41000	0	0.624	0	0:02:51.229595
41100	1	1.72	1	0:02:51.636125
41200	0	0.201	0	0:02:51.236526
41300	1	1.89	1	0:02:51.487629
41400	0	0.703	0	0:02:51.185407
41500	0	1.86	0	0:02:51.237591
41600	1	0.329	1	0:02:51.386560
41700	0	1.24	0	0:02:51.415947
41800	0	1.8	0	0:02:50.983911
41900	0	0.932	0	0:02:51.313065
42000	1	1.09	1	0:02:51.479068
42100	0	1.33	0	0:02:51.433449
42200	1	1.86	1	0:02:51.242244
42300	0	1.13	0	0:02:51.470155
42400	0	1.44	0	0:02:51.326874
42500	1	0.0439	1	0:02:51.457456
42600	1	1.89	1	0:02:51.624313
42700	0	0.987	0	0:02:51.280294
42800	0	0.298	0	0:02:51.051055
42900	0	1.89	0	0:02:51.325920
43000	0	1.86	0	0:02:51.445603
43100	0	0.192	0	0:02:51.277406
43200	0	0.913	0	0:02:51.278273
43300	0	1.51	0	0:02:51.295243
43400	0	1.89	0	0:02:51.505760
43500	0	0.661	0	0:02:51.821008
43600	0	0.159	0	0:02:51.591920
43700	1	1.7	1	0:02:51.742825
43800	0	1.76	0	0:02:51.265233
43900	1	1.14	1	0:02:51.687229
44000	0	1.01	0	0:02:51.567166
44100	0	1.89	0	0:02:51.536381
44200	1	1.05	1	0:02:51.330884
44300	-1	0.0	-1	0:02:53.913065
44400	0	0.15	0	0:02:52.324847
44500	1	0.955	1	0:02:51.759284
44600	0	0.638	0	0:02:51.220438
44700	1	1.33	1	0:02:51.448888
44800	0	0.595	0	0:02:51.596899
44900	0	1.11	0	0:02:51.463876
45000	1	1.89	1	0:02:51.192548
45100	1	1.89	1	0:02:51.517230
45200	0	0.235	0	0:02:51.318949
45300	1	1.59	1	0:02:51.191064
45400	1	0.494	1	0:02:51.421549
45500	1	1.58	1	0:02:52.371047
45600	0	0.241	0	0:02:53.729382
45700	1	1.82	1	0:02:53.573321
45800	1	1.89	1	0:02:53.742193
45900	1	1.89	1	0:02:53.531324
46000	0	1.89	0	0:02:53.810214
46100	1	1.02	1	0:02:53.325929
46200	1	0.994	1	0:02:53.692497
46300	1	1.51	1	0:02:55.135634
46400	0	1.89	0	0:02:56.754136
46500	1	0.287	1	0:02:56.879704
46600	1	0.0834	1	0:02:56.595106
46700	0	1.11	0	0:02:56.631823
46800	1	1.25	1	0:02:56.319042
46900	0	0.249	0	0:02:56.673659
47000	0	1.13	0	0:02:56.442743
47100	1	1.89	1	0:02:56.324853
47200	1	1.73	1	0:02:56.496507
47300	1	1.89	1	0:02:56.703109
47400	1	1.89	1	0:02:56.843012
47500	1	1.89	1	0:02:56.368370
47600	1	1.89	1	0:02:56.309950
47700	0	1.34	0	0:02:56.548137
47800	1	1.66	1	0:02:56.163675
47900	0	0.934	0	0:02:56.631981
48000	0	0.799	0	0:02:56.134274
48100	0	0.782	0	0:02:56.806505
48200	0	1.66	0	0:02:57.178724
48300	0	1.66	0	0:02:57.279572
48400	0	0.865	0	0:02:56.587257
48500	1	1.41	1	0:02:56.473244
48600	0	0.14	0	0:02:56.239580
48700	1	1.77	1	0:02:56.535872
48800	0	1.69	0	0:02:56.489603
48900	0	1.72	0	0:02:56.462868
49000	1	1.44	1	0:02:56.471115
49100	0	0.273	0	0:02:56.758560
49200	1	1.89	1	0:02:56.862600
49300	1	1.89	1	0:02:56.677282
49400	0	0.931	0	0:02:56.192326
49500	0	0.578	0	0:02:56.814319
49600	1	0.932	1	0:02:56.586159
49700	1	1.89	1	0:02:56.945152
49800	0	0.359	0	0:02:56.689915
49900	1	1.89	1	0:02:56.227988
