idx	mean	std	min	25 percentile	50 percentile	75 percentile	max
0	0.4005	0.1018	0.1537	0.3287	0.3916	0.4615	0.7231
100	0.06529	0.0276	0.01551	0.04552	0.06079	0.07861	0.1846
200	0.6347	0.1073	0.1668	0.589	0.6623	0.7078	0.8173
300	0.08471	0.01943	0.02834	0.07141	0.08746	0.09883	0.165
400	0.07122	0.06175	0.01292	0.03367	0.05144	0.08183	0.4476
500	0.02765	0.014	0.003975	0.01747	0.02483	0.03545	0.1167
600	0.6079	0.09188	0.3128	0.5529	0.6227	0.6765	0.789
700	0.003555	0.003311	0.0002438	0.001619	0.002462	0.004321	0.02669
800	0.2046	0.1327	0.008344	0.09207	0.1784	0.3106	0.6115
900	0.362	0.07692	0.1148	0.3156	0.3604	0.4121	0.5852
1000	0.04644	0.06252	0.001032	0.008678	0.02241	0.05738	0.4242
1100	0.1259	0.0516	0.02145	0.0863	0.1203	0.1597	0.2845
1200	0.009818	0.0142	0.0001046	0.002639	0.005339	0.01042	0.1424
1300	0.2817	0.05778	0.09547	0.2457	0.285	0.3171	0.4773
1400	0.4661	0.08887	0.09643	0.4169	0.4825	0.5274	0.6627
1500	0.0834	0.06703	0.007867	0.03919	0.0633	0.1022	0.412
1600	0.3689	0.1013	0.09203	0.2981	0.3749	0.4453	0.6443
1700	0.5472	0.1013	0.1124	0.4919	0.5705	0.6197	0.7171
1800	0.1415	0.009286	0.08909	0.1364	0.1421	0.1485	0.1592
1900	0.1502	0.07037	0.01795	0.09943	0.141	0.1921	0.4153
2000	0.3355	0.08859	0.119	0.2736	0.3343	0.4034	0.5449
2100	0.1161	0.08845	0.003581	0.05655	0.09135	0.1507	0.5219
2200	0.2065	0.04616	0.09506	0.1736	0.2037	0.2321	0.3559
2300	0.1038	0.006131	0.08411	0.1004	0.1038	0.1068	0.1331
2400	0.414	0.1376	0.04261	0.3208	0.4123	0.5124	0.7305
2500	0.1828	0.0869	0.01736	0.1162	0.1762	0.2373	0.4822
2600	0.2205	0.04664	0.1007	0.1881	0.2177	0.25	0.4546
2700	0.1869	0.04037	0.04927	0.1598	0.1869	0.2175	0.2777
2800	0.02102	0.0138	0.002515	0.0117	0.01755	0.0262	0.08823
2900	0.4952	0.07367	0.2191	0.451	0.4958	0.5494	0.6772
3000	0.1903	0.03062	0.09105	0.1669	0.1903	0.2117	0.2808
3100	0.09718	0.03277	0.02444	0.07432	0.09383	0.1168	0.2179
3200	0.1072	0.02816	0.0432	0.08864	0.1045	0.1228	0.2806
3300	0.4044	0.1389	0.0334	0.3197	0.4103	0.5165	0.6882
3400	0.1513	0.07745	0.01681	0.09166	0.1365	0.2055	0.3972
3500	0.002209	0.001842	0.0003245	0.001116	0.001721	0.002639	0.02201
3600	0.1373	0.02281	0.08046	0.1223	0.1352	0.1513	0.2258
3700	0.06996	0.05479	0.002087	0.02918	0.0536	0.09581	0.2869
3800	0.4699	0.1144	0.09446	0.4159	0.4832	0.5532	0.6763
3900	0.07917	0.04752	0.005081	0.0409	0.0716	0.1098	0.2766
4000	0.003708	0.003433	0.0002319	0.001659	0.002603	0.004664	0.02623
4100	0.09285	0.03566	0.03013	0.06866	0.08817	0.1088	0.3822
4200	0.3366	0.1495	0.04222	0.224	0.3339	0.4368	0.7161
4300	0.1132	0.0112	0.0797	0.1067	0.1113	0.1179	0.1844
4400	0.1552	0.06226	0.02509	0.1115	0.15	0.1981	0.3731
4500	0.003511	0.003421	0.000278	0.001399	0.002432	0.004281	0.02593
4600	0.2442	0.08762	0.04429	0.1832	0.2418	0.2928	0.6188
4700	0.01706	0.01194	0.001592	0.009011	0.01386	0.02126	0.08276
4800	0.007274	0.002987	0.001838	0.005081	0.006759	0.008936	0.01884
4900	0.2841	0.09555	0.06928	0.2156	0.2829	0.3441	0.6261
5000	0.01467	0.008014	0.00241	0.009433	0.01306	0.01814	0.07634
5100	0.007379	0.005802	0.0006614	0.003871	0.005907	0.00878	0.05505
5200	0.1821	0.05929	0.02027	0.1374	0.1893	0.2276	0.3218
5300	0.04726	0.039	0.001778	0.01824	0.03613	0.06567	0.2098
5400	0.3723	0.1665	0.02725	0.2424	0.3884	0.4973	0.7254
5500	0.04096	0.01645	0.01094	0.02928	0.03932	0.05024	0.1145
5600	0.3857	0.1757	0.01426	0.2436	0.3867	0.532	0.7565
5700	0.1089	0.07856	0.005583	0.0514	0.08785	0.1404	0.4117
5800	0.007348	0.01523	5.118e-05	0.0009459	0.002558	0.006918	0.1744
5900	0.121	0.02832	0.05153	0.104	0.1188	0.1336	0.3148
6000	0.4159	0.07613	0.1718	0.3653	0.4146	0.4692	0.5964
6100	0.145	0.08222	0.02404	0.08452	0.1283	0.1837	0.4921
6200	0.2336	0.05002	0.0871	0.1984	0.232	0.2634	0.4313
6300	0.2088	0.05916	0.04248	0.1702	0.2092	0.2451	0.408
6400	0.01648	0.008098	0.002815	0.01082	0.01512	0.02007	0.06333
6500	0.04676	0.03654	0.002153	0.01828	0.03638	0.06452	0.1935
6600	0.01224	0.008252	0.001666	0.006536	0.009959	0.01529	0.05507
6700	0.2914	0.07388	0.1244	0.2376	0.2874	0.339	0.555
6800	1.596e-05	1.771e-05	5.826e-07	6.567e-06	1.095e-05	1.95e-05	0.0002066
6900	0.01929	0.02048	0.0007064	0.006697	0.01205	0.02456	0.1622
7000	0.0162	0.008019	0.002789	0.01059	0.01429	0.02082	0.05613
7100	0.1621	0.05874	0.0211	0.125	0.1574	0.2019	0.3379
7200	0.1476	0.07853	0.0157	0.08787	0.1387	0.1905	0.4679
7300	0.3876	0.07947	0.1481	0.3333	0.3878	0.4416	0.5888
7400	0.000333	0.0003154	3.589e-05	0.0001423	0.0002316	0.0003971	0.002904
7500	0.159	0.0993	0.0186	0.08554	0.137	0.204	0.6675
7600	0.0588	0.02376	0.0142	0.04232	0.0542	0.07293	0.1729
7700	0.1995	0.06436	0.04676	0.1547	0.1937	0.2385	0.427
7800	0.06197	0.0233	0.01638	0.04528	0.05884	0.07612	0.1261
7900	0.3088	0.08782	0.09653	0.2518	0.304	0.3642	0.6112
8000	0.01448	0.0207	0.0001562	0.00247	0.006907	0.0169	0.1565
8100	0.1089	0.06085	0.0181	0.06589	0.0921	0.1373	0.4047
8200	0.3133	0.08032	0.08469	0.2658	0.3193	0.3662	0.5386
8300	0.1927	0.02216	0.134	0.1788	0.1899	0.2058	0.2792
8400	0.6578	0.06048	0.2514	0.6291	0.6707	0.6961	0.7686
8500	0.2417	0.05712	0.0691	0.2031	0.2441	0.2795	0.4145
8600	0.3642	0.07003	0.1607	0.3162	0.3607	0.4151	0.5572
8700	0.3073	0.07041	0.101	0.2594	0.303	0.3593	0.496
8800	0.1301	0.05942	0.01601	0.08298	0.1271	0.171	0.307
8900	0.0242	0.01647	0.001801	0.01252	0.02053	0.03212	0.111
9000	0.3063	0.07179	0.07907	0.2544	0.3006	0.3491	0.5851
9100	0.6675	0.0644	0.4066	0.633	0.6778	0.7171	0.7771
9200	0.4215	0.05806	0.1587	0.3893	0.421	0.4554	0.5893
9300	0.1666	0.03952	0.0451	0.1425	0.1624	0.1899	0.3962
9400	0.2676	0.07005	0.07739	0.2181	0.274	0.3139	0.4649
9500	0.01308	0.00552	0.004002	0.008895	0.01243	0.01579	0.03743
9600	0.2522	0.1032	0.06024	0.1726	0.2414	0.3233	0.5552
9700	0.5865	0.07033	0.2201	0.5531	0.6044	0.6335	0.7196
9800	0.05204	0.02999	0.009344	0.03043	0.04468	0.06788	0.1727
9900	0.1483	0.04438	0.03972	0.1162	0.1419	0.1729	0.3218
10000	0.3824	0.05265	0.2124	0.3505	0.3877	0.4209	0.5171
10100	0.2122	0.04236	0.09587	0.1821	0.2117	0.24	0.3468
10200	0.0992	0.008163	0.05998	0.09632	0.1017	0.1042	0.1377
10300	0.08482	0.03808	0.007616	0.05573	0.08185	0.1089	0.2329
10400	0.2647	0.04559	0.09368	0.2361	0.2653	0.2927	0.4811
10500	0.1742	0.0788	0.01544	0.1091	0.1649	0.226	0.4407
10600	0.2644	0.05354	0.05643	0.2354	0.2727	0.3008	0.3883
10700	0.4148	0.07702	0.09614	0.3693	0.4152	0.4605	0.6729
10800	0.1329	0.08889	0.008011	0.07035	0.1058	0.1773	0.4982
10900	0.05612	0.015	0.0253	0.04479	0.05389	0.06512	0.1199
11000	0.1502	0.09337	0.02102	0.08367	0.1327	0.1875	0.623
11100	0.5486	0.071	0.3134	0.5088	0.5574	0.5974	0.7044
11200	0.5056	0.06506	0.2794	0.4626	0.5056	0.5521	0.6741
11300	0.08325	0.04429	0.005064	0.05177	0.07539	0.1079	0.2908
11400	0.1066	0.09526	0.001819	0.03537	0.07222	0.1581	0.5148
11500	0.09744	0.007456	0.0626	0.09504	0.09959	0.1021	0.1141
11600	0.1784	0.05892	0.05687	0.1355	0.1723	0.216	0.4199
11700	0.3753	0.04766	0.1785	0.3512	0.3799	0.4074	0.4952
11800	0.4742	0.0731	0.1923	0.4284	0.481	0.5292	0.6468
11900	0.1883	0.01974	0.1299	0.1755	0.1853	0.1981	0.2751
12000	0.1371	0.0209	0.08805	0.1236	0.1345	0.1504	0.2402
12100	0.2784	0.05052	0.08516	0.2527	0.2854	0.3106	0.4067
12200	0.004151	0.005339	0.0003736	0.001576	0.002648	0.004534	0.06737
12300	0.4005	0.05464	0.2076	0.368	0.4043	0.4402	0.5291
12400	0.1586	0.007386	0.1186	0.1561	0.1598	0.1626	0.1758
12500	0.4613	0.07733	0.2157	0.4081	0.4618	0.5155	0.6871
12600	0.2742	0.06531	0.09248	0.2305	0.2747	0.3156	0.4995
12700	0.3303	0.1178	0.08062	0.229	0.3321	0.4162	0.651
12800	0.09869	0.04304	0.0302	0.06804	0.08935	0.1209	0.2598
12900	0.1823	0.05488	0.04659	0.1445	0.1815	0.2222	0.4307
13000	0.06399	0.03071	0.006845	0.0371	0.0615	0.08977	0.1363
13100	0.01168	0.009596	0.00114	0.005232	0.008991	0.01459	0.06568
13200	0.2585	0.04431	0.1413	0.2277	0.2573	0.2858	0.4243
13300	0.1441	0.03317	0.09205	0.1199	0.1357	0.1622	0.3383
13400	0.04104	0.02705	0.005491	0.02219	0.03418	0.05265	0.1895
13500	0.0342	0.01562	0.009432	0.02286	0.03066	0.04115	0.1154
13600	0.2182	0.05796	0.1012	0.1747	0.2151	0.2575	0.3991
13700	0.006848	0.007817	0.0005548	0.002819	0.00461	0.008076	0.08938
13800	0.004291	0.004908	0.0001243	0.001473	0.002763	0.005024	0.03934
13900	0.1591	0.02392	0.1111	0.1415	0.1559	0.1724	0.2881
14000	0.0437	0.02557	0.005228	0.02554	0.03734	0.05523	0.1491
14100	0.1649	0.006608	0.1464	0.1607	0.1645	0.1685	0.1892
14200	0.002628	0.002021	0.0003451	0.001335	0.002089	0.003262	0.01453
14300	0.01065	0.01222	0.0002878	0.003574	0.006769	0.01319	0.1026
14400	0.05101	0.01812	0.009471	0.03682	0.0493	0.06333	0.1088
14500	0.03441	0.01231	0.01107	0.02548	0.03293	0.04123	0.08868
14600	0.07209	0.01574	0.03013	0.0612	0.07315	0.08371	0.1053
14700	0.02161	0.03404	0.000638	0.00569	0.01115	0.02134	0.2855
14800	0.2356	0.1143	0.02101	0.1615	0.2138	0.287	0.6705
14900	0.502	0.07865	0.0871	0.4658	0.5158	0.5524	0.667
15000	0.00166	0.001925	5.084e-05	0.0005327	0.001021	0.002032	0.01836
15100	0.2329	0.05022	0.0533	0.2069	0.2311	0.2645	0.3583
15200	0.2048	0.09344	0.0286	0.1282	0.1999	0.2759	0.4394
15300	0.1337	0.08548	0.003072	0.0656	0.1205	0.1961	0.5119
15400	0.2089	0.05466	0.06	0.1762	0.2145	0.2454	0.3648
15500	0.00492	0.008194	0.000193	0.001232	0.002552	0.005363	0.08825
15600	0.6543	0.08775	0.121	0.6111	0.6678	0.7159	0.8103
15700	0.1842	0.03671	0.08043	0.1578	0.1852	0.209	0.2746
15800	0.01273	0.01192	0.0006168	0.004993	0.009331	0.01615	0.1099
15900	0.1817	0.09499	0.01312	0.1096	0.1723	0.2463	0.5253
16000	0.02774	0.009013	0.01112	0.02161	0.02582	0.03266	0.07469
16100	0.2365	0.09255	0.03317	0.1717	0.2301	0.2979	0.5173
16200	0.04733	0.02415	0.006686	0.03032	0.04244	0.05803	0.1638
16300	0.05365	0.02469	0.006365	0.03488	0.05009	0.07017	0.1285
16400	0.01879	0.01468	0.001911	0.009266	0.01542	0.02294	0.1279
16500	0.1631	0.07903	0.04862	0.1042	0.1336	0.1982	0.4845
16600	0.4196	0.1283	0.04256	0.3469	0.4449	0.5127	0.6694
16700	0.1845	0.1229	0.01028	0.09371	0.1478	0.2431	0.6844
16800	0.197	0.08604	0.01212	0.1207	0.2136	0.2673	0.4214
16900	0.6273	0.05897	0.4437	0.5923	0.6352	0.6666	0.7621
17000	0.008203	0.003895	0.001289	0.005505	0.007372	0.01003	0.02656
17100	0.3006	0.1003	0.05048	0.2369	0.3104	0.3733	0.5184
17200	0.1064	0.05834	0.006006	0.06576	0.1039	0.1363	0.3721
17300	0.3977	0.07348	0.1858	0.3501	0.4088	0.4504	0.5806
17400	0.07375	0.0314	0.01784	0.05003	0.06808	0.09196	0.218
17500	0.0004268	0.0006094	1.019e-05	0.0001131	0.0002288	0.0004792	0.006434
17600	0.1698	0.1107	0.0216	0.08301	0.1386	0.2318	0.5907
17700	0.06724	0.04858	0.003989	0.03015	0.0554	0.09152	0.2352
17800	0.4343	0.0795	0.1413	0.3917	0.4443	0.4914	0.6274
17900	0.1513	0.03714	0.09073	0.1248	0.1453	0.1658	0.3407
18000	0.03039	0.02919	0.002403	0.01311	0.02105	0.03728	0.2112
18100	0.004906	0.006549	6.014e-05	0.001473	0.003115	0.005773	0.05675
18200	0.03797	0.05187	0.0003136	0.008269	0.02002	0.0457	0.5133
18300	0.3474	0.1393	0.03533	0.2495	0.3415	0.4374	0.6991
18400	0.1478	0.06495	0.02624	0.0945	0.1421	0.1927	0.3307
18500	0.06005	0.0202	0.0124	0.04657	0.05809	0.07219	0.1324
18600	0.2799	0.1222	0.03321	0.189	0.2641	0.359	0.6046
18700	0.4734	0.0974	0.2377	0.4001	0.466	0.5403	0.7693
18800	0.04297	0.04325	0.0006492	0.01254	0.02698	0.05949	0.2126
18900	0.3662	0.06722	0.1694	0.3189	0.3665	0.4139	0.5629
19000	0.181	0.09373	0.021	0.1098	0.1665	0.2425	0.5689
19100	0.03601	0.01699	0.008905	0.02336	0.03272	0.04491	0.1309
19200	0.4288	0.06245	0.1613	0.3998	0.442	0.4735	0.5639
19300	0.1346	0.0123	0.09131	0.1278	0.1345	0.1407	0.2066
19400	0.03937	0.04718	0.0007635	0.01091	0.0229	0.05063	0.4024
19500	0.05916	0.03312	0.009365	0.03595	0.05298	0.0728	0.234
19600	0.2014	0.06073	0.05488	0.1589	0.1965	0.2405	0.4213
19700	0.6451	0.06963	0.2317	0.6161	0.6582	0.6896	0.7979
19800	0.0004007	0.0004202	1.109e-05	0.0001322	0.0002668	0.0005071	0.003066
19900	0.1369	0.1118	0.002729	0.05261	0.1023	0.1861	0.5983
20000	0.312	0.09242	0.116	0.2413	0.3054	0.3772	0.618
20100	0.578	0.1003	0.1969	0.5296	0.5906	0.6483	0.7837
20200	0.01813	0.01059	0.002991	0.01026	0.0158	0.02274	0.08358
20300	0.129	0.04698	0.02513	0.09495	0.1284	0.1601	0.3082
20400	0.4413	0.1492	0.09051	0.3177	0.4674	0.5679	0.7538
20500	0.5651	0.09647	0.1992	0.5155	0.5834	0.6331	0.7625
20600	0.2631	0.09659	0.06833	0.1867	0.2638	0.3277	0.5951
20700	0.2874	0.09806	0.07074	0.2182	0.2775	0.35	0.6254
20800	0.07369	0.02677	0.01975	0.05523	0.07099	0.08969	0.2018
20900	0.1891	0.06145	0.05316	0.1466	0.1839	0.2268	0.3789
21000	0.6081	0.1241	0.1585	0.5392	0.6484	0.698	0.7977
21100	0.4471	0.1231	0.107	0.3676	0.4571	0.5402	0.7272
21200	0.3439	0.05104	0.215	0.3081	0.3402	0.3782	0.5286
21300	0.006679	0.008903	0.0005326	0.002509	0.004515	0.007452	0.147
21400	0.01018	0.01583	6.085e-05	0.001917	0.00471	0.01209	0.18
21500	0.1778	0.08628	0.04278	0.1186	0.1552	0.2201	0.4938
21600	0.01436	0.01337	0.001555	0.00598	0.0101	0.01781	0.09988
21700	0.4681	0.08175	0.126	0.4195	0.4748	0.522	0.6539
21800	0.0432	0.02623	0.006754	0.02419	0.03575	0.05777	0.2341
21900	0.4385	0.05885	0.2146	0.4025	0.442	0.4806	0.5917
22000	0.5731	0.08412	0.1779	0.5424	0.5879	0.6282	0.7618
22100	0.2776	0.07183	0.09338	0.2267	0.2705	0.3269	0.4585
22200	0.6739	0.06215	0.3777	0.6392	0.6825	0.7202	0.7841
22300	0.2888	0.1416	0.02683	0.1744	0.2785	0.3926	0.619
22400	0.3596	0.04914	0.1541	0.3289	0.3649	0.3932	0.4946
22500	0.3725	0.08922	0.1108	0.3177	0.3736	0.4309	0.656
22600	0.3182	0.1546	0.02111	0.1943	0.3067	0.4288	0.6555
22700	0.1077	0.02878	0.0462	0.08739	0.1042	0.1241	0.2186
22800	0.2296	0.1078	0.03444	0.1431	0.2138	0.3017	0.5471
22900	0.2009	0.121	0.006505	0.08607	0.2066	0.2941	0.472
23000	0.2438	0.038	0.1535	0.2181	0.2402	0.2653	0.429
23100	0.5449	0.1287	0.05058	0.4808	0.5663	0.6406	0.776
23200	0.3886	0.09466	0.0527	0.3384	0.3978	0.4539	0.5954
23300	0.0167	0.01703	0.0006938	0.005994	0.01087	0.02115	0.1381
23400	0.0978	0.02876	0.03261	0.07548	0.09761	0.116	0.2185
23500	0.2822	0.1132	0.01533	0.1932	0.2871	0.3691	0.5936
23600	0.0546	0.01648	0.02032	0.04299	0.05253	0.06464	0.1074
23700	0.362	0.08547	0.1011	0.3094	0.3754	0.4213	0.5751
23800	0.1215	0.09623	0.004986	0.04549	0.09382	0.1826	0.5096
23900	0.2511	0.03727	0.136	0.2272	0.2531	0.2763	0.3627
24000	0.3468	0.03458	0.1907	0.3289	0.3508	0.3708	0.455
24100	0.4429	0.102	0.1354	0.3762	0.4656	0.5185	0.6424
24200	0.07497	0.01793	0.0308	0.06175	0.07515	0.08703	0.1325
24300	0.09721	0.004307	0.07177	0.09582	0.09914	0.1001	0.1005
24400	0.3311	0.1033	0.04763	0.2702	0.3341	0.404	0.5873
24500	0.4674	0.102	0.04754	0.4027	0.4884	0.5441	0.6587
24600	0.2189	0.1122	0.01593	0.126	0.2084	0.3005	0.5059
24700	0.3767	0.06099	0.1367	0.3445	0.3876	0.4172	0.5311
24800	0.2677	0.06005	0.09479	0.2301	0.2657	0.3047	0.4491
24900	0.005559	0.003893	0.0006416	0.003015	0.0045	0.006763	0.0259
25000	0.0006289	0.001493	7.001e-06	6.74e-05	0.0001844	0.0005018	0.01631
25100	0.1678	0.04569	0.06015	0.132	0.1618	0.1939	0.3606
25200	0.5263	0.06974	0.194	0.4843	0.5331	0.5744	0.682
25300	0.2623	0.1013	0.03444	0.1859	0.2555	0.3306	0.5261
25400	0.06091	0.01597	0.02669	0.0488	0.05996	0.07058	0.1236
25500	0.02787	0.01942	0.002937	0.0145	0.02224	0.03556	0.1202
25600	0.4839	0.07899	0.2676	0.4294	0.491	0.5442	0.6765
25700	3.653e-05	4.65e-05	6.849e-07	1.027e-05	1.995e-05	4.508e-05	0.0004408
25800	0.5803	0.07666	0.2421	0.5347	0.592	0.633	0.7771
25900	0.01295	0.01091	0.001516	0.005926	0.009905	0.01598	0.1003
26000	0.103	0.05195	0.02378	0.0666	0.08843	0.1269	0.3424
26100	0.06207	0.05578	0.001512	0.02605	0.0456	0.08006	0.4086
26200	0.66	0.05697	0.3512	0.6344	0.6677	0.6976	0.7972
26300	0.311	0.02772	0.2146	0.2945	0.3152	0.331	0.3772
26400	0.5471	0.09119	0.2248	0.4911	0.5524	0.6211	0.7324
26500	0.2151	0.05415	0.1044	0.1758	0.2027	0.2443	0.5222
26600	0.255	0.0728	0.03839	0.2062	0.2464	0.2948	0.5161
26700	0.7762	0.03628	0.5797	0.7578	0.7798	0.8013	0.8529
26800	0.1192	0.07215	0.006682	0.06334	0.1056	0.166	0.3325
26900	0.02963	0.01155	0.009678	0.02172	0.02714	0.03539	0.1043
27000	0.01808	0.02592	0.0008645	0.005211	0.00977	0.01958	0.3069
27100	0.45	0.06698	0.2547	0.4054	0.4518	0.4964	0.6417
27200	0.242	0.05974	0.04454	0.2057	0.2414	0.2789	0.4498
27300	0.1219	0.06036	0.02631	0.07727	0.108	0.1523	0.4149
27400	0.02112	0.01871	0.00255	0.009924	0.0158	0.02625	0.2204
27500	0.09568	0.009612	0.0492	0.09291	0.09924	0.1016	0.1152
27600	1.777e-05	3.8e-05	1.128e-07	3.317e-06	6.986e-06	1.688e-05	0.0004543
27700	0.1368	0.1074	0.001392	0.05669	0.1105	0.1822	0.5701
27800	0.2546	0.04961	0.06916	0.2264	0.254	0.286	0.3885
27900	0.3972	0.08209	0.09897	0.3471	0.4037	0.4598	0.606
28000	0.2404	0.04848	0.07953	0.2093	0.2398	0.2697	0.447
28100	0.009203	0.008981	0.0003341	0.003664	0.0064	0.01176	0.08191
28200	0.4074	0.1476	0.1092	0.2857	0.4102	0.5318	0.7092
28300	0.1748	0.105	0.01273	0.08774	0.1588	0.2387	0.514
28400	0.2698	0.1114	0.04043	0.1866	0.2543	0.3436	0.6611
28500	0.4583	0.04275	0.2941	0.4294	0.4595	0.4867	0.5802
28600	0.4391	0.05415	0.2309	0.4118	0.4463	0.4774	0.5638
28700	0.003329	0.002355	0.0006353	0.001743	0.002723	0.004144	0.02687
28800	0.6846	0.03992	0.5023	0.6605	0.6883	0.7132	0.7762
28900	0.1764	0.07488	0.04921	0.1196	0.1609	0.2174	0.4477
29000	0.1067	0.06188	0.008242	0.05922	0.09507	0.1443	0.4521
29100	0.5632	0.08887	0.2047	0.5096	0.5718	0.6272	0.7501
29200	0.3911	0.1109	0.07832	0.3041	0.392	0.4804	0.631
29300	0.0798	0.03009	0.01558	0.05699	0.0803	0.1006	0.1602
29400	0.03496	0.03845	0.001715	0.01108	0.02181	0.04093	0.2351
29500	0.1411	0.0402	0.05746	0.1111	0.1375	0.166	0.2872
29600	0.1382	0.0613	0.02029	0.09211	0.1291	0.1782	0.3138
29700	0.5316	0.08252	0.1098	0.4831	0.5474	0.5895	0.6912
29800	0.5629	0.08804	0.2855	0.5082	0.5796	0.6303	0.7137
29900	0.3881	0.03743	0.2782	0.3623	0.3874	0.4144	0.4923
30000	0.2435	0.06079	0.07313	0.2007	0.2412	0.2811	0.4337
30100	0.04683	0.01244	0.01757	0.03744	0.04551	0.05508	0.1028
30200	0.5489	0.142	0.04609	0.4864	0.594	0.6508	0.7565
30300	0.001168	0.001445	5.032e-05	0.0004089	0.0007512	0.00147	0.01387
30400	0.4606	0.08329	0.1245	0.4188	0.4731	0.517	0.6434
30500	0.5818	0.04129	0.4276	0.558	0.5896	0.611	0.6684
30600	0.0003512	0.0004061	1.039e-05	0.0001123	0.0002193	0.0004377	0.003091
30700	0.3764	0.1613	0.03003	0.2426	0.392	0.5089	0.7297
30800	0.612	0.05617	0.3307	0.5863	0.6158	0.6506	0.7395
30900	0.4477	0.04877	0.1594	0.4163	0.4493	0.4826	0.582
31000	0.6186	0.05557	0.3854	0.5882	0.6268	0.656	0.744
31100	0.0001828	0.0001675	1.831e-05	7.34e-05	0.0001363	0.0002287	0.001493
31200	0.6589	0.04845	0.3708	0.6336	0.665	0.6912	0.7533
31300	0.6893	0.01824	0.6318	0.6769	0.6905	0.7019	0.7372
31400	0.3977	0.07205	0.2195	0.3474	0.3979	0.4487	0.6351
31500	0.2735	0.1488	0.01984	0.1504	0.2577	0.3815	0.6422
31600	0.1422	0.04686	0.03377	0.108	0.1398	0.1755	0.2778
31700	0.04112	0.01886	0.006886	0.02726	0.03774	0.05137	0.1467
31800	0.09647	0.004866	0.07161	0.09406	0.09799	0.1003	0.1018
31900	0.1487	0.01356	0.1162	0.1414	0.1466	0.1544	0.2592
32000	0.003656	0.004016	7.129e-05	0.001121	0.002355	0.00469	0.03061
32100	8.699e-05	8.282e-05	7.134e-06	3.341e-05	6.338e-05	0.0001084	0.0007227
32200	0.03572	0.02038	0.005568	0.02125	0.03118	0.04656	0.1152
32300	0.1262	0.02965	0.05114	0.1047	0.1239	0.1468	0.2262
32400	0.2734	0.04737	0.09926	0.2449	0.2786	0.3096	0.3785
32500	0.5105	0.09104	0.1773	0.4472	0.5188	0.5747	0.7207
32600	0.1356	0.05016	0.03634	0.1059	0.124	0.1551	0.4079
32700	0.2367	0.01762	0.1715	0.2241	0.2377	0.2483	0.2874
32800	0.2941	0.02557	0.1521	0.2809	0.2978	0.3107	0.3657
32900	0.01763	0.01144	0.001907	0.009415	0.01515	0.02234	0.0787
33000	0.1744	0.06134	0.0462	0.1277	0.1684	0.2096	0.4229
33100	0.4262	0.06178	0.2487	0.387	0.4308	0.465	0.5881
33200	0.2684	0.03275	0.1843	0.2443	0.266	0.2899	0.4069
33300	0.2126	0.04928	0.08286	0.1761	0.2074	0.2452	0.3901
33400	0.4119	0.1012	0.1074	0.3418	0.4187	0.4953	0.6382
33500	0.1327	0.07224	0.03162	0.07552	0.1146	0.1731	0.4019
33600	0.3286	0.09085	0.009202	0.2836	0.3443	0.3862	0.5627
33700	0.6386	0.05154	0.4061	0.6119	0.6454	0.6756	0.7417
33800	0.5578	0.08098	0.2126	0.5235	0.5771	0.6125	0.6932
33900	0.01328	0.02411	0.0001172	0.002401	0.005746	0.01442	0.3465
34000	0.8361	0.04628	0.498	0.822	0.8441	0.8653	0.9136
34100	0.1958	0.0796	0.03673	0.133	0.1913	0.2479	0.4485
34200	0.09538	0.05356	0.01468	0.05843	0.08432	0.1156	0.3425
34300	0.5234	0.06542	0.2211	0.4878	0.5326	0.5697	0.6569
34400	0.001939	0.00174	0.0001498	0.0008232	0.001415	0.002491	0.01212
34500	0.09617	0.0312	0.04392	0.07486	0.09109	0.1092	0.2646
34600	0.4191	0.06119	0.09465	0.3854	0.4256	0.462	0.5935
34700	3.507e-05	4.609e-05	4.061e-07	8.77e-06	1.872e-05	4.33e-05	0.0004512
34800	0.6656	0.09311	0.215	0.6174	0.6869	0.7292	0.8306
34900	0.1541	0.03224	0.05839	0.1305	0.1536	0.1757	0.2465
35000	0.37	0.07207	0.1524	0.3228	0.3678	0.417	0.604
35100	0.1611	0.02199	0.08958	0.1459	0.16	0.1753	0.2365
35200	0.3305	0.1215	0.03582	0.2451	0.3281	0.4175	0.6827
35300	0.3584	0.06622	0.09633	0.3182	0.3591	0.407	0.5252
35400	0.1668	0.05391	0.03827	0.1312	0.1644	0.2022	0.3751
35500	0.5367	0.04033	0.4049	0.5106	0.5428	0.5651	0.6242
35600	0.2854	0.07586	0.08757	0.2341	0.2879	0.3339	0.506
35700	0.01413	0.01567	0.0008381	0.005224	0.009462	0.01848	0.1531
35800	0.1192	0.05501	0.02074	0.07853	0.1103	0.1575	0.2848
35900	0.3394	0.05851	0.1521	0.3014	0.3419	0.3818	0.527
36000	0.2207	0.07751	0.07017	0.1613	0.2115	0.2682	0.4717
36100	0.002796	0.004509	7.344e-05	0.000668	0.001378	0.002939	0.0526
36200	0.02499	0.006776	0.01097	0.02027	0.02432	0.02896	0.06544
36300	0.004721	0.005812	7.411e-05	0.001265	0.002565	0.005995	0.0542
36400	0.4039	0.07363	0.2163	0.3584	0.409	0.4549	0.6116
36500	0.2952	0.04832	0.1866	0.2598	0.2928	0.3237	0.4888
36600	0.06321	0.0412	0.007333	0.03318	0.05077	0.0811	0.2404
36700	0.04418	0.01729	0.01334	0.03136	0.04093	0.05286	0.1179
36800	0.0003764	0.0007085	6.159e-06	6.669e-05	0.0001484	0.0003632	0.005693
36900	0.2672	0.1314	0.02478	0.1655	0.2479	0.3608	0.66
37000	0.5841	0.07311	0.2389	0.5495	0.5923	0.6313	0.7428
37100	0.6399	0.0799	0.3306	0.5936	0.6549	0.6991	0.8051
37200	0.1023	0.005164	0.09053	0.09944	0.1014	0.1036	0.1415
37300	1.514e-05	1.689e-05	1.879e-07	5.687e-06	9.756e-06	1.857e-05	0.0001659
37400	0.3048	0.04049	0.1918	0.2767	0.3045	0.3313	0.4418
37500	0.4016	0.07926	0.1237	0.3551	0.4092	0.4612	0.5619
37600	0.4028	0.1655	0.01947	0.2756	0.3949	0.5359	0.7348
37700	0.472	0.06717	0.2128	0.4336	0.4782	0.5208	0.6687
37800	0.1848	0.0764	0.02328	0.1267	0.1748	0.2371	0.4712
37900	0.508	0.07743	0.1673	0.4683	0.5219	0.5636	0.6464
38000	0.4586	0.04801	0.2634	0.4247	0.4591	0.4902	0.5791
38100	0.4196	0.09049	0.1549	0.3579	0.4286	0.4819	0.6218
38200	0.5376	0.08929	0.2513	0.4778	0.5435	0.6	0.745
38300	0.03416	0.02921	0.0005661	0.01295	0.02441	0.04797	0.1321
38400	0.4359	0.06726	0.1925	0.3923	0.4439	0.483	0.6007
38500	0.2963	0.07491	0.05106	0.2473	0.2991	0.3431	0.5379
38600	0.5536	0.04936	0.3702	0.5248	0.559	0.586	0.6802
38700	0.2664	0.1361	0.01066	0.1552	0.248	0.3512	0.6381
38800	0.2522	0.08539	0.04027	0.1922	0.2555	0.3113	0.4951
38900	0.4583	0.08394	0.2138	0.4004	0.4656	0.5217	0.6315
39000	0.2003	0.01395	0.1513	0.1922	0.2013	0.2095	0.2398
39100	0.3172	0.03828	0.2327	0.2892	0.316	0.3429	0.4423
39200	0.4659	0.04045	0.3193	0.4431	0.4694	0.4936	0.5642
39300	0.4604	0.05807	0.226	0.426	0.4695	0.5005	0.583
39400	0.4842	0.1107	0.1976	0.4073	0.497	0.5706	0.7266
39500	0.1341	0.05702	0.01285	0.08779	0.1381	0.1842	0.2661
39600	0.5462	0.06544	0.3399	0.5058	0.5535	0.5906	0.71
39700	0.1311	0.08375	0.007532	0.07084	0.1079	0.18	0.4568
39800	0.004475	0.003603	0.0003187	0.002171	0.003411	0.005752	0.02882
39900	0.03068	0.01895	0.003151	0.01603	0.02707	0.04053	0.1034
40000	0.0244	0.02944	0.000794	0.007647	0.01454	0.03065	0.2643
40100	0.09922	0.03015	0.02263	0.07787	0.1037	0.1172	0.205
40200	0.2163	0.05897	0.05024	0.176	0.2105	0.2512	0.4638
40300	0.02637	0.01751	0.003586	0.01406	0.02205	0.03343	0.1069
40400	0.2098	0.07022	0.05047	0.1609	0.2018	0.2511	0.4781
40500	0.1004	0.0008214	0.09539	0.1002	0.1007	0.1009	0.1019
40600	0.0001316	0.0001577	5.842e-06	4.151e-05	8.115e-05	0.0001527	0.00141
40700	0.2772	0.06608	0.09388	0.2322	0.2818	0.323	0.4565
40800	0.02446	0.0211	0.0007997	0.01001	0.01764	0.03068	0.1176
40900	0.369	0.04597	0.2099	0.3375	0.3749	0.4019	0.4871
41000	0.2784	0.09357	0.04535	0.2145	0.2681	0.3385	0.5434
41100	0.00806	0.007568	0.0006892	0.003476	0.006062	0.009859	0.08313
41200	0.2011	0.05977	0.05221	0.1597	0.1991	0.2366	0.5322
41300	0.1015	0.004968	0.07696	0.09949	0.1028	0.1045	0.114
41400	0.2832	0.07824	0.08671	0.2285	0.2824	0.3401	0.4794
41500	0.6986	0.05979	0.354	0.6773	0.7106	0.7385	0.8121
41600	0.1368	0.05251	0.02522	0.09599	0.1374	0.1748	0.3464
41700	0.314	0.06477	0.155	0.2669	0.3131	0.3609	0.5202
41800	0.6486	0.06054	0.2324	0.6222	0.6572	0.6875	0.7631
41900	0.2657	0.05649	0.1464	0.224	0.2608	0.3036	0.471
42000	0.04173	0.03582	0.002272	0.01897	0.03024	0.05433	0.329
42100	0.4879	0.1029	0.1586	0.4185	0.5072	0.5684	0.6881
42200	0.006632	0.007335	0.0005746	0.002639	0.004257	0.007753	0.07802
42300	0.3278	0.05373	0.09773	0.2984	0.3291	0.3632	0.4906
42400	0.3812	0.06264	0.1372	0.3483	0.3839	0.4221	0.5366
42500	0.1683	0.07286	0.01224	0.1179	0.1659	0.2075	0.4258
42600	0.0007339	0.0007621	6.534e-05	0.0002946	0.0005022	0.0009124	0.006133
42700	0.4675	0.1402	0.1026	0.3703	0.4751	0.575	0.7725
42800	0.2608	0.1261	0.05492	0.1633	0.2347	0.3354	0.681
42900	0.6729	0.06234	0.4705	0.6363	0.6768	0.719	0.8019
43000	0.4905	0.05534	0.252	0.4657	0.4976	0.5299	0.6013
43100	0.2277	0.1059	0.01904	0.1438	0.2198	0.3071	0.5521
43200	0.3008	0.08937	0.08523	0.2402	0.2887	0.3436	0.6899
43300	0.6585	0.08587	0.1736	0.6252	0.6773	0.7149	0.7962
43400	0.4378	0.04596	0.2822	0.4067	0.4375	0.4667	0.5666
43500	0.3896	0.1521	0.02717	0.2722	0.4082	0.5115	0.6601
43600	0.1964	0.06461	0.06182	0.1478	0.1904	0.2417	0.3985
43700	0.02144	0.01761	0.003382	0.01123	0.01717	0.02639	0.193
43800	0.5449	0.1203	0.2168	0.4608	0.5465	0.6403	0.8151
43900	0.1145	0.0142	0.0813	0.1058	0.111	0.1199	0.2108
44000	0.3102	0.07177	0.1128	0.2618	0.3127	0.3615	0.4903
44100	0.5516	0.04908	0.3493	0.5209	0.5545	0.5838	0.6968
44200	0.05844	0.0345	0.007865	0.03594	0.05014	0.07233	0.2338
44300	0.172	0.05718	0.03722	0.1277	0.1694	0.2138	0.3383
44400	0.2015	0.06671	0.1041	0.1564	0.1863	0.2318	0.5779
44500	0.07945	0.04708	0.005295	0.04499	0.0724	0.1077	0.3179
44600	0.2177	0.03893	0.09009	0.1937	0.218	0.2423	0.3479
44700	0.04818	0.02471	0.008738	0.03106	0.04349	0.05956	0.1697
44800	0.3687	0.1521	0.03105	0.2464	0.3829	0.4891	0.6861
44900	0.4684	0.1142	0.06259	0.4013	0.4803	0.5565	0.703
45000	0.001315	0.001704	5.385e-05	0.0004198	0.0007743	0.001531	0.01708
45100	0.008413	0.005997	0.0003754	0.004369	0.006649	0.01052	0.04405
45200	0.215	0.07633	0.04044	0.1598	0.2085	0.2701	0.4438
45300	0.03949	0.02704	0.004321	0.0192	0.03265	0.0507	0.174
45400	0.1423	0.03319	0.08638	0.1199	0.1323	0.1542	0.2928
45500	0.0479	0.03111	0.001888	0.02335	0.04017	0.0683	0.144
45600	0.196	0.05834	0.04232	0.1593	0.1984	0.2388	0.3849
45700	0.07306	0.03031	0.01191	0.04975	0.06933	0.09348	0.1649
45800	0.00777	0.005819	0.00106	0.004177	0.006255	0.009444	0.0679
45900	0.0009803	0.001762	1.174e-05	0.0001573	0.0004162	0.001046	0.01871
46000	0.6881	0.06941	0.3783	0.6541	0.7027	0.7364	0.8087
46100	0.08122	0.03735	0.01251	0.05316	0.07481	0.1041	0.2683
46200	0.03525	0.04188	0.001233	0.01106	0.02166	0.04416	0.3854
46300	0.04828	0.02077	0.01267	0.03269	0.04533	0.05777	0.1308
46400	0.6176	0.0559	0.3836	0.592	0.6237	0.6553	0.7426
46500	0.146	0.04361	0.02153	0.1188	0.1456	0.1757	0.3028
46600	0.1631	0.05589	0.04341	0.1252	0.1629	0.2015	0.4024
46700	0.3361	0.05578	0.08082	0.3059	0.3443	0.3753	0.4822
46800	0.0523	0.03367	0.00313	0.02768	0.04498	0.07016	0.3161
46900	0.2248	0.09683	0.02477	0.1564	0.2087	0.2723	0.5523
47000	0.4077	0.1063	0.1069	0.3315	0.4137	0.4909	0.6629
47100	0.001617	0.001072	0.0002668	0.0008841	0.001379	0.002062	0.009885
47200	0.07051	0.01555	0.03591	0.05921	0.06998	0.07894	0.126
47300	0.02535	0.008065	0.008222	0.01954	0.02415	0.02974	0.0595
47400	0.006152	0.006816	0.0003366	0.002124	0.004168	0.006921	0.05891
47500	0.01235	0.007328	0.002341	0.007501	0.01038	0.01551	0.06705
47600	0.008934	0.0068	0.0009918	0.004398	0.006917	0.01125	0.05001
47700	0.371	0.06555	0.1601	0.3296	0.3708	0.4133	0.5564
47800	0.009894	0.01677	2.183e-05	0.001416	0.004008	0.01037	0.1339
47900	0.3069	0.08366	0.09831	0.2507	0.2987	0.3578	0.575
48000	0.4143	0.1199	0.024	0.3392	0.4324	0.5105	0.6486
48100	0.4064	0.1267	0.05214	0.3247	0.4224	0.5057	0.6664
48200	0.5902	0.08855	0.281	0.537	0.6016	0.6587	0.7489
48300	0.4983	0.08738	0.2342	0.4441	0.5047	0.5603	0.6833
48400	0.2447	0.04407	0.1208	0.2157	0.2415	0.2703	0.4138
48500	0.05696	0.03279	0.007785	0.03213	0.0498	0.07309	0.212
48600	0.2044	0.0766	0.06815	0.1522	0.1888	0.2378	0.5243
48700	0.005302	0.007031	0.0003803	0.001871	0.003261	0.006234	0.1032
48800	0.3614	0.06186	0.2036	0.3213	0.3621	0.3972	0.6088
48900	0.5463	0.06211	0.305	0.5127	0.5501	0.5897	0.7271
49000	0.01776	0.02061	0.0005291	0.005786	0.01122	0.02172	0.2245
49100	0.2415	0.1197	0.02371	0.1505	0.2246	0.3095	0.6001
49200	0.001473	0.0007036	0.0003599	0.0009557	0.0013	0.001818	0.004964
49300	0.0008222	0.001463	6.401e-06	0.0001505	0.0003527	0.0008108	0.01363
49400	0.3304	0.08414	0.05671	0.2764	0.3391	0.3874	0.5868
49500	0.2693	0.08646	0.07649	0.2058	0.258	0.3208	0.5515
49600	0.06798	0.04026	0.01425	0.03943	0.05438	0.08545	0.2549
49700	0.003762	0.004187	0.0001642	0.001298	0.002464	0.004724	0.03086
49800	0.2635	0.1239	0.02416	0.1721	0.2398	0.3295	0.6671
49900	0.09845	0.001475	0.09192	0.09772	0.09877	0.09959	0.1004
