idx	label	predict	radius	correct	unperturbed predict	unperturbed correct	time
0	0	394	0.0119	0	394	0	0:02:55.651344
100	2	2	1.8	1	2	1	0:02:52.347534
200	4	-1	0.0	0	130	0	0:02:52.043274
300	6	6	0.706	1	6	1	0:02:51.977275
400	8	8	1.52	1	8	1	0:02:52.216672
500	10	10	1.89	1	10	1	0:02:52.571013
600	12	-1	0.0	0	12	1	0:02:52.406971
700	14	14	1.89	1	14	1	0:02:52.434197
800	16	16	0.983	1	16	1	0:02:52.116927
900	18	-1	0.0	0	18	1	0:02:52.371670
1000	20	20	1.6	1	20	1	0:02:51.822506
1100	22	21	1.0	0	21	0	0:02:51.465670
1200	24	24	1.89	1	24	1	0:02:51.310071
1300	26	-1	0.0	0	26	1	0:02:51.813123
1400	28	-1	0.0	0	123	0	0:02:51.299943
1500	30	30	1.14	1	30	1	0:02:51.500543
1600	32	103	0.283	0	103	0	0:02:51.239755
1700	34	336	0.0264	0	336	0	0:02:51.529931
1800	36	35	0.589	0	35	0	0:02:51.101092
1900	38	44	1.15	0	44	0	0:02:51.500847
2000	40	46	0.0965	0	46	0	0:02:51.359917
2100	42	48	1.53	0	48	0	0:02:52.057308
2200	44	44	0.275	1	44	1	0:02:52.657541
2300	46	40	0.755	0	40	0	0:02:52.029895
2400	48	-1	0.0	0	69	0	0:02:52.817461
2500	50	47	0.545	0	47	0	0:02:52.485641
2600	52	329	0.241	0	329	0	0:02:53.282923
2700	54	57	1.33	0	57	0	0:02:52.749657
2800	56	56	1.84	1	56	1	0:02:52.849575
2900	58	-1	0.0	0	114	0	0:02:52.279015
3000	60	62	0.38	0	62	0	0:02:52.869987
3100	62	61	1.17	0	61	0	0:02:52.872511
3200	64	64	1.58	1	64	1	0:02:52.746815
3300	66	42	0.429	0	42	0	0:02:53.021087
3400	68	111	1.48	0	111	0	0:02:52.931507
3500	70	70	1.89	1	70	1	0:02:52.934125
3600	72	72	1.62	1	72	1	0:02:52.847398
3700	74	78	0.943	0	78	0	0:02:55.444569
3800	76	76	0.143	1	76	1	0:02:57.951189
3900	78	78	1.1	1	78	1	0:02:58.814401
4000	80	80	1.89	1	80	1	0:02:57.231234
4100	82	82	1.56	1	82	1	0:02:57.702836
4200	84	84	0.867	1	84	1	0:02:57.447769
4300	86	86	0.549	1	86	1	0:02:57.263684
4400	88	88	0.336	1	88	1	0:02:57.033611
4500	90	90	1.89	1	90	1	0:02:56.965523
4600	92	92	0.538	1	92	1	0:02:56.994714
4700	94	94	1.84	1	94	1	0:02:57.083393
4800	96	96	1.89	1	96	1	0:02:56.972518
4900	98	98	0.413	1	98	1	0:02:57.222656
5000	100	100	1.89	1	100	1	0:02:56.961789
5100	102	102	1.89	1	102	1	0:02:56.839096
5200	104	104	0.434	1	104	1	0:02:57.104940
5300	106	106	1.14	1	106	1	0:02:56.906741
5400	108	470	0.717	0	470	0	0:02:57.331474
5500	110	110	1.69	1	110	1	0:02:57.338492
5600	112	112	0.817	1	112	1	0:02:57.004627
5700	114	113	1.27	0	113	0	0:02:57.139699
5800	116	116	1.67	1	116	1	0:02:57.053918
5900	118	118	0.901	1	118	1	0:02:57.211363
6000	120	-1	0.0	0	-1	0	0:02:57.132121
6100	122	122	1.63	1	122	1	0:02:57.001565
6200	124	123	0.28	0	123	0	0:02:56.878780
6300	126	126	0.185	1	126	1	0:02:57.482664
6400	128	128	1.89	1	128	1	0:02:56.843185
6500	130	130	1.25	1	130	1	0:02:56.889702
6600	132	132	1.89	1	132	1	0:02:56.952928
6700	134	132	0.424	0	132	0	0:02:57.028889
6800	136	136	1.89	1	136	1	0:02:56.846152
6900	138	138	1.78	1	138	1	0:02:57.083013
7000	140	140	1.89	1	140	1	0:02:56.858654
7100	142	135	0.244	0	135	0	0:02:56.982923
7200	144	-1	0.0	0	-1	0	0:02:57.078483
7300	146	-1	0.0	0	-1	0	0:02:57.148373
7400	148	148	1.89	1	148	1	0:02:57.008286
7500	150	360	1.27	0	360	0	0:02:57.343840
7600	152	152	1.49	1	152	1	0:02:56.931703
7700	154	-1	0.0	0	-1	0	0:02:57.200706
7800	156	156	1.45	1	156	1	0:02:56.846749
7900	158	158	0.646	1	158	1	0:02:57.064105
8000	160	160	1.55	1	160	1	0:02:57.010566
8100	162	162	1.32	1	162	1	0:02:56.962107
8200	164	217	0.162	0	217	0	0:02:57.423372
8300	166	166	0.653	1	166	1	0:02:56.945946
8400	168	-1	0.0	0	739	0	0:02:56.971061
8500	170	-1	0.0	0	-1	0	0:02:57.084920
8600	172	172	0.35	1	172	1	0:02:57.172981
8700	174	174	0.219	1	174	1	0:02:57.119881
8800	176	176	0.898	1	176	1	0:02:57.084659
8900	178	178	1.86	1	178	1	0:02:57.194422
9000	180	243	0.523	0	243	0	0:02:56.976426
9100	182	760	0.00667	0	760	0	0:02:57.010375
9200	184	-1	0.0	0	189	0	0:02:56.917840
9300	186	192	0.85	0	192	0	0:02:56.965990
9400	188	188	0.437	1	188	1	0:02:56.889033
9500	190	190	1.89	1	190	1	0:02:56.964205
9600	192	199	1.07	0	199	0	0:02:56.783968
9700	194	-1	0.0	0	-1	0	0:02:57.040910
9800	196	199	1.61	0	199	0	0:02:56.941860
9900	198	198	0.313	1	198	1	0:02:57.149310
10000	200	-1	0.0	0	200	1	0:02:56.826108
10100	202	202	0.75	1	202	1	0:02:56.923184
10200	204	204	0.355	1	204	1	0:02:56.837041
10300	206	206	0.92	1	206	1	0:02:56.970827
10400	208	-1	0.0	0	208	1	0:02:56.820155
10500	210	210	0.986	1	210	1	0:02:56.835361
10600	212	177	0.109	0	177	0	0:02:56.983799
10700	214	-1	0.0	0	197	0	0:02:57.072356
10800	216	216	1.33	1	216	1	0:02:56.842550
10900	218	218	1.89	1	218	1	0:02:57.136957
11000	220	220	1.26	1	220	1	0:02:57.093265
11100	222	-1	0.0	0	296	0	0:02:57.124437
11200	224	-1	0.0	0	233	0	0:02:56.776269
11300	226	226	1.31	1	226	1	0:02:57.016245
11400	228	228	1.15	1	228	1	0:02:56.944713
11500	230	231	0.392	0	231	0	0:02:57.058913
11600	232	232	0.897	1	232	1	0:02:56.922552
11700	234	234	0.00711	1	234	1	0:02:56.924513
11800	236	-1	0.0	0	234	0	0:02:56.927442
11900	238	238	0.605	1	238	1	0:02:56.926055
12000	240	238	1.7	0	238	0	0:02:56.728854
12100	242	242	0.343	1	242	1	0:02:57.194586
12200	244	244	1.89	1	244	1	0:02:56.908400
12300	246	-1	0.0	0	245	0	0:02:56.976866
12400	248	248	0.0403	1	248	1	0:02:56.881437
12500	250	-1	0.0	0	269	0	0:02:57.046346
12600	252	252	0.145	1	252	1	0:02:57.045363
12700	254	245	0.107	0	245	0	0:02:56.976152
12800	256	256	1.52	1	256	1	0:02:57.164278
12900	258	258	0.515	1	258	1	0:02:57.010334
13000	260	260	0.791	1	260	1	0:02:57.450776
13100	262	262	1.89	1	262	1	0:02:57.174690
13200	264	-1	0.0	0	264	1	0:02:56.800843
13300	266	266	1.28	1	266	1	0:02:57.061223
13400	268	268	1.89	1	268	1	0:02:57.300884
13500	270	270	1.71	1	270	1	0:02:57.303796
13600	272	277	0.441	0	277	0	0:02:57.043318
13700	274	274	1.89	1	274	1	0:02:57.079785
13800	276	276	1.89	1	276	1	0:02:57.308088
13900	278	277	0.566	0	277	0	0:02:57.512286
14000	280	280	1.56	1	280	1	0:02:57.735914
14100	282	281	0.367	0	281	0	0:02:57.045595
14200	284	284	1.89	1	284	1	0:02:57.094548
14300	286	286	1.82	1	286	1	0:02:57.331292
14400	288	288	1.56	1	288	1	0:02:57.165128
14500	290	290	1.89	1	290	1	0:02:57.452286
14600	292	290	1.3	0	290	0	0:02:56.859404
14700	294	294	1.86	1	294	1	0:02:57.094066
14800	296	296	0.134	1	296	1	0:02:57.110291
14900	298	-1	0.0	0	649	0	0:02:57.156469
15000	300	300	1.89	1	300	1	0:02:57.201241
15100	302	-1	0.0	0	302	1	0:02:57.262740
15200	304	989	0.0131	0	989	0	0:02:57.230918
15300	306	306	0.736	1	306	1	0:02:57.232926
15400	308	308	0.252	1	308	1	0:02:57.143032
15500	310	310	1.89	1	310	1	0:02:57.433952
15600	312	-1	0.0	0	51	0	0:02:56.891219
15700	314	314	0.0956	1	314	1	0:02:57.059975
15800	316	316	1.89	1	316	1	0:02:56.980433
15900	318	318	0.972	1	318	1	0:02:57.278861
16000	320	320	1.89	1	320	1	0:02:57.042590
16100	322	322	1.31	1	322	1	0:02:57.100740
16200	324	324	1.89	1	324	1	0:02:57.016535
16300	326	326	1.34	1	326	1	0:02:57.075981
16400	328	328	1.89	1	328	1	0:02:56.758328
16500	330	-1	0.0	0	-1	0	0:02:57.106037
16600	332	333	0.29	0	333	0	0:02:56.832973
16700	334	334	1.3	1	334	1	0:02:57.200063
16800	336	336	0.262	1	336	1	0:02:56.941494
16900	338	-1	0.0	0	617	0	0:02:57.085882
17000	340	340	1.89	1	340	1	0:02:57.041522
17100	342	373	0.215	0	373	0	0:02:57.091869
17200	344	344	0.642	1	344	1	0:02:56.968104
17300	346	-1	0.0	0	346	1	0:02:57.067432
17400	348	348	1.86	1	348	1	0:02:57.096106
17500	350	350	1.89	1	350	1	0:02:57.310679
17600	352	352	1.21	1	352	1	0:02:56.951977
17700	354	354	1.26	1	354	1	0:02:57.020092
17800	356	358	0.16	0	358	0	0:02:57.005455
17900	358	359	1.18	0	359	0	0:02:57.303697
18000	360	360	1.7	1	360	1	0:02:57.136495
18100	362	362	1.89	1	362	1	0:02:57.291581
18200	364	364	1.71	1	364	1	0:02:57.068219
18300	366	366	0.322	1	366	1	0:02:57.015893
18400	368	368	1.3	1	368	1	0:02:57.216320
18500	370	370	1.8	1	370	1	0:02:58.349007
18600	372	372	0.813	1	372	1	0:02:57.292023
18700	374	367	0.163	0	367	0	0:02:54.974777
18800	376	376	1.22	1	376	1	0:02:54.044369
18900	378	378	0.0428	1	378	1	0:02:56.421984
19000	380	380	0.986	1	380	1	0:02:56.873197
19100	382	382	1.89	1	382	1	0:02:57.010754
19200	384	-1	0.0	0	284	0	0:02:57.241076
19300	386	386	0.34	1	386	1	0:02:57.332762
19400	388	388	1.63	1	388	1	0:02:56.291921
19500	390	390	1.67	1	390	1	0:02:55.890344
19600	392	397	0.871	0	397	0	0:02:52.766631
19700	394	-1	0.0	0	395	0	0:02:52.503597
19800	396	396	1.89	1	396	1	0:02:52.442502
19900	398	398	1.66	1	398	1	0:02:52.413170
20000	400	400	0.177	1	400	1	0:02:52.421333
20100	402	-1	0.0	0	990	0	0:02:52.628585
20200	404	404	1.89	1	404	1	0:02:52.439728
20300	406	406	0.516	1	406	1	0:02:52.502227
20400	408	847	0.404	0	847	0	0:02:52.372927
20500	410	-1	0.0	0	849	0	0:02:52.178868
20600	412	412	1.14	1	412	1	0:02:52.020878
20700	414	414	1.04	1	414	1	0:02:52.149923
20800	416	416	1.5	1	416	1	0:02:53.692075
20900	418	563	1.2	0	563	0	0:02:55.306803
21000	420	420	0.505	1	420	1	0:02:55.080692
21100	422	-1	0.0	0	543	0	0:02:56.120614
21200	424	424	0.415	1	424	1	0:02:55.244552
21300	426	426	1.89	1	426	1	0:02:56.204574
21400	428	428	1.74	1	428	1	0:02:54.909437
21500	430	430	0.517	1	430	1	0:02:54.564111
21600	432	432	1.89	1	432	1	0:02:53.804374
21700	434	-1	0.0	0	-1	0	0:02:53.512963
21800	436	436	1.89	1	436	1	0:02:54.085588
21900	438	647	0.0274	0	647	0	0:02:54.112143
22000	440	-1	0.0	0	-1	0	0:02:54.014229
22100	442	442	1.62	1	442	1	0:02:54.159643
22200	444	-1	0.0	0	490	0	0:02:53.784833
22300	446	446	1.11	1	446	1	0:02:53.740460
22400	448	448	0.0441	1	448	1	0:02:53.202415
22500	450	-1	0.0	0	450	1	0:02:53.244997
22600	452	452	1.07	1	452	1	0:02:54.044025
22700	454	454	1.41	1	454	1	0:02:53.792198
22800	456	522	1.43	0	522	0	0:02:54.041441
22900	458	458	0.343	1	458	1	0:02:53.720399
23000	460	978	0.245	0	978	0	0:02:55.456621
23100	462	462	0.0882	1	462	1	0:02:54.186473
23200	464	674	0.255	0	674	0	0:02:53.948749
23300	466	466	1.86	1	466	1	0:02:54.706139
23400	468	468	1.86	1	468	1	0:02:53.302224
23500	470	832	0.762	0	832	0	0:02:53.752043
23600	472	472	1.79	1	472	1	0:02:53.049722
23700	474	735	0.48	0	735	0	0:02:53.304908
23800	476	476	0.994	1	476	1	0:02:53.635271
23900	478	526	0.729	0	526	0	0:02:54.057755
24000	480	-1	0.0	0	509	0	0:02:53.271814
24100	482	788	0.84	0	788	0	0:02:53.390787
24200	484	871	1.56	0	871	0	0:02:55.614810
24300	486	889	0.26	0	889	0	0:02:55.812928
24400	488	649	0.363	0	649	0	0:02:55.220773
24500	490	490	0.313	1	490	1	0:02:55.069404
24600	492	492	0.872	1	492	1	0:02:54.878945
24700	494	543	0.141	0	543	0	0:02:55.557626
24800	496	411	0.0469	0	411	0	0:02:55.222399
24900	498	498	1.89	1	498	1	0:02:55.949610
25000	500	500	1.89	1	500	1	0:02:55.319299
25100	502	502	1.47	1	502	1	0:02:55.004355
25200	504	470	0.245	0	470	0	0:02:55.146795
25300	506	506	1.2	1	506	1	0:02:55.234114
25400	508	508	1.89	1	508	1	0:02:54.967704
25500	510	510	1.89	1	510	1	0:02:55.392556
25600	512	589	0.259	0	589	0	0:02:55.007392
25700	514	514	1.89	1	514	1	0:02:55.140046
25800	516	-1	0.0	0	750	0	0:02:56.338162
25900	518	518	1.89	1	518	1	0:02:56.759996
26000	520	520	1.44	1	520	1	0:02:56.692278
26100	522	522	1.51	1	522	1	0:02:57.170142
26200	524	-1	0.0	0	728	0	0:02:57.050236
26300	526	526	0.425	1	526	1	0:02:57.164874
26400	528	-1	0.0	0	478	0	0:02:56.846758
26500	530	531	0.202	0	531	0	0:02:56.893356
26600	532	846	0.195	0	846	0	0:02:57.227254
26700	534	-1	0.0	0	-1	0	0:02:57.079867
26800	536	403	0.763	0	403	0	0:02:57.318771
26900	538	538	1.89	1	538	1	0:02:57.087984
27000	540	540	1.86	1	540	1	0:02:56.892774
27100	542	477	0.0978	0	477	0	0:02:57.371981
27200	544	926	0.404	0	926	0	0:02:56.957190
27300	546	546	1.89	1	546	1	0:02:56.903374
27400	548	548	1.82	1	548	1	0:02:56.783982
27500	550	550	0.117	1	550	1	0:02:57.354577
27600	552	552	1.89	1	552	1	0:02:57.034998
27700	554	554	1.25	1	554	1	0:02:57.045107
27800	556	703	0.246	0	703	0	0:02:57.094518
27900	558	-1	0.0	0	212	0	0:02:56.895561
28000	560	-1	0.0	0	746	0	0:02:57.261644
28100	562	562	1.89	1	562	1	0:02:57.029919
28200	564	669	0.328	0	669	0	0:02:57.113635
28300	566	566	0.766	1	566	1	0:02:56.895374
28400	568	399	0.921	0	399	0	0:02:56.872440
28500	570	613	0.0427	0	613	0	0:02:56.897209
28600	572	-1	0.0	0	840	0	0:02:56.817576
28700	574	574	1.89	1	574	1	0:02:56.956545
28800	576	-1	0.0	0	972	0	0:02:56.836593
28900	578	578	1.19	1	578	1	0:02:57.178396
29000	580	738	0.984	0	738	0	0:02:57.204047
29100	582	-1	0.0	0	778	0	0:02:57.506613
29200	584	732	0.681	0	732	0	0:02:56.894952
29300	586	586	0.962	1	586	1	0:02:57.584877
29400	588	588	1.59	1	588	1	0:02:56.954341
29500	590	590	1.65	1	590	1	0:02:56.822412
29600	592	592	0.885	1	592	1	0:02:57.066344
29700	594	-1	0.0	0	-1	0	0:02:56.880959
29800	596	825	0.00262	0	825	0	0:02:54.900392
29900	598	598	0.0794	1	598	1	0:02:54.030164
30000	600	517	0.407	0	517	0	0:02:54.061036
30100	602	602	1.89	1	602	1	0:02:54.798231
30200	604	-1	0.0	0	-1	0	0:02:54.578540
30300	606	606	1.89	1	606	1	0:02:54.235218
30400	608	523	0.0443	0	523	0	0:02:54.245106
30500	610	610	0.311	1	610	1	0:02:54.045175
30600	612	612	1.89	1	612	1	0:02:53.849056
30700	614	614	0.99	1	614	1	0:02:54.050080
30800	616	-1	0.0	0	822	0	0:02:53.645872
30900	618	-1	0.0	0	828	0	0:02:53.990407
31000	620	-1	0.0	0	-1	0	0:02:54.583277
31100	622	622	1.89	1	622	1	0:02:54.365209
31200	624	-1	0.0	0	765	0	0:02:53.693426
31300	626	692	0.282	0	692	0	0:02:53.628092
31400	628	-1	0.0	0	624	0	0:02:52.578066
31500	630	703	0.92	0	703	0	0:02:51.714346
31600	632	632	1.39	1	632	1	0:02:51.970259
31700	634	489	1.78	0	489	0	0:02:51.696175
31800	636	636	0.609	1	636	1	0:02:51.441722
31900	638	638	0.232	1	638	1	0:02:51.617651
32000	640	640	1.89	1	640	1	0:02:51.605445
32100	642	642	1.89	1	642	1	0:02:51.594670
32200	644	644	1.66	1	644	1	0:02:51.238383
32300	646	646	1.89	1	646	1	0:02:51.399418
32400	648	553	0.269	0	553	0	0:02:51.663068
32500	650	546	0.139	0	546	0	0:02:51.950869
32600	652	652	0.353	1	652	1	0:02:51.641801
32700	654	656	0.113	0	656	0	0:02:51.424137
32800	656	656	0.316	1	656	1	0:02:51.364846
32900	658	658	1.86	1	658	1	0:02:51.721069
33000	660	660	1.55	1	660	1	0:02:51.153023
33100	662	742	0.185	0	742	0	0:02:51.378965
33200	664	851	0.76	0	851	0	0:02:51.562673
33300	666	659	1.28	0	659	0	0:02:51.316291
33400	668	124	0.4	0	124	0	0:02:51.340374
33500	670	670	1.1	1	670	1	0:02:51.042104
33600	672	-1	0.0	0	979	0	0:02:51.517731
33700	674	-1	0.0	0	354	0	0:02:51.454523
33800	676	-1	0.0	0	560	0	0:02:51.590908
33900	678	678	1.84	1	678	1	0:02:51.431933
34000	680	-1	0.0	0	78	0	0:02:51.443651
34100	682	682	1.21	1	682	1	0:02:51.489142
34200	684	684	1.79	1	684	1	0:02:51.259907
34300	686	-1	0.0	0	686	1	0:02:51.382276
34400	688	688	1.89	1	688	1	0:02:51.348804
34500	690	690	1.22	1	690	1	0:02:51.359850
34600	692	-1	0.0	0	781	0	0:02:51.771215
34700	694	694	1.89	1	694	1	0:02:51.545058
34800	696	-1	0.0	0	297	0	0:02:51.767082
34900	698	663	1.56	0	663	0	0:02:51.401825
35000	700	831	0.32	0	831	0	0:02:51.418597
35100	702	602	0.599	0	602	0	0:02:51.430938
35200	704	704	0.237	1	704	1	0:02:51.502509
35300	706	706	0.105	1	706	1	0:02:51.617648
35400	708	682	0.474	0	682	0	0:02:51.618130
35500	710	-1	0.0	0	710	1	0:02:51.310057
35600	712	891	0.197	0	891	0	0:02:51.421619
35700	714	714	1.89	1	714	1	0:02:51.841242
35800	716	716	1.33	1	716	1	0:02:51.150699
35900	718	449	0.613	0	449	0	0:02:51.426279
36000	720	951	1.35	0	951	0	0:02:51.282998
36100	722	722	1.89	1	722	1	0:02:51.541152
36200	724	780	1.89	0	780	0	0:02:51.675025
36300	726	726	1.89	1	726	1	0:02:51.387074
36400	728	728	1.3	1	728	1	0:02:51.462713
36500	730	-1	0.0	0	-1	0	0:02:51.446999
36600	732	732	1.38	1	732	1	0:02:51.234846
36700	734	734	1.82	1	734	1	0:02:51.458715
36800	736	736	1.89	1	736	1	0:02:51.900093
36900	738	738	1.08	1	738	1	0:02:51.502082
37000	740	617	0.195	0	617	0	0:02:51.423465
37100	742	-1	0.0	0	669	0	0:02:51.545377
37200	744	657	0.985	0	657	0	0:02:51.450136
37300	746	746	1.89	1	746	1	0:02:51.546079
37400	748	748	0.394	1	748	1	0:02:51.551113
37500	750	208	0.224	0	208	0	0:02:51.448458
37600	752	765	0.832	0	765	0	0:02:51.421408
37700	754	-1	0.0	0	627	0	0:02:51.321522
37800	756	756	1.05	1	756	1	0:02:51.283513
37900	758	758	0.107	1	758	1	0:02:51.698113
38000	760	799	0.104	0	799	0	0:02:51.710890
38100	762	762	1.06	1	762	1	0:02:51.365989
38200	764	650	0.266	0	650	0	0:02:51.360316
38300	766	766	1.12	1	766	1	0:02:51.634397
38400	768	768	0.148	1	768	1	0:02:51.243686
38500	770	770	0.0752	1	770	1	0:02:51.264437
38600	772	772	0.132	1	772	1	0:02:51.165978
38700	774	774	1.06	1	774	1	0:02:51.736823
38800	776	875	0.847	0	875	0	0:02:51.422124
38900	778	-1	0.0	0	-1	0	0:02:51.308558
39000	780	-1	0.0	0	484	0	0:02:51.442717
39100	782	664	1.32	0	664	0	0:02:51.325202
39200	784	828	0.397	0	828	0	0:02:51.397954
39300	786	-1	0.0	0	401	0	0:02:51.252598
39400	788	-1	0.0	0	422	0	0:02:51.121921
39500	790	791	0.494	0	791	0	0:02:51.369221
39600	792	792	0.114	1	792	1	0:02:51.168755
39700	794	794	1.35	1	794	1	0:02:51.460646
39800	796	796	1.89	1	796	1	0:02:51.290535
39900	798	798	1.64	1	798	1	0:02:51.386134
40000	800	800	1.89	1	800	1	0:02:51.344674
40100	802	-1	0.0	0	-1	0	0:02:51.356640
40200	804	804	0.229	1	804	1	0:02:51.235083
40300	806	806	1.89	1	806	1	0:02:51.434378
40400	808	502	0.272	0	502	0	0:02:51.304673
40500	810	878	0.38	0	878	0	0:02:51.341608
40600	812	812	1.89	1	812	1	0:02:51.163334
40700	814	554	0.461	0	554	0	0:02:51.244362
40800	816	816	1.89	1	816	1	0:02:51.267083
40900	818	-1	0.0	0	758	0	0:02:51.391887
41000	820	820	0.249	1	820	1	0:02:51.229595
41100	822	822	1.89	1	822	1	0:02:51.636125
41200	824	824	0.957	1	824	1	0:02:51.236526
41300	826	826	0.313	1	826	1	0:02:51.487629
41400	828	633	0.277	0	633	0	0:02:51.185407
41500	830	830	0.293	1	830	1	0:02:51.237591
41600	832	832	0.918	1	832	1	0:02:51.386560
41700	834	834	1.82	1	834	1	0:02:51.415947
41800	836	-1	0.0	0	791	0	0:02:50.983911
41900	838	631	0.445	0	631	0	0:02:51.313065
42000	840	840	1.6	1	840	1	0:02:51.479068
42100	842	842	0.296	1	842	1	0:02:51.433449
42200	844	844	1.89	1	844	1	0:02:51.242244
42300	846	846	0.121	1	846	1	0:02:51.470155
42400	848	598	0.539	0	598	0	0:02:51.326874
42500	850	850	0.327	1	850	1	0:02:51.457456
42600	852	852	1.89	1	852	1	0:02:51.624313
42700	854	854	0.274	1	854	1	0:02:51.280294
42800	856	856	0.876	1	856	1	0:02:51.051055
42900	858	448	0.192	0	448	0	0:02:51.325920
43000	860	-1	0.0	0	892	0	0:02:51.445603
43100	862	862	0.79	1	862	1	0:02:51.277406
43200	864	-1	0.0	0	-1	0	0:02:51.278273
43300	866	-1	0.0	0	866	1	0:02:51.295243
43400	868	967	0.0862	0	967	0	0:02:51.505760
43500	870	870	0.651	1	870	1	0:02:51.821008
43600	872	840	1.14	0	840	0	0:02:51.591920
43700	874	874	1.89	1	874	1	0:02:51.742825
43800	876	648	0.0405	0	648	0	0:02:51.265233
43900	878	878	0.327	1	878	1	0:02:51.687229
44000	880	870	0.366	0	870	0	0:02:51.567166
44100	882	-1	0.0	0	423	0	0:02:51.536381
44200	884	884	1.67	1	884	1	0:02:51.330884
44300	886	886	0.882	1	886	1	0:02:53.913065
44400	888	718	0.723	0	718	0	0:02:52.324847
44500	890	890	0.899	1	890	1	0:02:51.759284
44600	892	442	0.208	0	442	0	0:02:51.220438
44700	894	894	1.68	1	894	1	0:02:51.448888
44800	896	896	0.631	1	896	1	0:02:51.596899
44900	898	458	0.349	0	458	0	0:02:51.463876
45000	900	900	1.89	1	900	1	0:02:51.192548
45100	902	902	1.89	1	902	1	0:02:51.517230
45200	904	905	1.43	0	905	0	0:02:51.318949
45300	906	906	1.51	1	906	1	0:02:51.191064
45400	908	895	0.647	0	895	0	0:02:51.421549
45500	910	641	1.15	0	641	0	0:02:52.371047
45600	912	912	0.513	1	912	1	0:02:53.729382
45700	914	914	1.41	1	914	1	0:02:53.573321
45800	916	916	1.89	1	916	1	0:02:53.742193
45900	918	918	1.89	1	918	1	0:02:53.531324
46000	920	-1	0.0	0	920	1	0:02:53.810214
46100	922	922	1.86	1	922	1	0:02:53.325929
46200	924	924	1.53	1	924	1	0:02:53.692497
46300	926	926	1.89	1	926	1	0:02:55.135634
46400	928	-1	0.0	0	991	0	0:02:56.754136
46500	930	964	0.494	0	964	0	0:02:56.879704
46600	932	932	0.83	1	932	1	0:02:56.595106
46700	934	937	0.142	0	937	0	0:02:56.631823
46800	936	936	1.27	1	936	1	0:02:56.319042
46900	938	937	0.872	0	937	0	0:02:56.673659
47000	940	940	1.06	1	940	1	0:02:56.442743
47100	942	942	1.89	1	942	1	0:02:56.324853
47200	944	946	1.89	0	946	0	0:02:56.496507
47300	946	946	1.89	1	946	1	0:02:56.703109
47400	948	948	1.89	1	948	1	0:02:56.843012
47500	950	950	1.89	1	950	1	0:02:56.368370
47600	952	90	1.89	0	90	0	0:02:56.309950
47700	954	-1	0.0	0	-1	0	0:02:56.548137
47800	956	956	1.52	1	956	1	0:02:56.163675
47900	958	663	0.632	0	663	0	0:02:56.631981
48000	960	960	0.358	1	960	1	0:02:56.134274
48100	962	962	0.499	1	962	1	0:02:56.806505
48200	964	964	0.033	1	964	1	0:02:57.178724
48300	966	-1	0.0	0	630	0	0:02:57.279572
48400	968	968	0.704	1	968	1	0:02:56.587257
48500	970	795	1.38	0	795	0	0:02:56.473244
48600	972	979	1.22	0	979	0	0:02:56.239580
48700	974	974	1.89	1	974	1	0:02:56.535872
48800	976	972	0.313	0	972	0	0:02:56.489603
48900	978	-1	0.0	0	693	0	0:02:56.462868
49000	980	980	1.86	1	980	1	0:02:56.471115
49100	982	982	1.86	1	982	1	0:02:56.758560
49200	984	984	1.89	1	984	1	0:02:56.862600
49300	986	986	1.89	1	986	1	0:02:56.677282
49400	988	112	0.0664	0	112	0	0:02:56.192326
49500	990	990	0.162	1	990	1	0:02:56.814319
49600	992	992	1.5	1	992	1	0:02:56.586159
49700	994	994	1.89	1	994	1	0:02:56.945152
49800	996	996	0.179	1	996	1	0:02:56.689915
49900	998	987	1.12	0	987	0	0:02:56.227988
