idx	predict	radius	unperturbed predict	time
0	1	0.947	1	0:03:00.938056
100	1	0.947	1	0:02:56.442004
200	1	0.947	1	0:02:56.482712
300	1	0.947	1	0:02:56.017458
400	1	0.947	1	0:02:55.986276
500	1	0.947	1	0:02:55.749581
600	1	0.947	1	0:02:56.060811
700	1	0.947	1	0:02:55.937462
800	1	0.947	1	0:02:55.977795
900	1	0.947	1	0:02:55.993371
1000	1	0.947	1	0:02:56.215126
1100	1	0.947	1	0:02:55.775934
1200	1	0.947	1	0:02:56.158226
1300	1	0.947	1	0:02:56.342611
1400	1	0.947	1	0:02:58.692061
1500	1	0.947	1	0:02:56.110896
1600	1	0.947	1	0:02:56.008020
1700	1	0.947	1	0:02:56.047952
1800	1	0.947	1	0:02:56.768858
1900	1	0.947	1	0:02:57.066247
2000	1	0.947	1	0:02:55.789562
2100	1	0.947	1	0:02:56.081762
2200	1	0.947	1	0:02:55.849851
2300	1	0.947	1	0:02:56.093218
2400	1	0.947	1	0:02:55.780369
2500	1	0.947	1	0:02:56.138255
2600	1	0.947	1	0:03:01.441099
2700	1	0.947	1	0:02:56.710931
2800	1	0.947	1	0:02:59.509956
2900	1	0.947	1	0:03:03.548066
3000	1	0.947	1	0:02:55.773761
3100	1	0.947	1	0:02:55.972584
3200	1	0.947	1	0:02:55.635798
3300	1	0.947	1	0:03:00.265649
3400	1	0.947	1	0:02:55.407062
3500	1	0.947	1	0:02:51.460210
3600	1	0.947	1	0:02:51.392979
3700	1	0.947	1	0:02:51.204000
3800	1	0.947	1	0:02:50.413733
3900	1	0.947	1	0:02:50.182807
4000	1	0.947	1	0:02:50.254036
4100	1	0.947	1	0:02:50.788782
4200	1	0.947	1	0:02:50.743239
4300	1	0.947	1	0:02:50.855798
4400	1	0.947	1	0:02:49.947588
4500	1	0.947	1	0:02:50.053516
4600	1	0.947	1	0:02:50.325683
4700	1	0.947	1	0:02:50.288956
4800	1	0.947	1	0:02:50.046588
4900	1	0.947	1	0:02:50.393008
5000	1	0.947	1	0:02:50.111720
5100	1	0.947	1	0:02:49.858397
5200	1	0.947	1	0:02:50.139251
5300	1	0.947	1	0:02:49.898669
5400	1	0.947	1	0:02:50.087842
5500	1	0.947	1	0:02:50.290513
5600	1	0.947	1	0:02:50.010281
5700	1	0.947	1	0:02:49.929856
5800	1	0.947	1	0:02:50.080296
5900	1	0.947	1	0:02:49.906950
6000	1	0.947	1	0:02:50.038728
6100	1	0.947	1	0:02:50.283082
6200	1	0.947	1	0:02:50.199104
6300	1	0.947	1	0:02:50.554057
6400	1	0.947	1	0:02:50.351839
6500	1	0.947	1	0:02:50.169352
6600	1	0.947	1	0:02:49.931596
6700	1	0.947	1	0:02:49.953502
6800	1	0.947	1	0:02:50.146621
6900	1	0.947	1	0:02:50.073989
7000	1	0.947	1	0:02:50.191946
7100	1	0.947	1	0:02:50.045803
7200	1	0.947	1	0:02:49.916270
7300	1	0.947	1	0:02:50.128284
7400	1	0.947	1	0:02:49.972780
7500	1	0.947	1	0:02:50.433055
7600	1	0.947	1	0:02:50.344062
7700	1	0.947	1	0:02:50.446614
7800	1	0.947	1	0:02:50.463167
7900	1	0.947	1	0:02:50.331944
8000	1	0.947	1	0:02:50.118020
8100	1	0.947	1	0:02:49.949832
8200	1	0.947	1	0:02:50.163338
8300	1	0.947	1	0:02:49.786707
8400	1	0.947	1	0:02:50.257630
8500	1	0.947	1	0:02:50.628242
8600	1	0.947	1	0:02:50.149490
8700	1	0.947	1	0:02:49.929144
8800	1	0.947	1	0:02:50.241609
8900	1	0.947	1	0:02:50.259219
9000	1	0.947	1	0:02:50.105364
9100	1	0.947	1	0:02:50.347131
9200	1	0.947	1	0:02:50.172488
9300	1	0.947	1	0:02:50.360792
9400	1	0.947	1	0:02:50.162346
9500	1	0.947	1	0:02:52.274266
9600	1	0.947	1	0:02:53.164873
9700	1	0.947	1	0:02:50.330111
9800	1	0.947	1	0:02:50.229811
9900	1	0.947	1	0:02:50.334740
10000	1	0.947	1	0:02:50.155231
10100	1	0.947	1	0:02:49.865857
10200	1	0.947	1	0:02:50.264856
10300	1	0.947	1	0:02:50.328266
10400	1	0.947	1	0:02:53.109904
10500	1	0.947	1	0:03:01.436794
10600	1	0.947	1	0:03:01.883841
10700	1	0.947	1	0:03:01.594323
10800	1	0.947	1	0:03:01.131200
10900	1	0.947	1	0:03:01.541982
11000	1	0.947	1	0:03:01.139651
11100	1	0.947	1	0:03:01.497736
11200	1	0.947	1	0:03:01.687135
11300	1	0.947	1	0:03:01.124774
11400	1	0.947	1	0:03:01.203727
11500	1	0.947	1	0:03:01.045202
11600	1	0.947	1	0:02:52.207643
11700	1	0.947	1	0:02:50.201178
11800	1	0.947	1	0:02:50.499622
11900	1	0.947	1	0:02:49.841289
12000	1	0.947	1	0:02:50.141156
12100	1	0.947	1	0:02:50.219525
12200	1	0.947	1	0:02:49.904850
12300	1	0.947	1	0:02:50.155692
12400	1	0.947	1	0:02:50.353301
12500	1	0.947	1	0:02:49.943998
12600	1	0.947	1	0:02:50.352377
12700	1	0.947	1	0:02:50.167932
12800	1	0.947	1	0:02:50.085422
12900	1	0.947	1	0:02:50.406676
13000	1	0.947	1	0:02:50.373727
13100	1	0.947	1	0:02:50.536550
13200	1	0.947	1	0:02:50.386382
13300	1	0.947	1	0:02:50.159675
13400	1	0.947	1	0:02:50.418998
13500	1	0.947	1	0:02:50.465157
13600	1	0.947	1	0:02:50.233600
13700	1	0.947	1	0:02:50.432179
13800	1	0.947	1	0:02:50.173613
13900	1	0.947	1	0:02:50.295263
14000	1	0.947	1	0:02:50.085832
14100	1	0.947	1	0:02:50.006511
14200	1	0.947	1	0:02:50.577236
14300	1	0.947	1	0:02:50.106786
14400	1	0.947	1	0:02:50.221521
14500	1	0.947	1	0:02:50.295994
14600	1	0.947	1	0:02:50.442673
14700	1	0.947	1	0:02:50.101107
14800	1	0.947	1	0:02:50.365757
14900	1	0.947	1	0:02:50.150897
15000	1	0.947	1	0:02:50.018720
15100	1	0.947	1	0:02:50.226805
15200	1	0.947	1	0:02:50.065838
15300	1	0.947	1	0:02:50.065176
15400	1	0.947	1	0:02:50.104827
15500	1	0.947	1	0:02:50.057370
15600	1	0.947	1	0:02:50.089390
15700	1	0.947	1	0:02:50.210023
15800	1	0.947	1	0:02:50.057951
15900	1	0.947	1	0:02:50.420378
16000	1	0.947	1	0:02:50.557308
16100	1	0.947	1	0:02:50.136943
16200	1	0.947	1	0:02:50.432562
16300	1	0.947	1	0:02:50.127880
16400	1	0.947	1	0:02:50.807490
16500	1	0.947	1	0:02:50.383982
16600	1	0.947	1	0:02:52.938580
16700	1	0.947	1	0:02:51.277569
16800	1	0.947	1	0:02:49.984151
16900	1	0.947	1	0:02:50.338676
17000	1	0.947	1	0:02:50.190585
17100	1	0.947	1	0:02:50.328257
17200	1	0.947	1	0:02:50.841293
17300	1	0.947	1	0:02:49.941314
17400	1	0.947	1	0:02:50.195253
17500	1	0.947	1	0:02:50.279551
17600	1	0.947	1	0:02:50.226405
17700	1	0.947	1	0:02:49.965075
17800	1	0.947	1	0:02:51.690340
17900	1	0.947	1	0:02:51.974943
18000	1	0.947	1	0:02:51.148659
18100	1	0.947	1	0:02:52.551456
18200	1	0.947	1	0:02:51.185169
18300	1	0.947	1	0:02:52.178160
18400	1	0.947	1	0:02:51.764012
18500	1	0.947	1	0:02:53.304965
18600	1	0.947	1	0:02:56.323927
18700	1	0.947	1	0:02:55.182137
18800	1	0.947	1	0:02:54.470226
18900	1	0.947	1	0:02:54.570071
19000	1	0.947	1	0:02:54.826892
19100	1	0.947	1	0:02:54.366740
19200	1	0.947	1	0:02:54.530217
19300	1	0.947	1	0:02:59.728193
19400	1	0.947	1	0:02:55.391416
19500	1	0.947	1	0:02:53.825528
19600	1	0.947	1	0:02:54.071164
19700	1	0.947	1	0:02:56.291278
19800	1	0.947	1	0:02:54.288161
19900	1	0.947	1	0:02:54.547928
20000	1	0.947	1	0:02:54.319911
20100	1	0.947	1	0:02:56.178509
20200	1	0.947	1	0:02:59.666231
20300	1	0.947	1	0:02:55.035406
20400	1	0.947	1	0:02:54.491635
20500	1	0.947	1	0:02:54.364159
20600	1	0.947	1	0:02:54.275381
20700	1	0.947	1	0:02:54.099098
20800	1	0.947	1	0:02:55.594140
20900	1	0.947	1	0:02:53.899821
21000	1	0.947	1	0:02:54.313685
21100	1	0.947	1	0:02:54.716521
21200	1	0.947	1	0:02:54.187486
21300	1	0.947	1	0:02:54.226836
21400	1	0.947	1	0:02:54.238545
21500	1	0.947	1	0:02:53.800517
21600	1	0.947	1	0:02:54.289847
21700	1	0.947	1	0:02:53.950587
21800	1	0.947	1	0:02:56.760657
21900	1	0.947	1	0:02:54.031392
22000	1	0.947	1	0:02:55.226253
22100	1	0.947	1	0:02:53.869840
22200	1	0.947	1	0:02:54.104331
22300	1	0.947	1	0:02:55.775139
22400	1	0.947	1	0:02:55.621580
22500	1	0.947	1	0:02:53.874572
22600	1	0.947	1	0:02:56.111284
22700	1	0.947	1	0:02:54.480587
22800	1	0.947	1	0:03:05.696060
22900	1	0.947	1	0:02:56.008307
23000	1	0.947	1	0:02:54.591733
23100	1	0.947	1	0:02:54.390805
23200	1	0.947	1	0:02:54.442556
23300	1	0.947	1	0:02:54.549312
23400	1	0.947	1	0:02:53.803793
23500	1	0.947	1	0:02:54.142251
23600	1	0.947	1	0:02:54.049208
23700	1	0.947	1	0:02:52.752210
23800	1	0.947	1	0:02:51.804245
23900	1	0.947	1	0:02:52.029032
24000	1	0.947	1	0:02:53.339234
24100	1	0.947	1	0:02:51.567161
24200	1	0.947	1	0:02:51.870358
24300	1	0.947	1	0:02:50.512664
24400	1	0.947	1	0:02:51.311129
24500	1	0.947	1	0:02:51.141564
24600	1	0.947	1	0:02:50.931418
24700	1	0.947	1	0:02:50.823200
24800	1	0.947	1	0:02:50.676893
24900	1	0.947	1	0:02:50.600761
25000	1	0.947	1	0:02:50.747199
25100	1	0.947	1	0:02:51.004402
25200	1	0.947	1	0:02:50.435925
25300	1	0.947	1	0:02:50.571434
25400	1	0.947	1	0:02:50.589219
25500	1	0.947	1	0:02:50.644810
25600	1	0.947	1	0:02:50.565594
25700	1	0.947	1	0:02:50.605068
25800	1	0.947	1	0:02:50.897973
25900	1	0.947	1	0:02:50.670110
26000	1	0.947	1	0:02:50.389706
26100	1	0.947	1	0:02:50.929154
26200	1	0.947	1	0:02:50.785414
26300	1	0.947	1	0:02:50.514716
26400	1	0.947	1	0:02:50.991654
26500	1	0.947	1	0:02:50.603840
26600	1	0.947	1	0:02:50.542014
26700	1	0.947	1	0:02:50.729631
26800	1	0.947	1	0:02:51.099432
26900	1	0.947	1	0:02:50.552936
27000	1	0.947	1	0:02:50.633603
27100	1	0.947	1	0:02:50.706354
27200	1	0.947	1	0:02:50.767101
27300	1	0.947	1	0:02:50.597180
27400	1	0.947	1	0:02:50.665539
27500	1	0.947	1	0:02:50.654152
27600	1	0.947	1	0:02:50.582205
27700	1	0.947	1	0:02:50.913103
27800	1	0.947	1	0:02:51.018133
27900	1	0.947	1	0:02:50.399777
28000	1	0.947	1	0:02:50.963659
28100	1	0.947	1	0:02:51.259911
28200	1	0.947	1	0:02:50.591777
28300	1	0.947	1	0:02:50.696772
28400	1	0.947	1	0:02:50.606362
28500	1	0.947	1	0:02:50.510530
28600	1	0.947	1	0:02:51.396715
28700	1	0.947	1	0:02:50.236418
28800	1	0.947	1	0:02:50.409088
28900	1	0.947	1	0:02:50.664048
29000	1	0.947	1	0:02:51.071731
29100	1	0.947	1	0:02:50.700662
29200	1	0.947	1	0:02:50.665633
29300	1	0.947	1	0:02:50.618251
29400	1	0.947	1	0:02:50.582445
29500	1	0.947	1	0:02:50.570407
29600	1	0.947	1	0:02:51.096642
29700	1	0.947	1	0:02:50.418334
29800	1	0.947	1	0:02:50.648957
29900	1	0.947	1	0:02:50.592048
30000	1	0.947	1	0:02:50.548764
30100	1	0.947	1	0:02:50.475459
30200	1	0.947	1	0:02:50.301919
30300	1	0.947	1	0:02:50.413657
30400	1	0.947	1	0:02:50.749262
30500	1	0.947	1	0:02:50.716019
30600	1	0.947	1	0:02:50.601411
30700	1	0.947	1	0:02:50.754884
30800	1	0.947	1	0:02:50.815198
30900	1	0.947	1	0:02:50.492871
31000	1	0.947	1	0:02:50.604274
31100	1	0.947	1	0:02:50.373056
31200	1	0.947	1	0:02:50.800156
31300	1	0.947	1	0:02:50.406224
31400	1	0.947	1	0:02:50.428439
31500	1	0.947	1	0:02:50.654625
31600	1	0.947	1	0:02:51.368976
31700	1	0.947	1	0:02:50.950175
31800	1	0.947	1	0:02:50.536974
31900	1	0.947	1	0:02:51.498791
32000	1	0.947	1	0:02:50.534400
32100	1	0.947	1	0:02:50.200142
32200	1	0.947	1	0:02:50.574719
32300	1	0.947	1	0:02:50.049002
32400	1	0.947	1	0:02:50.342557
32500	1	0.947	1	0:02:50.429549
32600	1	0.947	1	0:02:50.453622
32700	1	0.947	1	0:02:50.117130
32800	1	0.947	1	0:02:50.434879
32900	1	0.947	1	0:02:50.172169
33000	1	0.947	1	0:02:50.321802
33100	1	0.947	1	0:02:50.356783
33200	1	0.947	1	0:02:50.167623
33300	1	0.947	1	0:02:49.996571
33400	1	0.947	1	0:02:50.412128
33500	1	0.947	1	0:02:50.420629
33600	1	0.947	1	0:02:49.942435
33700	1	0.947	1	0:02:50.525819
33800	1	0.947	1	0:02:50.087504
33900	1	0.947	1	0:02:50.471662
34000	1	0.901	1	0:02:50.192325
34100	1	0.947	1	0:02:50.216528
34200	1	0.947	1	0:02:50.450220
34300	1	0.947	1	0:02:50.472976
34400	1	0.947	1	0:02:50.157883
34500	1	0.947	1	0:02:50.299764
34600	1	0.947	1	0:02:50.455544
34700	1	0.947	1	0:02:50.446894
34800	1	0.947	1	0:02:50.081214
34900	1	0.947	1	0:02:51.147681
35000	1	0.947	1	0:02:50.323878
35100	1	0.947	1	0:02:50.244942
35200	1	0.947	1	0:02:50.599758
35300	1	0.947	1	0:02:50.226708
35400	1	0.947	1	0:02:50.540782
35500	1	0.947	1	0:02:50.783175
35600	1	0.947	1	0:02:50.278912
35700	1	0.947	1	0:02:50.337128
35800	1	0.947	1	0:02:50.405945
35900	1	0.947	1	0:02:50.071524
36000	1	0.947	1	0:02:50.366396
36100	1	0.947	1	0:02:50.404536
36200	1	0.947	1	0:02:50.252908
36300	1	0.947	1	0:02:50.251304
36400	1	0.947	1	0:02:50.670234
36500	1	0.947	1	0:02:50.404198
36600	1	0.947	1	0:02:50.007890
36700	1	0.947	1	0:02:50.540062
36800	1	0.947	1	0:02:50.641781
36900	1	0.947	1	0:02:50.450029
37000	1	0.947	1	0:02:50.436218
37100	1	0.947	1	0:02:50.111523
37200	1	0.947	1	0:02:50.293139
37300	1	0.947	1	0:02:50.729997
37400	1	0.947	1	0:02:50.154861
37500	1	0.947	1	0:02:50.224427
37600	1	0.947	1	0:02:50.494940
37700	1	0.947	1	0:02:50.254593
37800	1	0.947	1	0:02:50.454982
37900	1	0.947	1	0:02:50.506272
38000	1	0.947	1	0:02:50.241960
38100	1	0.947	1	0:02:50.090720
38200	1	0.947	1	0:02:50.534497
38300	1	0.947	1	0:02:50.131311
38400	1	0.947	1	0:02:50.126591
38500	1	0.947	1	0:02:50.469443
38600	1	0.947	1	0:02:50.214485
38700	1	0.947	1	0:02:49.991592
38800	1	0.947	1	0:02:50.318289
38900	1	0.947	1	0:02:50.032246
39000	1	0.947	1	0:02:50.083572
39100	1	0.947	1	0:02:50.399259
39200	1	0.947	1	0:02:50.056369
39300	1	0.947	1	0:02:50.574198
39400	1	0.947	1	0:02:50.765851
39500	1	0.947	1	0:02:50.591609
39600	1	0.947	1	0:02:50.011486
39700	1	0.947	1	0:02:50.578466
39800	1	0.947	1	0:02:50.092269
39900	1	0.947	1	0:02:50.156123
40000	1	0.947	1	0:02:50.581590
40100	1	0.947	1	0:02:49.977977
40200	1	0.947	1	0:02:50.036661
40300	1	0.947	1	0:02:50.365036
40400	1	0.947	1	0:02:50.060954
40500	1	0.947	1	0:02:49.885568
40600	1	0.947	1	0:02:50.670269
40700	1	0.947	1	0:02:50.267666
40800	1	0.947	1	0:02:50.358326
40900	1	0.947	1	0:02:50.770067
41000	1	0.947	1	0:02:50.416663
41100	1	0.947	1	0:02:50.077172
41200	1	0.947	1	0:02:50.966025
41300	1	0.947	1	0:02:50.391189
41400	1	0.947	1	0:02:50.482669
41500	1	0.947	1	0:02:50.654313
41600	1	0.947	1	0:02:50.333663
41700	1	0.947	1	0:02:50.134238
41800	1	0.947	1	0:02:50.250825
41900	1	0.947	1	0:02:50.333401
42000	1	0.947	1	0:02:50.146352
42100	1	0.947	1	0:02:50.068060
42200	1	0.947	1	0:02:50.099860
42300	1	0.947	1	0:02:50.011405
42400	1	0.947	1	0:02:50.128178
42500	1	0.947	1	0:02:50.042006
42600	1	0.947	1	0:02:50.044302
42700	1	0.947	1	0:02:50.420279
42800	1	0.947	1	0:02:49.941530
42900	1	0.947	1	0:02:49.891601
43000	1	0.947	1	0:02:50.170569
43100	1	0.947	1	0:02:49.997007
43200	1	0.947	1	0:02:49.914138
43300	1	0.947	1	0:02:50.129693
43400	1	0.947	1	0:02:50.286391
43500	1	0.947	1	0:02:49.934238
43600	1	0.947	1	0:02:50.652153
43700	1	0.947	1	0:02:50.020374
43800	1	0.947	1	0:02:50.033182
43900	1	0.947	1	0:02:50.168353
44000	1	0.947	1	0:02:50.198000
44100	1	0.947	1	0:02:50.106145
44200	1	0.947	1	0:02:50.803070
44300	1	0.947	1	0:02:50.406937
44400	1	0.947	1	0:02:50.261734
44500	1	0.947	1	0:02:50.495176
44600	1	0.947	1	0:02:50.353068
44700	1	0.947	1	0:02:50.046408
44800	1	0.947	1	0:02:50.518305
44900	1	0.947	1	0:02:50.117634
45000	1	0.947	1	0:02:50.321633
45100	1	0.947	1	0:02:50.696475
45200	1	0.947	1	0:02:50.310316
45300	1	0.947	1	0:02:50.262543
45400	1	0.947	1	0:02:50.265818
45500	1	0.947	1	0:02:50.459004
45600	1	0.947	1	0:02:50.279380
45700	1	0.947	1	0:02:50.378072
45800	1	0.947	1	0:02:50.018540
45900	1	0.947	1	0:02:49.964417
46000	1	0.947	1	0:02:50.477420
46100	1	0.947	1	0:02:49.921884
46200	1	0.947	1	0:02:50.100155
46300	1	0.947	1	0:02:50.545380
46400	1	0.947	1	0:02:50.506197
46500	1	0.947	1	0:02:50.019717
46600	1	0.947	1	0:02:50.483363
46700	1	0.947	1	0:02:50.069975
46800	1	0.947	1	0:02:50.369968
46900	1	0.947	1	0:02:50.518232
47000	1	0.947	1	0:02:50.065490
47100	1	0.947	1	0:02:50.189537
47200	1	0.947	1	0:02:50.302297
47300	1	0.947	1	0:02:50.375919
47400	1	0.947	1	0:02:50.090247
47500	1	0.947	1	0:02:50.710950
47600	1	0.947	1	0:02:49.917574
47700	1	0.947	1	0:02:50.143338
47800	1	0.947	1	0:03:02.488769
47900	1	0.947	1	0:03:01.820591
48000	1	0.947	1	0:03:01.812625
48100	1	0.947	1	0:03:02.054602
48200	1	0.947	1	0:03:04.356829
48300	1	0.947	1	0:03:03.846457
48400	1	0.947	1	0:03:02.417598
48500	1	0.947	1	0:03:01.675130
48600	1	0.947	1	0:03:01.962838
48700	1	0.947	1	0:03:01.900603
48800	1	0.947	1	0:03:01.827358
48900	1	0.947	1	0:03:01.587969
49000	1	0.947	1	0:03:02.086743
49100	1	0.947	1	0:03:01.696836
49200	1	0.947	1	0:03:01.943896
49300	1	0.947	1	0:03:03.139335
49400	1	0.947	1	0:03:02.266186
49500	1	0.947	1	0:03:02.094166
49600	1	0.947	1	0:03:02.900611
49700	1	0.947	1	0:03:02.964305
49800	1	0.947	1	0:03:01.862073
49900	1	0.947	1	0:03:02.105410
