idx	mean	std	min	25 percentile	50 percentile	75 percentile	max
0	0.2654	0.04042	0.1348	0.2379	0.2621	0.2932	0.4051
100	0.05402	0.0111	0.02802	0.04607	0.05298	0.06094	0.09438
200	0.5879	0.04161	0.4255	0.5645	0.5923	0.6171	0.6799
300	0.04842	0.00676	0.03284	0.0438	0.04795	0.05298	0.07247
400	0.04247	0.007928	0.02361	0.03684	0.0418	0.04732	0.07189
500	0.03542	0.007391	0.01754	0.03029	0.03458	0.04036	0.0584
600	0.4435	0.05474	0.2536	0.4053	0.4447	0.4813	0.6091
700	0.002778	0.000844	0.001106	0.002158	0.002637	0.003234	0.006388
800	0.05274	0.02423	0.0148	0.0352	0.04891	0.06575	0.1989
900	0.4015	0.02543	0.3095	0.3849	0.4016	0.4169	0.5082
1000	0.03466	0.01708	0.008858	0.02257	0.03187	0.04264	0.1195
1100	0.1515	0.02146	0.09132	0.1373	0.1519	0.1653	0.2329
1200	0.002719	0.001201	0.0004981	0.001904	0.002501	0.003227	0.00872
1300	0.1089	0.02744	0.05557	0.09009	0.1044	0.1229	0.2213
1400	0.4568	0.03653	0.2438	0.4425	0.4621	0.4796	0.5346
1500	0.08981	0.01187	0.04943	0.08225	0.08947	0.09841	0.1215
1600	0.3733	0.05153	0.2105	0.3374	0.3764	0.4126	0.5183
1700	0.6395	0.02129	0.5496	0.628	0.6427	0.6541	0.6878
1800	0.1325	0.002882	0.121	0.1306	0.1328	0.1345	0.1403
1900	0.201	0.01695	0.1286	0.1909	0.2031	0.2131	0.2404
2000	0.3351	0.03543	0.2038	0.3114	0.3338	0.3606	0.424
2100	0.2628	0.05008	0.1376	0.2275	0.2577	0.293	0.4254
2200	0.1738	0.01791	0.1098	0.1623	0.1754	0.1867	0.2172
2300	0.1286	0.007726	0.1106	0.1231	0.1275	0.1334	0.1576
2400	0.2656	0.04754	0.1632	0.231	0.26	0.2938	0.4565
2500	0.2592	0.02379	0.1806	0.2454	0.2605	0.2745	0.3248
2600	0.2305	0.03459	0.1484	0.2073	0.2311	0.2577	0.3221
2700	0.1817	0.0179	0.1254	0.1701	0.1818	0.1947	0.229
2800	0.05991	0.01644	0.02853	0.04799	0.05841	0.0697	0.1171
2900	0.4702	0.02404	0.3601	0.4574	0.4727	0.4859	0.5302
3000	0.1781	0.01229	0.1451	0.1695	0.178	0.1861	0.2147
3100	0.1186	0.009	0.08942	0.1123	0.1182	0.1241	0.1482
3200	0.08926	0.008639	0.06657	0.08335	0.0887	0.09455	0.1265
3300	0.4611	0.04378	0.3097	0.4343	0.4604	0.4879	0.6007
3400	0.2978	0.02772	0.1875	0.2808	0.3028	0.3192	0.3569
3500	0.0048	0.001159	0.002023	0.003985	0.00465	0.00553	0.009309
3600	0.104	0.00716	0.08332	0.09861	0.1036	0.1088	0.1289
3700	0.1274	0.04328	0.03132	0.09622	0.1245	0.1545	0.269
3800	0.2587	0.08507	0.06923	0.1945	0.25	0.32	0.502
3900	0.03597	0.01318	0.01205	0.02631	0.03352	0.04214	0.09896
4000	0.002996	0.0008381	0.00136	0.002366	0.002926	0.003491	0.007663
4100	0.153	0.0209	0.09351	0.1371	0.1538	0.1676	0.2128
4200	0.1524	0.05707	0.04422	0.1108	0.1427	0.1826	0.4161
4300	0.1088	0.003236	0.09857	0.1067	0.1088	0.1108	0.119
4400	0.1274	0.03964	0.04273	0.0993	0.1217	0.1471	0.2888
4500	0.03115	0.01619	0.007916	0.02018	0.02739	0.03852	0.1244
4600	0.1468	0.04042	0.04559	0.1173	0.1437	0.1692	0.2943
4700	0.007442	0.002231	0.002934	0.005878	0.007346	0.008673	0.01683
4800	0.003872	0.0008915	0.001998	0.003236	0.003747	0.004438	0.007883
4900	0.2147	0.03446	0.1173	0.1913	0.2138	0.238	0.323
5000	0.008074	0.002265	0.003648	0.006431	0.007753	0.00939	0.02006
5100	0.006674	0.002387	0.002015	0.004977	0.006195	0.00791	0.01842
5200	0.2424	0.02522	0.1376	0.2269	0.2448	0.2608	0.297
5300	0.1042	0.02475	0.04048	0.0869	0.1026	0.1202	0.1789
5400	0.5602	0.07127	0.248	0.5217	0.5712	0.6101	0.702
5500	0.09906	0.003375	0.07895	0.09773	0.1001	0.1013	0.1032
5600	0.0397	0.02988	0.004131	0.02099	0.0316	0.04797	0.2177
5700	0.03916	0.01317	0.01656	0.02993	0.03734	0.04575	0.1104
5800	0.0006561	0.0003024	0.0001954	0.0004518	0.000592	0.0007854	0.002555
5900	0.1282	0.01166	0.0932	0.1201	0.1273	0.1349	0.1683
6000	0.4673	0.03437	0.3469	0.4424	0.4711	0.4917	0.5736
6100	0.05401	0.01665	0.02897	0.04241	0.05096	0.06217	0.1354
6200	0.3146	0.0456	0.125	0.2902	0.322	0.3458	0.4081
6300	0.2039	0.02488	0.1231	0.1864	0.2045	0.2199	0.2694
6400	0.02162	0.00367	0.01245	0.01904	0.02132	0.02366	0.03478
6500	0.04086	0.01727	0.01144	0.0288	0.03806	0.04989	0.1532
6600	0.02336	0.005251	0.0125	0.01952	0.02281	0.0266	0.04629
6700	0.2426	0.04368	0.1352	0.2091	0.2407	0.2706	0.3838
6800	3.81e-05	1.453e-05	1.12e-05	2.761e-05	3.588e-05	4.469e-05	0.0001049
6900	0.02831	0.007324	0.01405	0.02286	0.0273	0.03218	0.05503
7000	0.01838	0.003223	0.01128	0.01612	0.01808	0.02039	0.0301
7100	0.2002	0.01454	0.1588	0.1907	0.1996	0.2084	0.2491
7200	0.1476	0.0471	0.05636	0.1134	0.1429	0.1795	0.3362
7300	0.2878	0.0429	0.1828	0.259	0.2846	0.3151	0.4566
7400	0.0006106	0.0002065	0.0001713	0.000463	0.0005832	0.0007171	0.001567
7500	0.1206	0.01065	0.08377	0.1144	0.1202	0.1264	0.1802
7600	0.03837	0.00737	0.02313	0.03312	0.03766	0.04288	0.06956
7700	0.07794	0.01882	0.03355	0.06425	0.07582	0.08906	0.1348
7800	0.08798	0.01315	0.05258	0.07847	0.08688	0.09633	0.137
7900	0.2666	0.02986	0.1941	0.2485	0.2654	0.2834	0.3973
8000	0.001774	0.0008891	0.0004153	0.00114	0.001604	0.002179	0.006864
8100	0.1481	0.01985	0.09334	0.1346	0.1479	0.1608	0.2065
8200	0.4088	0.04124	0.2458	0.3845	0.4119	0.4352	0.506
8300	0.1406	0.004597	0.1269	0.1374	0.1401	0.1434	0.1542
8400	0.5848	0.04096	0.4407	0.5595	0.588	0.6147	0.6811
8500	0.2789	0.02948	0.1971	0.2597	0.2802	0.2974	0.3678
8600	0.1029	0.01661	0.05941	0.09083	0.1013	0.1136	0.1545
8700	0.3684	0.03443	0.2557	0.3473	0.3674	0.3923	0.4618
8800	0.1824	0.02559	0.1024	0.1641	0.1819	0.198	0.2565
8900	0.003641	0.001241	0.001557	0.00276	0.003396	0.004337	0.009159
9000	0.2605	0.01818	0.2134	0.2472	0.258	0.2718	0.3272
9100	0.5989	0.03781	0.4061	0.5775	0.6041	0.6254	0.673
9200	0.3768	0.02523	0.3086	0.3609	0.3761	0.3929	0.4518
9300	0.2315	0.01812	0.1855	0.2186	0.2309	0.2415	0.3
9400	0.2689	0.04084	0.122	0.242	0.27	0.2969	0.369
9500	0.02031	0.004343	0.01051	0.01709	0.02002	0.02278	0.03478
9600	0.2066	0.04074	0.1065	0.1763	0.2057	0.2327	0.3423
9700	0.5788	0.03217	0.4552	0.5584	0.58	0.6025	0.6683
9800	0.01963	0.004438	0.01016	0.01657	0.01888	0.0223	0.03595
9900	0.2129	0.04157	0.1242	0.1817	0.2118	0.2414	0.3191
10000	0.3215	0.0424	0.2008	0.2919	0.3214	0.3527	0.4441
10100	0.1512	0.02278	0.09399	0.1353	0.1485	0.1668	0.2389
10200	0.08532	0.006687	0.06406	0.08032	0.08527	0.09006	0.1032
10300	0.09503	0.00978	0.06093	0.0889	0.09654	0.1031	0.1218
10400	0.2936	0.01245	0.2381	0.2847	0.2942	0.3013	0.327
10500	0.2416	0.03246	0.1523	0.2211	0.2406	0.2623	0.3583
10600	0.3565	0.02552	0.2891	0.3419	0.3577	0.3734	0.4401
10700	0.3054	0.05183	0.1564	0.271	0.3045	0.3422	0.4555
10800	0.09049	0.03498	0.0236	0.06578	0.08286	0.1105	0.2405
10900	0.06127	0.0078	0.0394	0.05571	0.06071	0.06586	0.087
11000	0.1041	0.0263	0.04681	0.08538	0.09963	0.1184	0.2066
11100	0.3897	0.03396	0.2975	0.3659	0.3919	0.4132	0.4822
11200	0.5323	0.04499	0.3761	0.5014	0.537	0.5636	0.6473
11300	0.04298	0.01568	0.01668	0.03144	0.03977	0.05052	0.1235
11400	0.05397	0.02571	0.01444	0.03701	0.04874	0.0636	0.195
11500	0.109	0.002211	0.1032	0.1075	0.109	0.1104	0.1167
11600	0.08965	0.01077	0.06799	0.08149	0.08781	0.09543	0.1345
11700	0.3377	0.02121	0.2698	0.3239	0.339	0.3528	0.3998
11800	0.5102	0.04078	0.3573	0.4854	0.515	0.5377	0.5978
11900	0.1713	0.003997	0.1588	0.1687	0.1711	0.1742	0.1863
12000	0.1608	0.01828	0.1208	0.1472	0.1585	0.1703	0.2333
12100	0.2049	0.02738	0.1133	0.1866	0.2041	0.2244	0.2771
12200	0.005118	0.001266	0.002424	0.004195	0.00503	0.005879	0.01166
12300	0.432	0.01782	0.3712	0.422	0.4328	0.4439	0.4832
12400	0.1632	0.003273	0.1497	0.1612	0.1635	0.1654	0.1719
12500	0.4201	0.0368	0.307	0.3941	0.42	0.4467	0.5333
12600	0.3505	0.04102	0.2353	0.324	0.3496	0.3805	0.4499
12700	0.2494	0.04013	0.159	0.2195	0.2472	0.2755	0.3695
12800	0.02636	0.005243	0.01321	0.02262	0.0256	0.02956	0.04901
12900	0.1304	0.03007	0.06383	0.1078	0.1288	0.1491	0.2325
13000	0.08317	0.01404	0.03841	0.07378	0.08432	0.09277	0.1208
13100	0.01051	0.002325	0.004957	0.00888	0.01022	0.01201	0.01849
13200	0.2899	0.02416	0.1933	0.2732	0.2908	0.3066	0.3711
13300	0.1304	0.008978	0.1131	0.1236	0.1293	0.1351	0.1653
13400	0.04736	0.01116	0.02477	0.03919	0.04635	0.05427	0.09576
13500	0.03979	0.007745	0.02223	0.03437	0.03899	0.0435	0.06935
13600	0.2393	0.01706	0.176	0.2281	0.2391	0.2499	0.2943
13700	0.01518	0.00461	0.006246	0.01162	0.01457	0.01787	0.03307
13800	0.007597	0.002663	0.002435	0.005849	0.007113	0.008693	0.02212
13900	0.1185	0.009391	0.09163	0.1118	0.1178	0.1247	0.1581
14000	0.05636	0.01168	0.02476	0.04784	0.05478	0.06356	0.09649
14100	0.1544	0.00324	0.142	0.1523	0.1546	0.1567	0.1665
14200	0.00517	0.001655	0.001708	0.004003	0.004936	0.005987	0.01254
14300	0.01136	0.004059	0.004373	0.008396	0.01062	0.01348	0.03295
14400	0.09379	0.005882	0.07351	0.0897	0.0944	0.09786	0.1077
14500	0.03815	0.005542	0.0246	0.03409	0.03789	0.04167	0.05407
14600	0.06702	0.006267	0.05095	0.06289	0.06683	0.0712	0.08337
14700	0.02075	0.009414	0.005657	0.01439	0.01851	0.02464	0.06674
14800	0.1658	0.016	0.1037	0.1561	0.1678	0.1759	0.2166
14900	0.5308	0.03313	0.3758	0.5082	0.5314	0.5546	0.6204
15000	0.003	0.000784	0.001214	0.002424	0.002903	0.003465	0.006382
15100	0.1819	0.02008	0.1155	0.1691	0.183	0.1966	0.2274
15200	0.1632	0.04056	0.0692	0.1346	0.1599	0.1866	0.3182
15300	0.06306	0.02733	0.01619	0.04279	0.05858	0.07854	0.1973
15400	0.1173	0.03432	0.04786	0.09048	0.1169	0.1388	0.2376
15500	0.002305	0.000899	0.0006462	0.001692	0.002134	0.002727	0.007309
15600	0.7186	0.04158	0.5426	0.6961	0.7206	0.7464	0.8219
15700	0.2391	0.01857	0.1855	0.2262	0.2385	0.2513	0.2965
15800	0.05302	0.01896	0.01649	0.03885	0.04983	0.06292	0.1474
15900	0.3416	0.04096	0.1886	0.3178	0.3446	0.3708	0.4403
16000	0.01625	0.002093	0.01046	0.01488	0.01614	0.0176	0.02256
16100	0.07429	0.01922	0.0342	0.05947	0.07185	0.08631	0.1421
16200	0.03143	0.006327	0.01626	0.02651	0.03101	0.03565	0.04977
16300	0.08567	0.01187	0.04493	0.07724	0.0857	0.0941	0.1161
16400	0.02366	0.006109	0.0114	0.01956	0.02263	0.02707	0.05035
16500	0.08187	0.0127	0.05009	0.073	0.08021	0.08963	0.1295
16600	0.5528	0.03144	0.4702	0.5312	0.5549	0.5735	0.6432
16700	0.02954	0.01075	0.01057	0.02163	0.02838	0.03505	0.0914
16800	0.1462	0.04913	0.04837	0.1092	0.1386	0.1747	0.2947
16900	0.3249	0.04849	0.1865	0.2936	0.3249	0.3558	0.4716
17000	0.0009111	0.0002138	0.0004958	0.0007591	0.0008855	0.001028	0.002363
17100	0.3772	0.02933	0.2625	0.36	0.381	0.396	0.4519
17200	0.02848	0.009859	0.01055	0.02132	0.02687	0.03434	0.06054
17300	0.5171	0.01897	0.4285	0.5056	0.5168	0.5304	0.5651
17400	0.1498	0.03341	0.07744	0.1254	0.1466	0.1706	0.2621
17500	0.0001178	3.769e-05	4.891e-05	9.143e-05	0.0001115	0.0001381	0.0002855
17600	0.06404	0.01	0.03922	0.05706	0.06336	0.07071	0.1013
17700	0.006169	0.003721	0.001271	0.003636	0.005264	0.007417	0.03072
17800	0.3636	0.04321	0.2363	0.3324	0.3633	0.3927	0.5068
17900	0.2266	0.02875	0.1717	0.2067	0.2209	0.2443	0.3368
18000	0.08064	0.02789	0.02668	0.06033	0.07591	0.0957	0.2275
18100	0.004122	0.001498	0.001454	0.00308	0.003924	0.004837	0.01208
18200	0.009774	0.006062	0.001435	0.005708	0.008394	0.01222	0.046
18300	0.3344	0.08297	0.1172	0.2689	0.3353	0.3909	0.5704
18400	0.113	0.02631	0.0576	0.09409	0.1118	0.1288	0.1965
18500	0.06631	0.008491	0.04363	0.06042	0.06601	0.07206	0.09451
18600	0.2018	0.04834	0.09337	0.1657	0.1987	0.2307	0.3648
18700	0.4088	0.04547	0.3044	0.3756	0.4032	0.4356	0.577
18800	0.01696	0.00803	0.004424	0.01098	0.01554	0.02077	0.05337
18900	0.3961	0.03265	0.2875	0.3756	0.3951	0.4149	0.5242
19000	0.1348	0.01851	0.08999	0.1217	0.1325	0.147	0.1979
19100	0.06579	0.01087	0.03765	0.05849	0.06531	0.07176	0.1071
19200	0.5577	0.02902	0.4038	0.5416	0.558	0.5754	0.6314
19300	0.1861	0.01021	0.1679	0.179	0.1846	0.1918	0.2437
19400	0.1978	0.06981	0.04586	0.1466	0.1879	0.2395	0.4508
19500	0.02522	0.009092	0.006311	0.01866	0.02403	0.03059	0.05863
19600	0.1192	0.01701	0.06394	0.1075	0.1191	0.1307	0.1692
19700	0.6488	0.02882	0.5657	0.6317	0.6506	0.6685	0.716
19800	0.0005052	0.0002065	0.0001435	0.000361	0.0004678	0.0005992	0.001328
19900	0.195	0.05442	0.06738	0.1557	0.1891	0.2337	0.392
20000	0.2468	0.03433	0.1646	0.2236	0.2448	0.266	0.354
20100	0.2998	0.04898	0.1964	0.2622	0.2961	0.3342	0.4602
20200	0.0197	0.003921	0.00927	0.01698	0.01914	0.02203	0.03386
20300	0.1729	0.01595	0.1228	0.1627	0.1732	0.1839	0.2194
20400	0.2612	0.03855	0.1774	0.2357	0.2531	0.2812	0.4341
20500	0.4833	0.07169	0.2947	0.4351	0.4832	0.5265	0.6725
20600	0.3294	0.03088	0.2195	0.3088	0.3299	0.3509	0.423
20700	0.07921	0.01637	0.04108	0.06747	0.07847	0.08882	0.14
20800	0.02789	0.005037	0.01506	0.02426	0.02746	0.03113	0.04785
20900	0.07979	0.01647	0.04165	0.06808	0.07878	0.08936	0.1331
21000	0.7103	0.03038	0.5819	0.6935	0.7167	0.7314	0.7694
21100	0.1894	0.05363	0.1113	0.15	0.1764	0.2197	0.4802
21200	0.2536	0.006378	0.2318	0.2496	0.2533	0.2579	0.2742
21300	0.004272	0.001197	0.001505	0.003413	0.004098	0.004971	0.008526
21400	0.01959	0.009704	0.003521	0.0124	0.01745	0.02515	0.0606
21500	0.1369	0.05039	0.04505	0.09973	0.1283	0.1689	0.3413
21600	0.01627	0.00694	0.004953	0.01111	0.01484	0.02051	0.0477
21700	0.4976	0.02887	0.4049	0.4795	0.4991	0.5166	0.5889
21800	0.1228	0.02496	0.06021	0.1049	0.1221	0.1377	0.2004
21900	0.2785	0.03586	0.173	0.2535	0.2776	0.3071	0.361
22000	0.5268	0.1104	0.2106	0.4523	0.5439	0.6092	0.7322
22100	0.2461	0.02933	0.1509	0.225	0.2448	0.2645	0.3289
22200	0.583	0.03445	0.4487	0.5631	0.5852	0.6058	0.6677
22300	0.01762	0.00623	0.00725	0.01331	0.01687	0.02051	0.06034
22400	0.3448	0.02121	0.2796	0.3301	0.3458	0.3604	0.4006
22500	0.4303	0.05468	0.2431	0.3931	0.4347	0.4675	0.5623
22600	0.4329	0.09935	0.1536	0.3674	0.4343	0.5089	0.6583
22700	0.1188	0.01077	0.08956	0.1116	0.1181	0.1252	0.16
22800	0.5199	0.0387	0.4035	0.4929	0.5181	0.5506	0.6121
22900	0.1479	0.04874	0.05323	0.1125	0.1424	0.1781	0.3734
23000	0.1963	0.01465	0.1622	0.1851	0.1957	0.2056	0.2578
23100	0.2753	0.09673	0.08358	0.2004	0.2687	0.3416	0.5862
23200	0.5687	0.0292	0.4391	0.5506	0.5712	0.5876	0.6433
23300	0.04026	0.0123	0.01521	0.03144	0.03845	0.04678	0.09539
23400	0.06557	0.01224	0.03853	0.05715	0.06477	0.07332	0.1047
23500	0.3852	0.04003	0.2624	0.357	0.3865	0.411	0.4832
23600	0.01945	0.003476	0.01272	0.01685	0.019	0.02177	0.03297
23700	0.4088	0.0438	0.2319	0.3832	0.4124	0.4409	0.5225
23800	0.102	0.03353	0.02372	0.07919	0.09966	0.1213	0.2268
23900	0.2603	0.01477	0.2105	0.2501	0.2614	0.2707	0.2987
24000	0.3334	0.009812	0.2999	0.3275	0.3336	0.3401	0.3689
24100	0.4861	0.03115	0.3746	0.4656	0.489	0.5088	0.5546
24200	0.08323	0.006489	0.06147	0.07877	0.08335	0.08785	0.09851
24300	0.1001	0.0009428	0.09567	0.09982	0.1004	0.1008	0.1017
24400	0.3416	0.03961	0.2008	0.3165	0.3446	0.37	0.4432
24500	0.449	0.0638	0.2174	0.4067	0.46	0.4939	0.628
24600	0.1795	0.0562	0.04878	0.1399	0.1724	0.2174	0.3617
24700	0.3375	0.03661	0.2232	0.312	0.3389	0.3649	0.4408
24800	0.3509	0.0314	0.2444	0.3299	0.3523	0.374	0.4362
24900	0.0395	0.01087	0.0168	0.03196	0.03729	0.04547	0.0824
25000	0.002105	0.0007904	0.000566	0.001525	0.001971	0.002509	0.005387
25100	0.1452	0.02581	0.08744	0.1263	0.1432	0.1606	0.2383
25200	0.4748	0.06521	0.2408	0.4316	0.4779	0.5258	0.6127
25300	0.3921	0.05421	0.2037	0.3562	0.3951	0.4301	0.5269
25400	0.07517	0.005663	0.05913	0.0713	0.07549	0.079	0.09244
25500	0.01422	0.003962	0.005349	0.01144	0.01364	0.01643	0.02844
25600	0.5881	0.02456	0.5183	0.5712	0.5889	0.6041	0.6573
25700	0.0004989	0.0001942	0.0001252	0.0003625	0.0004692	0.0006028	0.001216
25800	0.495	0.03178	0.3681	0.4741	0.4969	0.5162	0.5725
25900	0.01415	0.004443	0.006339	0.01093	0.0134	0.0163	0.0356
26000	0.07117	0.02261	0.02893	0.05494	0.06773	0.08299	0.1787
26100	0.02523	0.01193	0.005508	0.01677	0.02281	0.03156	0.0961
26200	0.5931	0.05214	0.3917	0.5731	0.6064	0.6297	0.6717
26300	0.2832	0.01376	0.24	0.2752	0.2831	0.293	0.3205
26400	0.5818	0.04681	0.3772	0.5533	0.5896	0.6158	0.6905
26500	0.1455	0.01591	0.09553	0.1342	0.1451	0.1563	0.1933
26600	0.2192	0.02708	0.1235	0.2044	0.2194	0.2359	0.3103
26700	0.7415	0.02094	0.6516	0.7327	0.7457	0.7558	0.7785
26800	0.2005	0.04249	0.08937	0.1702	0.1976	0.2303	0.3447
26900	0.03867	0.003748	0.0287	0.03622	0.03862	0.04116	0.05132
27000	0.01025	0.004698	0.002471	0.006976	0.009153	0.01231	0.02875
27100	0.3303	0.03976	0.2289	0.3009	0.3312	0.3583	0.4439
27200	0.1857	0.01865	0.1306	0.1725	0.1869	0.199	0.2283
27300	0.07284	0.01055	0.04404	0.06603	0.07182	0.07972	0.1133
27400	0.03478	0.009998	0.0144	0.02734	0.03373	0.04034	0.08035
27500	0.09954	0.001392	0.09124	0.09905	0.1001	0.1005	0.1009
27600	3.302e-05	1.647e-05	7.978e-06	2.116e-05	2.923e-05	4.024e-05	0.0001263
27700	0.1218	0.04811	0.03025	0.08584	0.1142	0.1486	0.2996
27800	0.2405	0.01902	0.1642	0.227	0.2411	0.2526	0.2877
27900	0.5082	0.06318	0.1626	0.4761	0.5203	0.5523	0.6295
28000	0.3214	0.04733	0.1591	0.2871	0.3209	0.3574	0.4389
28100	0.003703	0.001842	0.000869	0.002445	0.003248	0.004639	0.01315
28200	0.3222	0.08037	0.1446	0.2609	0.3218	0.3792	0.5929
28300	0.1168	0.0271	0.05897	0.09721	0.1154	0.1346	0.2154
28400	0.2228	0.03333	0.1068	0.1998	0.2233	0.2436	0.3603
28500	0.5602	0.03132	0.4071	0.545	0.5634	0.5801	0.6243
28600	0.3531	0.02889	0.2406	0.3368	0.3566	0.3724	0.4232
28700	0.000853	0.0002504	0.0003653	0.0006656	0.0008287	0.0009909	0.002109
28800	0.4498	0.0645	0.2627	0.4068	0.4526	0.4932	0.6081
28900	0.3151	0.02382	0.252	0.3001	0.3139	0.3307	0.3784
29000	0.1404	0.03466	0.06552	0.1176	0.1361	0.1594	0.3004
29100	0.4763	0.02971	0.3793	0.4569	0.4769	0.4991	0.5604
29200	0.4421	0.0292	0.3655	0.4203	0.4447	0.4607	0.5449
29300	0.06966	0.01455	0.03335	0.05931	0.06866	0.07868	0.1148
29400	0.05694	0.01534	0.01852	0.04664	0.05574	0.06569	0.1208
29500	0.2113	0.02518	0.1253	0.1958	0.2125	0.2281	0.2829
29600	0.01533	0.005001	0.006145	0.01171	0.01443	0.0178	0.04689
29700	0.1677	0.05206	0.04308	0.1296	0.1638	0.2054	0.3572
29800	0.3921	0.05794	0.2001	0.3536	0.3947	0.4303	0.5594
29900	0.3905	0.01941	0.338	0.376	0.3896	0.4033	0.4575
30000	0.2083	0.03804	0.1106	0.1822	0.2081	0.2326	0.3172
30100	0.04012	0.005076	0.02489	0.03646	0.04001	0.0433	0.06596
30200	0.7049	0.03107	0.4602	0.692	0.7086	0.7235	0.7722
30300	0.01786	0.00387	0.01014	0.01512	0.01735	0.02016	0.03299
30400	0.5137	0.03736	0.3481	0.492	0.5157	0.5385	0.6399
30500	0.5094	0.04237	0.362	0.4816	0.512	0.5405	0.6049
30600	0.0001694	9.676e-05	2.528e-05	0.0001081	0.000145	0.0002093	0.0007837
30700	0.4282	0.08332	0.2028	0.3676	0.4326	0.495	0.6153
30800	0.5655	0.03084	0.4458	0.5441	0.5665	0.5873	0.6635
30900	0.4618	0.0296	0.3726	0.4414	0.4597	0.4829	0.5437
31000	0.4455	0.04202	0.3332	0.4186	0.4469	0.4735	0.5654
31100	0.0005228	0.0002098	0.0001455	0.0003666	0.0004826	0.0006355	0.001726
31200	0.5595	0.03836	0.416	0.536	0.5613	0.5876	0.6719
31300	0.6106	0.02253	0.5261	0.5967	0.6125	0.6262	0.6658
31400	0.4709	0.03687	0.3557	0.4438	0.471	0.497	0.5814
31500	0.2216	0.05057	0.101	0.1846	0.2187	0.2576	0.382
31600	0.07044	0.008991	0.04745	0.06415	0.06955	0.07598	0.1018
31700	0.01557	0.004328	0.004993	0.01269	0.01509	0.01818	0.03095
31800	0.07321	0.003795	0.06199	0.07079	0.0731	0.07565	0.08484
31900	0.1746	0.007155	0.1595	0.1697	0.1742	0.1793	0.2016
32000	0.0003214	0.0001598	8.461e-05	0.0002198	0.0002867	0.0003945	0.001211
32100	0.007951	0.002721	0.002347	0.005969	0.007602	0.009498	0.02173
32200	0.03537	0.007747	0.01786	0.02999	0.03486	0.04004	0.06958
32300	0.2584	0.01416	0.223	0.2485	0.2589	0.2686	0.3045
32400	0.3413	0.01602	0.2901	0.3308	0.3431	0.3523	0.3798
32500	0.472	0.04447	0.3503	0.4414	0.4723	0.5053	0.5918
32600	0.1124	0.01288	0.05814	0.1048	0.1123	0.1196	0.1705
32700	0.1726	0.01211	0.1413	0.1639	0.1725	0.1811	0.2029
32800	0.2704	0.008575	0.2317	0.2647	0.271	0.2765	0.3013
32900	0.05576	0.007382	0.03476	0.05049	0.05545	0.06076	0.07712
33000	0.2021	0.02612	0.1382	0.1832	0.2022	0.2183	0.2952
33100	0.5076	0.02254	0.4236	0.4933	0.5078	0.5223	0.5655
33200	0.2378	0.01534	0.1963	0.2276	0.2362	0.2479	0.2965
33300	0.1708	0.02023	0.1197	0.1564	0.1694	0.1834	0.2381
33400	0.5247	0.03082	0.4268	0.5047	0.5278	0.5477	0.5974
33500	0.08053	0.007276	0.05812	0.0755	0.08071	0.08563	0.1063
33600	0.2298	0.07189	0.05112	0.1817	0.2336	0.28	0.4247
33700	0.6072	0.05399	0.3041	0.5801	0.6174	0.645	0.7196
33800	0.5345	0.03046	0.3921	0.5171	0.5364	0.5559	0.6145
33900	0.003347	0.002068	0.0004689	0.001866	0.002814	0.004084	0.01578
34000	0.7805	0.05408	0.5361	0.7521	0.7919	0.8206	0.8719
34100	0.3231	0.0332	0.2246	0.3003	0.3263	0.3452	0.423
34200	0.0521	0.01472	0.02111	0.04161	0.05034	0.06115	0.114
34300	0.5017	0.02746	0.4245	0.486	0.5033	0.5207	0.5661
34400	0.0004354	0.0001435	0.0001781	0.0003317	0.0004144	0.0005158	0.001116
34500	0.08058	0.008349	0.06023	0.07481	0.08029	0.08622	0.1064
34600	0.387	0.03142	0.3014	0.3659	0.3877	0.4093	0.4794
34700	0.000127	4.283e-05	5.074e-05	9.458e-05	0.0001209	0.000152	0.0003289
34800	0.6199	0.0415	0.4745	0.5955	0.6222	0.6477	0.7136
34900	0.2392	0.01226	0.2008	0.2315	0.2386	0.2481	0.2736
35000	0.4098	0.02575	0.3302	0.3925	0.4092	0.4273	0.5072
35100	0.1416	0.007582	0.1186	0.1365	0.1422	0.1469	0.16
35200	0.09574	0.04259	0.009119	0.06423	0.08934	0.1179	0.3105
35300	0.4331	0.02307	0.3545	0.4201	0.4328	0.4491	0.4945
35400	0.07695	0.01963	0.02857	0.06261	0.07564	0.089	0.1563
35500	0.3636	0.03903	0.2112	0.34	0.3647	0.3895	0.4644
35600	0.419	0.03088	0.332	0.3988	0.4193	0.4427	0.5141
35700	0.1386	0.0407	0.04223	0.1106	0.134	0.1633	0.2837
35800	0.09657	0.02267	0.04688	0.08112	0.09383	0.1104	0.2249
35900	0.2565	0.02339	0.1759	0.2402	0.2581	0.2727	0.3367
36000	0.3233	0.0196	0.2667	0.3117	0.3231	0.3355	0.3992
36100	0.0008397	0.0006718	0.0001297	0.0004259	0.0006556	0.001034	0.006968
36200	0.008034	0.0009385	0.00549	0.007394	0.00793	0.0086	0.01268
36300	0.00458	0.002012	0.001212	0.003169	0.004146	0.005741	0.01463
36400	0.4223	0.03506	0.3015	0.3993	0.4242	0.447	0.523
36500	0.3579	0.02588	0.2836	0.3393	0.3563	0.3739	0.4546
36600	0.03586	0.007786	0.01616	0.03069	0.03465	0.04059	0.06731
36700	0.01497	0.003229	0.007738	0.01275	0.01479	0.01683	0.02588
36800	1.448e-05	7.532e-06	3.072e-06	9.973e-06	1.307e-05	1.739e-05	0.0001018
36900	0.6029	0.04902	0.3964	0.5729	0.6035	0.6392	0.7127
37000	0.6912	0.02297	0.6148	0.676	0.6931	0.7074	0.7493
37100	0.6148	0.02921	0.4855	0.5957	0.6171	0.6335	0.6892
37200	0.1148	0.00481	0.1062	0.1112	0.1144	0.1175	0.1328
37300	1.363e-05	4.293e-06	5.85e-06	1.048e-05	1.286e-05	1.611e-05	2.793e-05
37400	0.1282	0.01155	0.0952	0.12	0.1276	0.1358	0.1708
37500	0.4924	0.02725	0.3858	0.4774	0.496	0.5118	0.5512
37600	0.7358	0.0214	0.6539	0.7217	0.7378	0.7514	0.7862
37700	0.3465	0.03052	0.2716	0.3245	0.3437	0.3675	0.4498
37800	0.07682	0.02319	0.03199	0.06055	0.07398	0.08832	0.1939
37900	0.4694	0.04542	0.3304	0.439	0.4761	0.5026	0.5842
38000	0.5064	0.02565	0.4215	0.4883	0.5077	0.5243	0.5734
38100	0.3624	0.03635	0.2503	0.337	0.3639	0.3881	0.4682
38200	0.487	0.05529	0.3639	0.4463	0.4871	0.524	0.6336
38300	0.02879	0.01116	0.008916	0.02026	0.02686	0.03564	0.07048
38400	0.2905	0.0485	0.1709	0.2541	0.288	0.3227	0.4381
38500	0.5492	0.029	0.4732	0.5305	0.549	0.5693	0.6308
38600	0.3282	0.05469	0.1892	0.2887	0.3299	0.3661	0.4842
38700	0.1518	0.04664	0.05838	0.1188	0.1462	0.1752	0.3065
38800	0.2972	0.03546	0.19	0.2734	0.2976	0.3225	0.3955
38900	0.5314	0.03452	0.4223	0.5089	0.5338	0.5551	0.6191
39000	0.2145	0.007199	0.1865	0.2097	0.2149	0.2196	0.2363
39100	0.2296	0.01244	0.1944	0.2216	0.2282	0.2375	0.2781
39200	0.4101	0.01675	0.3546	0.3999	0.4118	0.4215	0.4581
39300	0.5812	0.03038	0.4314	0.5672	0.5859	0.6022	0.6456
39400	0.5821	0.03004	0.436	0.5634	0.5847	0.6031	0.6625
39500	0.07147	0.008026	0.04734	0.06595	0.07139	0.07715	0.09835
39600	0.101	0.02403	0.04744	0.08441	0.09863	0.1144	0.2007
39700	0.0815	0.02072	0.03601	0.06718	0.0793	0.09341	0.1568
39800	0.001818	0.0005526	0.0005987	0.001403	0.001744	0.002112	0.004159
39900	0.1156	0.01108	0.08424	0.1089	0.1152	0.1229	0.1457
40000	0.004238	0.001789	0.001185	0.002963	0.003905	0.005245	0.01106
40100	0.1144	0.008016	0.08375	0.1099	0.1158	0.1195	0.1333
40200	0.27	0.03724	0.1745	0.2457	0.2715	0.2943	0.3735
40300	0.0171	0.004403	0.007293	0.01406	0.01699	0.01938	0.03645
40400	0.02378	0.01044	0.007035	0.01679	0.02171	0.02848	0.08507
40500	0.09636	0.0009499	0.09305	0.09576	0.09642	0.09705	0.09883
40600	5.436e-05	2.275e-05	1.564e-05	3.792e-05	5.052e-05	6.64e-05	0.000204
40700	0.3253	0.01437	0.2737	0.316	0.3258	0.3358	0.3614
40800	0.006923	0.002766	0.001997	0.004885	0.006446	0.008359	0.01957
40900	0.1314	0.02025	0.07294	0.1182	0.1298	0.1444	0.2202
41000	0.2513	0.05047	0.1054	0.2153	0.2483	0.2816	0.4229
41100	0.003271	0.001066	0.001303	0.002506	0.003087	0.003841	0.008831
41200	0.2338	0.04021	0.128	0.2059	0.2328	0.2616	0.3777
41300	0.1038	0.002464	0.09359	0.1022	0.1043	0.1056	0.1109
41400	0.424	0.02164	0.3589	0.4098	0.4249	0.4393	0.4808
41500	0.6998	0.02774	0.5947	0.6827	0.7039	0.721	0.7591
41600	0.09238	0.0181	0.04691	0.0802	0.09346	0.1059	0.1362
41700	0.2424	0.02082	0.178	0.2274	0.2412	0.2559	0.3114
41800	0.6429	0.03077	0.5205	0.6271	0.6455	0.6653	0.7094
41900	0.1708	0.01535	0.1319	0.1604	0.1691	0.1799	0.2306
42000	0.15	0.03723	0.05886	0.1238	0.1452	0.1742	0.2879
42100	0.2615	0.03084	0.1613	0.2409	0.2617	0.2821	0.3605
42200	0.01164	0.005554	0.002905	0.007928	0.01044	0.01398	0.03576
42300	0.2931	0.03689	0.1437	0.2739	0.298	0.3199	0.3744
42400	0.2622	0.04086	0.1549	0.2337	0.2652	0.2893	0.3632
42500	0.1856	0.05284	0.05829	0.1454	0.1807	0.2212	0.3885
42600	0.001187	0.0003078	0.0005656	0.0009459	0.001153	0.001375	0.002476
42700	0.3813	0.07416	0.2131	0.3294	0.3771	0.4345	0.5881
42800	0.3707	0.0698	0.2086	0.3222	0.3655	0.4131	0.5668
42900	0.513	0.03644	0.3938	0.488	0.5146	0.5383	0.6085
43000	0.4854	0.02034	0.4149	0.4722	0.4872	0.5009	0.5318
43100	0.1018	0.02419	0.03522	0.08552	0.1005	0.1183	0.1936
43200	0.3583	0.04081	0.2466	0.3298	0.3582	0.3855	0.4765
43300	0.6613	0.02872	0.4911	0.6472	0.6643	0.6805	0.7302
43400	0.4308	0.01419	0.3911	0.4213	0.4307	0.4408	0.4752
43500	0.4134	0.06877	0.1907	0.372	0.4196	0.4639	0.5792
43600	0.146	0.02352	0.09632	0.1284	0.1456	0.1605	0.256
43700	0.08327	0.02048	0.04095	0.0687	0.0802	0.09493	0.1859
43800	0.608	0.04613	0.427	0.5759	0.6098	0.6391	0.741
43900	0.08421	0.003947	0.07304	0.08174	0.08402	0.0869	0.09756
44000	0.362	0.03145	0.2628	0.3403	0.3615	0.3833	0.4674
44100	0.5424	0.01625	0.4832	0.532	0.5437	0.5525	0.5955
44200	0.05144	0.01184	0.02639	0.04226	0.05088	0.05816	0.09478
44300	0.1079	0.01736	0.0676	0.09556	0.1068	0.1194	0.158
44400	0.2369	0.02906	0.1632	0.217	0.2355	0.255	0.3547
44500	0.0513	0.01423	0.01985	0.04122	0.05001	0.06037	0.09152
44600	0.2166	0.01932	0.1345	0.2047	0.2196	0.23	0.2569
44700	0.0502	0.01207	0.02468	0.04162	0.04883	0.05808	0.09343
44800	0.1138	0.03128	0.05063	0.09137	0.1093	0.1308	0.2243
44900	0.5054	0.04714	0.3718	0.4729	0.5063	0.5409	0.6111
45000	0.001694	0.0004929	0.0007537	0.001344	0.001599	0.001942	0.003335
45100	0.00539	0.002429	0.001327	0.003614	0.004944	0.006594	0.02462
45200	0.2302	0.03979	0.1292	0.2001	0.2274	0.2546	0.3761
45300	0.01612	0.005666	0.005137	0.0119	0.0155	0.01947	0.03909
45400	0.1256	0.0122	0.09562	0.1166	0.1242	0.1327	0.1684
45500	0.08635	0.01994	0.0369	0.07272	0.08578	0.1012	0.143
45600	0.2299	0.02964	0.1174	0.2105	0.2302	0.2482	0.3407
45700	0.05088	0.01056	0.0224	0.04286	0.05023	0.05811	0.0863
45800	0.00691	0.001747	0.003005	0.005608	0.006736	0.008017	0.01458
45900	0.0001793	0.0001169	2.589e-05	0.0001068	0.0001476	0.0002138	0.001033
46000	0.7429	0.02353	0.6298	0.7297	0.7459	0.7594	0.7911
46100	0.1013	0.01461	0.06329	0.09112	0.1002	0.1101	0.147
46200	0.0221	0.009268	0.006495	0.01535	0.02073	0.02642	0.06177
46300	0.07064	0.0105	0.03973	0.06369	0.06981	0.07646	0.1034
46400	0.452	0.05287	0.2849	0.4173	0.4588	0.4907	0.5644
46500	0.2072	0.02407	0.1246	0.191	0.2098	0.2238	0.2694
46600	0.2135	0.0249	0.1449	0.1966	0.2136	0.2309	0.2869
46700	0.351	0.02101	0.2558	0.3383	0.3533	0.3665	0.3999
46800	0.09653	0.01606	0.04738	0.08547	0.09627	0.1075	0.1461
46900	0.2924	0.02665	0.2265	0.2738	0.2922	0.3089	0.3842
47000	0.4393	0.0539	0.2445	0.4031	0.4429	0.4805	0.5843
47100	0.004797	0.001414	0.00248	0.003805	0.004558	0.005523	0.01447
47200	0.08108	0.007299	0.05475	0.0761	0.08065	0.08631	0.1033
47300	0.0226	0.003521	0.01382	0.02012	0.02253	0.02498	0.03315
47400	0.01805	0.004404	0.008815	0.01488	0.01773	0.02047	0.03584
47500	0.03206	0.01254	0.007388	0.02319	0.02973	0.03784	0.08683
47600	0.001859	0.000542	0.0008243	0.001482	0.001768	0.002128	0.003808
47700	0.4635	0.03588	0.3537	0.4417	0.4626	0.4901	0.5806
47800	0.003045	0.001963	0.0005446	0.001666	0.002546	0.003882	0.0133
47900	0.1712	0.02039	0.1131	0.1569	0.1715	0.1845	0.2255
48000	0.3034	0.05536	0.06492	0.2696	0.3085	0.3436	0.4286
48100	0.09435	0.03712	0.03372	0.0665	0.08645	0.1159	0.2818
48200	0.3498	0.045	0.2258	0.3206	0.3514	0.3807	0.479
48300	0.3743	0.0364	0.2318	0.3494	0.3775	0.3994	0.464
48400	0.144	0.01376	0.1104	0.1349	0.1439	0.1527	0.186
48500	0.01775	0.004657	0.00847	0.01463	0.01711	0.02005	0.04044
48600	0.1344	0.02882	0.07227	0.1135	0.1323	0.1536	0.2545
48700	0.002279	0.0007801	0.0008113	0.001692	0.002161	0.002758	0.005507
48800	0.3505	0.03125	0.2659	0.3287	0.35	0.3719	0.439
48900	0.6964	0.02042	0.5952	0.6869	0.6992	0.7097	0.7376
49000	0.01927	0.00759	0.006338	0.01413	0.01764	0.02378	0.04755
49100	0.1915	0.04923	0.07911	0.1586	0.1847	0.2237	0.3567
49200	0.001871	0.0005236	0.0008586	0.0015	0.001797	0.002161	0.004224
49300	0.0003007	0.0001517	6.446e-05	0.0001912	0.0002731	0.0003713	0.001045
49400	0.1912	0.02737	0.1073	0.1748	0.191	0.2066	0.2889
49500	0.1243	0.02219	0.05608	0.1101	0.124	0.1381	0.1875
49600	0.05961	0.01165	0.03439	0.05067	0.05892	0.06744	0.107
49700	0.006789	0.002569	0.002104	0.004896	0.006499	0.008229	0.02104
49800	0.04546	0.01505	0.01296	0.03465	0.04305	0.05466	0.1186
49900	0.09874	0.0007054	0.09646	0.09826	0.09886	0.09925	0.1004
