idx	label	predict	radius	correct	unperturbed predict	unperturbed correct	time
0	0	0	0.469	1	0	1	0:03:00.938056
100	2	2	0.947	1	2	1	0:02:56.442004
200	4	124	0.0379	0	124	0	0:02:56.482712
300	6	6	0.947	1	6	1	0:02:56.017458
400	8	8	0.947	1	8	1	0:02:55.986276
500	10	10	0.947	1	10	1	0:02:55.749581
600	12	12	0.428	1	12	1	0:02:56.060811
700	14	14	0.947	1	14	1	0:02:55.937462
800	16	16	0.947	1	16	1	0:02:55.977795
900	18	18	0.00338	1	18	1	0:02:55.993371
1000	20	20	0.947	1	20	1	0:02:56.215126
1100	22	21	0.814	0	21	0	0:02:55.775934
1200	24	24	0.947	1	24	1	0:02:56.158226
1300	26	26	0.947	1	26	1	0:02:56.342611
1400	28	28	0.167	1	28	1	0:02:58.692061
1500	30	30	0.947	1	30	1	0:02:56.110896
1600	32	103	0.331	0	103	0	0:02:56.008020
1700	34	-1	0.0	0	-1	0	0:02:56.047952
1800	36	35	0.65	0	35	0	0:02:56.768858
1900	38	44	0.301	0	44	0	0:02:57.066247
2000	40	46	0.325	0	46	0	0:02:55.789562
2100	42	48	0.719	0	48	0	0:02:56.081762
2200	44	44	0.558	1	44	1	0:02:55.849851
2300	46	40	0.762	0	40	0	0:02:56.093218
2400	48	50	0.0171	0	50	0	0:02:55.780369
2500	50	50	0.276	1	50	1	0:02:56.138255
2600	52	52	0.859	1	52	1	0:03:01.441099
2700	54	57	0.947	0	57	0	0:02:56.710931
2800	56	56	0.947	1	56	1	0:02:59.509956
2900	58	114	0.207	0	114	0	0:03:03.548066
3000	60	62	0.769	0	62	0	0:02:55.773761
3100	62	61	0.644	0	61	0	0:02:55.972584
3200	64	64	0.947	1	64	1	0:02:55.635798
3300	66	63	0.451	0	63	0	0:03:00.265649
3400	68	111	0.348	0	111	0	0:02:55.407062
3500	70	70	0.947	1	70	1	0:02:51.460210
3600	72	72	0.947	1	72	1	0:02:51.392979
3700	74	78	0.93	0	78	0	0:02:51.204000
3800	76	76	0.947	1	76	1	0:02:50.413733
3900	78	78	0.947	1	78	1	0:02:50.182807
4000	80	80	0.947	1	80	1	0:02:50.254036
4100	82	82	0.947	1	82	1	0:02:50.788782
4200	84	84	0.93	1	84	1	0:02:50.743239
4300	86	86	0.656	1	86	1	0:02:50.855798
4400	88	88	0.909	1	88	1	0:02:49.947588
4500	90	90	0.947	1	90	1	0:02:50.053516
4600	92	92	0.947	1	92	1	0:02:50.325683
4700	94	94	0.947	1	94	1	0:02:50.288956
4800	96	96	0.947	1	96	1	0:02:50.046588
4900	98	98	0.478	1	98	1	0:02:50.393008
5000	100	100	0.947	1	100	1	0:02:50.111720
5100	102	102	0.947	1	102	1	0:02:49.858397
5200	104	104	0.297	1	104	1	0:02:50.139251
5300	106	106	0.828	1	106	1	0:02:49.898669
5400	108	29	0.0609	0	29	0	0:02:50.087842
5500	110	110	0.187	1	110	1	0:02:50.290513
5600	112	112	0.947	1	112	1	0:02:50.010281
5700	114	113	0.947	0	113	0	0:02:49.929856
5800	116	116	0.947	1	116	1	0:02:50.080296
5900	118	118	0.85	1	118	1	0:02:49.906950
6000	120	-1	0.0	0	119	0	0:02:50.038728
6100	122	122	0.947	1	122	1	0:02:50.283082
6200	124	766	0.505	0	766	0	0:02:50.199104
6300	126	126	0.405	1	126	1	0:02:50.554057
6400	128	128	0.947	1	128	1	0:02:50.351839
6500	130	130	0.947	1	130	1	0:02:50.169352
6600	132	132	0.947	1	132	1	0:02:49.931596
6700	134	132	0.947	0	132	0	0:02:49.953502
6800	136	136	0.947	1	136	1	0:02:50.146621
6900	138	138	0.947	1	138	1	0:02:50.073989
7000	140	140	0.947	1	140	1	0:02:50.191946
7100	142	142	0.0371	1	142	1	0:02:50.045803
7200	144	144	0.888	1	144	1	0:02:49.916270
7300	146	146	0.303	1	146	1	0:02:50.128284
7400	148	148	0.947	1	148	1	0:02:49.972780
7500	150	360	0.082	0	360	0	0:02:50.433055
7600	152	152	0.947	1	152	1	0:02:50.344062
7700	154	154	0.909	1	154	1	0:02:50.446614
7800	156	156	0.947	1	156	1	0:02:50.463167
7900	158	158	0.383	1	158	1	0:02:50.331944
8000	160	160	0.947	1	160	1	0:02:50.118020
8100	162	162	0.947	1	162	1	0:02:49.949832
8200	164	164	0.372	1	164	1	0:02:50.163338
8300	166	166	0.146	1	166	1	0:02:49.786707
8400	168	-1	0.0	0	168	1	0:02:50.257630
8500	170	172	0.56	0	172	0	0:02:50.628242
8600	172	172	0.947	1	172	1	0:02:50.149490
8700	174	174	0.262	1	174	1	0:02:49.929144
8800	176	176	0.85	1	176	1	0:02:50.241609
8900	178	178	0.947	1	178	1	0:02:50.259219
9000	180	180	0.0413	1	180	1	0:02:50.105364
9100	182	182	0.0586	1	182	1	0:02:50.347131
9200	184	-1	0.0	0	229	0	0:02:50.172488
9300	186	192	0.0975	0	192	0	0:02:50.360792
9400	188	188	0.617	1	188	1	0:02:50.162346
9500	190	190	0.947	1	190	1	0:02:52.274266
9600	192	199	0.947	0	199	0	0:02:53.164873
9700	194	996	0.0907	0	996	0	0:02:50.330111
9800	196	199	0.947	0	199	0	0:02:50.229811
9900	198	198	0.101	1	198	1	0:02:50.334740
10000	200	200	0.785	1	200	1	0:02:50.155231
10100	202	202	0.947	1	202	1	0:02:49.865857
10200	204	204	0.947	1	204	1	0:02:50.264856
10300	206	206	0.509	1	206	1	0:02:50.328266
10400	208	208	0.572	1	208	1	0:02:53.109904
10500	210	210	0.947	1	210	1	0:03:01.436794
10600	212	194	0.0902	0	194	0	0:03:01.883841
10700	214	214	0.132	1	214	1	0:03:01.594323
10800	216	216	0.93	1	216	1	0:03:01.131200
10900	218	218	0.947	1	218	1	0:03:01.541982
11000	220	220	0.947	1	220	1	0:03:01.139651
11100	222	270	0.0836	0	270	0	0:03:01.497736
11200	224	233	0.508	0	233	0	0:03:01.687135
11300	226	226	0.947	1	226	1	0:03:01.124774
11400	228	228	0.947	1	228	1	0:03:01.203727
11500	230	231	0.101	0	231	0	0:03:01.045202
11600	232	232	0.947	1	232	1	0:02:52.207643
11700	234	208	0.47	0	208	0	0:02:50.201178
11800	236	234	0.398	0	234	0	0:02:50.499622
11900	238	238	0.0991	1	238	1	0:02:49.841289
12000	240	238	0.947	0	238	0	0:02:50.141156
12100	242	242	0.918	1	242	1	0:02:50.219525
12200	244	244	0.947	1	244	1	0:02:49.904850
12300	246	251	0.168	0	251	0	0:02:50.155692
12400	248	248	0.65	1	248	1	0:02:50.353301
12500	250	270	0.0461	0	270	0	0:02:49.943998
12600	252	252	0.643	1	252	1	0:02:50.352377
12700	254	245	0.331	0	245	0	0:02:50.167932
12800	256	256	0.947	1	256	1	0:02:50.085422
12900	258	258	0.894	1	258	1	0:02:50.406676
13000	260	260	0.878	1	260	1	0:02:50.373727
13100	262	262	0.947	1	262	1	0:02:50.536550
13200	264	264	0.468	1	264	1	0:02:50.386382
13300	266	266	0.439	1	266	1	0:02:50.159675
13400	268	268	0.947	1	268	1	0:02:50.418998
13500	270	270	0.947	1	270	1	0:02:50.465157
13600	272	274	0.186	0	274	0	0:02:50.233600
13700	274	274	0.947	1	274	1	0:02:50.432179
13800	276	276	0.947	1	276	1	0:02:50.173613
13900	278	278	0.947	1	278	1	0:02:50.295263
14000	280	280	0.947	1	280	1	0:02:50.085832
14100	282	282	0.909	1	282	1	0:02:50.006511
14200	284	284	0.947	1	284	1	0:02:50.577236
14300	286	286	0.947	1	286	1	0:02:50.106786
14400	288	288	0.894	1	288	1	0:02:50.221521
14500	290	290	0.947	1	290	1	0:02:50.295994
14600	292	290	0.947	0	290	0	0:02:50.442673
14700	294	294	0.947	1	294	1	0:02:50.101107
14800	296	296	0.351	1	296	1	0:02:50.365757
14900	298	298	0.0313	1	298	1	0:02:50.150897
15000	300	300	0.947	1	300	1	0:02:50.018720
15100	302	310	0.434	0	310	0	0:02:50.226805
15200	304	301	0.513	0	301	0	0:02:50.065838
15300	306	306	0.947	1	306	1	0:02:50.065176
15400	308	308	0.93	1	308	1	0:02:50.104827
15500	310	310	0.947	1	310	1	0:02:50.057370
15600	312	-1	0.0	0	51	0	0:02:50.089390
15700	314	314	0.856	1	314	1	0:02:50.210023
15800	316	316	0.947	1	316	1	0:02:50.057951
15900	318	318	0.669	1	318	1	0:02:50.420378
16000	320	320	0.947	1	320	1	0:02:50.557308
16100	322	322	0.947	1	322	1	0:02:50.136943
16200	324	324	0.947	1	324	1	0:02:50.432562
16300	326	326	0.901	1	326	1	0:02:50.127880
16400	328	328	0.947	1	328	1	0:02:50.807490
16500	330	330	0.93	1	330	1	0:02:50.383982
16600	332	259	0.166	0	259	0	0:02:52.938580
16700	334	334	0.947	1	334	1	0:02:51.277569
16800	336	336	0.947	1	336	1	0:02:49.984151
16900	338	617	0.947	0	617	0	0:02:50.338676
17000	340	340	0.947	1	340	1	0:02:50.190585
17100	342	373	0.104	0	373	0	0:02:50.328257
17200	344	344	0.947	1	344	1	0:02:50.841293
17300	346	346	0.151	1	346	1	0:02:49.941314
17400	348	348	0.947	1	348	1	0:02:50.195253
17500	350	350	0.947	1	350	1	0:02:50.279551
17600	352	352	0.947	1	352	1	0:02:50.226405
17700	354	354	0.947	1	354	1	0:02:49.965075
17800	356	278	0.53	0	278	0	0:02:51.690340
17900	358	359	0.413	0	359	0	0:02:51.974943
18000	360	360	0.947	1	360	1	0:02:51.148659
18100	362	362	0.947	1	362	1	0:02:52.551456
18200	364	364	0.947	1	364	1	0:02:51.185169
18300	366	366	0.947	1	366	1	0:02:52.178160
18400	368	368	0.947	1	368	1	0:02:51.764012
18500	370	370	0.947	1	370	1	0:02:53.304965
18600	372	372	0.947	1	372	1	0:02:56.323927
18700	374	374	0.154	1	374	1	0:02:55.182137
18800	376	376	0.947	1	376	1	0:02:54.470226
18900	378	365	0.097	0	365	0	0:02:54.570071
19000	380	380	0.947	1	380	1	0:02:54.826892
19100	382	382	0.947	1	382	1	0:02:54.366740
19200	384	-1	0.0	0	-1	0	0:02:54.530217
19300	386	386	0.0625	1	386	1	0:02:59.728193
19400	388	388	0.883	1	388	1	0:02:55.391416
19500	390	390	0.947	1	390	1	0:02:53.825528
19600	392	397	0.789	0	397	0	0:02:54.071164
19700	394	568	0.111	0	568	0	0:02:56.291278
19800	396	396	0.947	1	396	1	0:02:54.288161
19900	398	398	0.947	1	398	1	0:02:54.547928
20000	400	400	0.377	1	400	1	0:02:54.319911
20100	402	420	0.0907	0	420	0	0:02:56.178509
20200	404	404	0.947	1	404	1	0:02:59.666231
20300	406	406	0.211	1	406	1	0:02:55.035406
20400	408	847	0.062	0	847	0	0:02:54.491635
20500	410	-1	0.0	0	461	0	0:02:54.364159
20600	412	412	0.178	1	412	1	0:02:54.275381
20700	414	414	0.947	1	414	1	0:02:54.099098
20800	416	416	0.947	1	416	1	0:02:55.594140
20900	418	563	0.947	0	563	0	0:02:53.899821
21000	420	420	0.473	1	420	1	0:02:54.313685
21100	422	543	0.281	0	543	0	0:02:54.716521
21200	424	860	0.0311	0	860	0	0:02:54.187486
21300	426	426	0.947	1	426	1	0:02:54.226836
21400	428	428	0.947	1	428	1	0:02:54.238545
21500	430	430	0.894	1	430	1	0:02:53.800517
21600	432	432	0.947	1	432	1	0:02:54.289847
21700	434	434	0.191	1	434	1	0:02:53.950587
21800	436	436	0.947	1	436	1	0:02:56.760657
21900	438	647	0.783	0	647	0	0:02:54.031392
22000	440	440	0.51	1	440	1	0:02:55.226253
22100	442	442	0.947	1	442	1	0:02:53.869840
22200	444	394	0.0876	0	394	0	0:02:54.104331
22300	446	446	0.947	1	446	1	0:02:55.775139
22400	448	498	0.0544	0	498	0	0:02:55.621580
22500	450	450	0.427	1	450	1	0:02:53.874572
22600	452	452	0.705	1	452	1	0:02:56.111284
22700	454	454	0.947	1	454	1	0:02:54.480587
22800	456	522	0.101	0	522	0	0:03:05.696060
22900	458	458	0.947	1	458	1	0:02:56.008307
23000	460	978	0.107	0	978	0	0:02:54.591733
23100	462	462	0.704	1	462	1	0:02:54.390805
23200	464	439	0.348	0	439	0	0:02:54.442556
23300	466	466	0.947	1	466	1	0:02:54.549312
23400	468	468	0.947	1	468	1	0:02:53.803793
23500	470	832	0.536	0	832	0	0:02:54.142251
23600	472	472	0.947	1	472	1	0:02:54.049208
23700	474	735	0.448	0	735	0	0:02:52.752210
23800	476	476	0.866	1	476	1	0:02:51.804245
23900	478	526	0.458	0	526	0	0:02:52.029032
24000	480	-1	0.0	0	-1	0	0:02:53.339234
24100	482	481	0.614	0	481	0	0:02:51.567161
24200	484	871	0.947	0	871	0	0:02:51.870358
24300	486	889	0.258	0	889	0	0:02:50.512664
24400	488	649	0.204	0	649	0	0:02:51.311129
24500	490	490	0.54	1	490	1	0:02:51.141564
24600	492	492	0.947	1	492	1	0:02:50.931418
24700	494	886	0.284	0	886	0	0:02:50.823200
24800	496	496	0.578	1	496	1	0:02:50.676893
24900	498	498	0.947	1	498	1	0:02:50.600761
25000	500	500	0.947	1	500	1	0:02:50.747199
25100	502	502	0.947	1	502	1	0:02:51.004402
25200	504	504	0.722	1	504	1	0:02:50.435925
25300	506	506	0.93	1	506	1	0:02:50.571434
25400	508	508	0.947	1	508	1	0:02:50.589219
25500	510	510	0.947	1	510	1	0:02:50.644810
25600	512	-1	0.0	0	477	0	0:02:50.565594
25700	514	514	0.947	1	514	1	0:02:50.605068
25800	516	850	0.176	0	850	0	0:02:50.897973
25900	518	518	0.947	1	518	1	0:02:50.670110
26000	520	520	0.947	1	520	1	0:02:50.389706
26100	522	522	0.947	1	522	1	0:02:50.929154
26200	524	461	0.0744	0	461	0	0:02:50.785414
26300	526	673	0.347	0	673	0	0:02:50.514716
26400	528	674	0.0331	0	674	0	0:02:50.991654
26500	530	531	0.947	0	531	0	0:02:50.603840
26600	532	532	0.082	1	532	1	0:02:50.542014
26700	534	558	0.0288	0	558	0	0:02:50.729631
26800	536	403	0.947	0	403	0	0:02:51.099432
26900	538	538	0.947	1	538	1	0:02:50.552936
27000	540	540	0.947	1	540	1	0:02:50.633603
27100	542	477	0.947	0	477	0	0:02:50.706354
27200	544	926	0.709	0	926	0	0:02:50.767101
27300	546	546	0.947	1	546	1	0:02:50.597180
27400	548	548	0.947	1	548	1	0:02:50.665539
27500	550	-1	0.0	0	-1	0	0:02:50.654152
27600	552	552	0.947	1	552	1	0:02:50.582205
27700	554	554	0.947	1	554	1	0:02:50.913103
27800	556	703	0.226	0	703	0	0:02:51.018133
27900	558	251	0.266	0	251	0	0:02:50.399777
28000	560	768	0.587	0	768	0	0:02:50.963659
28100	562	562	0.947	1	562	1	0:02:51.259911
28200	564	669	0.192	0	669	0	0:02:50.591777
28300	566	566	0.947	1	566	1	0:02:50.696772
28400	568	568	0.162	1	568	1	0:02:50.606362
28500	570	613	0.0961	0	613	0	0:02:50.510530
28600	572	696	0.263	0	696	0	0:02:51.396715
28700	574	574	0.947	1	574	1	0:02:50.236418
28800	576	576	0.947	1	576	1	0:02:50.409088
28900	578	578	0.497	1	578	1	0:02:50.664048
29000	580	738	0.947	0	738	0	0:02:51.071731
29100	582	711	0.0476	0	711	0	0:02:50.700662
29200	584	632	0.397	0	632	0	0:02:50.665633
29300	586	586	0.947	1	586	1	0:02:50.618251
29400	588	588	0.947	1	588	1	0:02:50.582445
29500	590	590	0.707	1	590	1	0:02:50.570407
29600	592	592	0.947	1	592	1	0:02:51.096642
29700	594	594	0.947	1	594	1	0:02:50.418334
29800	596	730	0.409	0	730	0	0:02:50.648957
29900	598	664	0.909	0	664	0	0:02:50.592048
30000	600	517	0.918	0	517	0	0:02:50.548764
30100	602	602	0.947	1	602	1	0:02:50.475459
30200	604	-1	0.0	0	906	0	0:02:50.301919
30300	606	606	0.947	1	606	1	0:02:50.413657
30400	608	523	0.317	0	523	0	0:02:50.749262
30500	610	610	0.837	1	610	1	0:02:50.716019
30600	612	612	0.947	1	612	1	0:02:50.601411
30700	614	614	0.763	1	614	1	0:02:50.754884
30800	616	822	0.165	0	822	0	0:02:50.815198
30900	618	647	0.049	0	647	0	0:02:50.492871
31000	620	681	0.207	0	681	0	0:02:50.604274
31100	622	622	0.947	1	622	1	0:02:50.373056
31200	624	453	0.797	0	453	0	0:02:50.800156
31300	626	704	0.74	0	704	0	0:02:50.406224
31400	628	624	0.0985	0	624	0	0:02:50.428439
31500	630	703	0.754	0	703	0	0:02:50.654625
31600	632	632	0.947	1	632	1	0:02:51.368976
31700	634	489	0.947	0	489	0	0:02:50.950175
31800	636	636	0.947	1	636	1	0:02:50.536974
31900	638	638	0.947	1	638	1	0:02:51.498791
32000	640	640	0.947	1	640	1	0:02:50.534400
32100	642	642	0.947	1	642	1	0:02:50.200142
32200	644	644	0.947	1	644	1	0:02:50.574719
32300	646	545	0.947	0	545	0	0:02:50.049002
32400	648	651	0.744	0	651	0	0:02:50.342557
32500	650	546	0.798	0	546	0	0:02:50.429549
32600	652	715	0.52	0	715	0	0:02:50.453622
32700	654	436	0.888	0	436	0	0:02:50.117130
32800	656	581	0.313	0	581	0	0:02:50.434879
32900	658	658	0.947	1	658	1	0:02:50.172169
33000	660	660	0.947	1	660	1	0:02:50.321802
33100	662	-1	0.0	0	549	0	0:02:50.356783
33200	664	851	0.947	0	851	0	0:02:50.167623
33300	666	666	0.0796	1	666	1	0:02:49.996571
33400	668	668	0.0812	1	668	1	0:02:50.412128
33500	670	670	0.947	1	670	1	0:02:50.420629
33600	672	672	0.512	1	672	1	0:02:49.942435
33700	674	674	0.21	1	674	1	0:02:50.525819
33800	676	691	0.143	0	691	0	0:02:50.087504
33900	678	678	0.947	1	678	1	0:02:50.471662
34000	680	-1	0.0	0	78	0	0:02:50.192325
34100	682	682	0.798	1	682	1	0:02:50.216528
34200	684	684	0.947	1	684	1	0:02:50.450220
34300	686	758	0.0235	0	758	0	0:02:50.472976
34400	688	688	0.947	1	688	1	0:02:50.157883
34500	690	690	0.947	1	690	1	0:02:50.299764
34600	692	424	0.433	0	424	0	0:02:50.455544
34700	694	694	0.947	1	694	1	0:02:50.446894
34800	696	150	0.095	0	150	0	0:02:50.081214
34900	698	663	0.666	0	663	0	0:02:51.147681
35000	700	831	0.0633	0	831	0	0:02:50.323878
35100	702	602	0.439	0	602	0	0:02:50.244942
35200	704	704	0.947	1	704	1	0:02:50.599758
35300	706	762	0.115	0	762	0	0:02:50.226708
35400	708	682	0.947	0	682	0	0:02:50.540782
35500	710	855	0.599	0	855	0	0:02:50.783175
35600	712	720	0.754	0	720	0	0:02:50.278912
35700	714	714	0.947	1	714	1	0:02:50.337128
35800	716	716	0.947	1	716	1	0:02:50.405945
35900	718	449	0.678	0	449	0	0:02:50.071524
36000	720	951	0.43	0	951	0	0:02:50.366396
36100	722	722	0.947	1	722	1	0:02:50.404536
36200	724	780	0.947	0	780	0	0:02:50.252908
36300	726	726	0.947	1	726	1	0:02:50.251304
36400	728	728	0.27	1	728	1	0:02:50.670234
36500	730	730	0.0476	1	730	1	0:02:50.404198
36600	732	732	0.947	1	732	1	0:02:50.007890
36700	734	734	0.947	1	734	1	0:02:50.540062
36800	736	736	0.947	1	736	1	0:02:50.641781
36900	738	738	0.947	1	738	1	0:02:50.450029
37000	740	-1	0.0	0	802	0	0:02:50.436218
37100	742	-1	0.0	0	466	0	0:02:50.111523
37200	744	744	0.422	1	744	1	0:02:50.293139
37300	746	746	0.947	1	746	1	0:02:50.729997
37400	748	748	0.947	1	748	1	0:02:50.154861
37500	750	172	0.193	0	172	0	0:02:50.224427
37600	752	499	0.145	0	499	0	0:02:50.494940
37700	754	848	0.0948	0	848	0	0:02:50.254593
37800	756	756	0.947	1	756	1	0:02:50.454982
37900	758	758	0.609	1	758	1	0:02:50.506272
38000	760	651	0.214	0	651	0	0:02:50.241960
38100	762	762	0.947	1	762	1	0:02:50.090720
38200	764	593	0.121	0	593	0	0:02:50.534497
38300	766	766	0.947	1	766	1	0:02:50.131311
38400	768	768	0.918	1	768	1	0:02:50.126591
38500	770	-1	0.0	0	414	0	0:02:50.469443
38600	772	772	0.947	1	772	1	0:02:50.214485
38700	774	774	0.947	1	774	1	0:02:49.991592
38800	776	875	0.812	0	875	0	0:02:50.318289
38900	778	707	0.256	0	707	0	0:02:50.032246
39000	780	914	0.499	0	914	0	0:02:50.083572
39100	782	598	0.126	0	598	0	0:02:50.399259
39200	784	550	0.154	0	550	0	0:02:50.056369
39300	786	866	0.253	0	866	0	0:02:50.574198
39400	788	702	0.151	0	702	0	0:02:50.765851
39500	790	791	0.947	0	791	0	0:02:50.591609
39600	792	792	0.947	1	792	1	0:02:50.011486
39700	794	794	0.947	1	794	1	0:02:50.578466
39800	796	796	0.947	1	796	1	0:02:50.092269
39900	798	798	0.93	1	798	1	0:02:50.156123
40000	800	800	0.947	1	800	1	0:02:50.581590
40100	802	802	0.139	1	802	1	0:02:49.977977
40200	804	804	0.947	1	804	1	0:02:50.036661
40300	806	806	0.947	1	806	1	0:02:50.365036
40400	808	808	0.947	1	808	1	0:02:50.060954
40500	810	810	0.947	1	810	1	0:02:49.885568
40600	812	812	0.947	1	812	1	0:02:50.670269
40700	814	-1	0.0	0	814	1	0:02:50.267666
40800	816	816	0.947	1	816	1	0:02:50.358326
40900	818	745	0.947	0	745	0	0:02:50.770067
41000	820	820	0.93	1	820	1	0:02:50.416663
41100	822	822	0.947	1	822	1	0:02:50.077172
41200	824	824	0.93	1	824	1	0:02:50.966025
41300	826	826	0.358	1	826	1	0:02:50.391189
41400	828	618	0.405	0	618	0	0:02:50.482669
41500	830	830	0.103	1	830	1	0:02:50.654313
41600	832	832	0.947	1	832	1	0:02:50.333663
41700	834	834	0.859	1	834	1	0:02:50.134238
41800	836	671	0.152	0	671	0	0:02:50.250825
41900	838	631	0.947	0	631	0	0:02:50.333401
42000	840	840	0.947	1	840	1	0:02:50.146352
42100	842	842	0.115	1	842	1	0:02:50.068060
42200	844	844	0.947	1	844	1	0:02:50.099860
42300	846	583	0.466	0	583	0	0:02:50.011405
42400	848	732	0.874	0	732	0	0:02:50.128178
42500	850	850	0.947	1	850	1	0:02:50.042006
42600	852	852	0.947	1	852	1	0:02:50.044302
42700	854	854	0.894	1	854	1	0:02:50.420279
42800	856	856	0.804	1	856	1	0:02:49.941530
42900	858	448	0.533	0	448	0	0:02:49.891601
43000	860	409	0.0576	0	409	0	0:02:50.170569
43100	862	862	0.751	1	862	1	0:02:49.997007
43200	864	864	0.0116	1	864	1	0:02:49.914138
43300	866	-1	0.0	0	552	0	0:02:50.129693
43400	868	618	0.339	0	618	0	0:02:50.286391
43500	870	870	0.866	1	870	1	0:02:49.934238
43600	872	840	0.947	0	840	0	0:02:50.652153
43700	874	874	0.947	1	874	1	0:02:50.020374
43800	876	648	0.487	0	648	0	0:02:50.033182
43900	878	878	0.947	1	878	1	0:02:50.168353
44000	880	621	0.123	0	621	0	0:02:50.198000
44100	882	859	0.107	0	859	0	0:02:50.106145
44200	884	884	0.947	1	884	1	0:02:50.803070
44300	886	886	0.947	1	886	1	0:02:50.406937
44400	888	718	0.947	0	718	0	0:02:50.261734
44500	890	890	0.947	1	890	1	0:02:50.495176
44600	892	858	0.333	0	858	0	0:02:50.353068
44700	894	894	0.947	1	894	1	0:02:50.046408
44800	896	896	0.883	1	896	1	0:02:50.518305
44900	898	-1	0.0	0	508	0	0:02:50.117634
45000	900	900	0.947	1	900	1	0:02:50.321633
45100	902	902	0.947	1	902	1	0:02:50.696475
45200	904	905	0.947	0	905	0	0:02:50.310316
45300	906	906	0.947	1	906	1	0:02:50.262543
45400	908	895	0.947	0	895	0	0:02:50.265818
45500	910	641	0.878	0	641	0	0:02:50.459004
45600	912	912	0.321	1	912	1	0:02:50.279380
45700	914	914	0.947	1	914	1	0:02:50.378072
45800	916	916	0.947	1	916	1	0:02:50.018540
45900	918	918	0.947	1	918	1	0:02:49.964417
46000	920	920	0.268	1	920	1	0:02:50.477420
46100	922	922	0.947	1	922	1	0:02:49.921884
46200	924	924	0.947	1	924	1	0:02:50.100155
46300	926	926	0.947	1	926	1	0:02:50.545380
46400	928	927	0.457	0	927	0	0:02:50.506197
46500	930	964	0.487	0	964	0	0:02:50.019717
46600	932	932	0.664	1	932	1	0:02:50.483363
46700	934	934	0.0125	1	934	1	0:02:50.069975
46800	936	936	0.947	1	936	1	0:02:50.369968
46900	938	938	0.184	1	938	1	0:02:50.518232
47000	940	940	0.617	1	940	1	0:02:50.065490
47100	942	942	0.947	1	942	1	0:02:50.189537
47200	944	946	0.947	0	946	0	0:02:50.302297
47300	946	946	0.947	1	946	1	0:02:50.375919
47400	948	948	0.947	1	948	1	0:02:50.090247
47500	950	950	0.947	1	950	1	0:02:50.710950
47600	952	90	0.947	0	90	0	0:02:49.917574
47700	954	954	0.0592	1	954	1	0:02:50.143338
47800	956	956	0.947	1	956	1	0:03:02.488769
47900	958	483	0.947	0	483	0	0:03:01.820591
48000	960	960	0.327	1	960	1	0:03:01.812625
48100	962	962	0.947	1	962	1	0:03:02.054602
48200	964	964	0.548	1	964	1	0:03:04.356829
48300	966	630	0.237	0	630	0	0:03:03.846457
48400	968	968	0.947	1	968	1	0:03:02.417598
48500	970	795	0.947	0	795	0	0:03:01.675130
48600	972	979	0.947	0	979	0	0:03:01.962838
48700	974	974	0.947	1	974	1	0:03:01.900603
48800	976	972	0.398	0	972	0	0:03:01.827358
48900	978	-1	0.0	0	701	0	0:03:01.587969
49000	980	980	0.947	1	980	1	0:03:02.086743
49100	982	982	0.947	1	982	1	0:03:01.696836
49200	984	984	0.947	1	984	1	0:03:01.943896
49300	986	986	0.947	1	986	1	0:03:03.139335
49400	988	112	0.309	0	112	0	0:03:02.266186
49500	990	990	0.607	1	990	1	0:03:02.094166
49600	992	992	0.947	1	992	1	0:03:02.900611
49700	994	994	0.947	1	994	1	0:03:02.964305
49800	996	996	0.947	1	996	1	0:03:01.862073
49900	998	987	0.947	0	987	0	0:03:02.105410
