idx	mean	std	min	25 percentile	50 percentile	75 percentile	max
0	0.5164	0.05521	0.3294	0.4819	0.5205	0.5556	0.6535
100	0.1973	0.01298	0.1606	0.1888	0.197	0.2064	0.2277
200	0.7597	0.04658	0.5557	0.7374	0.7676	0.7936	0.8525
300	0.1625	0.02036	0.1086	0.1481	0.1622	0.1759	0.2266
400	0.2503	0.1162	0.06018	0.1585	0.235	0.3276	0.5992
500	0.01773	0.00555	0.004555	0.01391	0.01691	0.02031	0.04337
600	0.6955	0.02726	0.6232	0.6778	0.6974	0.7151	0.7685
700	0.01976	0.008019	0.006505	0.01415	0.0183	0.02366	0.05823
800	0.1101	0.05915	0.02119	0.06972	0.0956	0.1389	0.3751
900	0.3867	0.03238	0.2998	0.3641	0.3841	0.4074	0.4858
1000	0.3932	0.1024	0.1183	0.3221	0.4017	0.4662	0.6524
1100	0.2596	0.02583	0.1693	0.2432	0.2613	0.2782	0.3181
1200	0.0005674	0.0004201	7.977e-05	0.0003143	0.0004738	0.0007117	0.005401
1300	0.3517	0.04428	0.2288	0.3204	0.3501	0.3824	0.4921
1400	0.5817	0.05769	0.3827	0.5452	0.5893	0.6249	0.7305
1500	0.1506	0.03909	0.06701	0.1226	0.1458	0.1721	0.3062
1600	0.3344	0.06064	0.195	0.2922	0.3277	0.3696	0.514
1700	0.6783	0.03366	0.5665	0.6585	0.6794	0.7006	0.7597
1800	0.1352	0.0056	0.1174	0.1315	0.1353	0.1394	0.1491
1900	0.2313	0.04222	0.1341	0.2023	0.2275	0.2586	0.3914
2000	0.5209	0.03624	0.3719	0.5013	0.5247	0.5462	0.6114
2100	0.5138	0.07539	0.237	0.4626	0.5197	0.5735	0.6693
2200	0.1753	0.0205	0.1299	0.1621	0.1729	0.1867	0.2642
2300	0.1157	0.007586	0.1018	0.1106	0.1143	0.1193	0.153
2400	0.599	0.07764	0.3155	0.544	0.6082	0.6544	0.7779
2500	0.3135	0.0329	0.2322	0.2927	0.3104	0.3336	0.4256
2600	0.2948	0.02576	0.2207	0.2782	0.2922	0.3091	0.3861
2700	0.1303	0.01724	0.08441	0.1174	0.1293	0.1424	0.1776
2800	0.1018	0.02145	0.05403	0.08565	0.1005	0.1146	0.1903
2900	0.3709	0.06767	0.1895	0.3256	0.3704	0.4174	0.5423
3000	0.1973	0.01578	0.153	0.186	0.1971	0.2081	0.2514
3100	0.1419	0.01147	0.1151	0.1338	0.141	0.1491	0.1765
3200	0.2935	0.0478	0.1843	0.2608	0.2915	0.321	0.4679
3300	0.6446	0.0523	0.4667	0.6123	0.6544	0.6829	0.7511
3400	0.107	0.03266	0.03324	0.08208	0.1018	0.13	0.2258
3500	0.04131	0.009977	0.0171	0.03424	0.03966	0.04756	0.07623
3600	0.1372	0.009787	0.1117	0.1302	0.1365	0.1432	0.1716
3700	0.4482	0.05104	0.3129	0.4135	0.447	0.4842	0.6015
3800	0.6141	0.04315	0.4535	0.585	0.6166	0.6451	0.7203
3900	0.235	0.03243	0.1294	0.2136	0.2376	0.2582	0.3318
4000	0.003122	0.001452	0.0007999	0.002032	0.002844	0.003927	0.01038
4100	0.1475	0.01711	0.09912	0.1353	0.1474	0.1579	0.2311
4200	0.5573	0.07374	0.3214	0.5091	0.5612	0.6065	0.7685
4300	0.1636	0.01738	0.1139	0.1518	0.1615	0.174	0.228
4400	0.1942	0.04627	0.07226	0.163	0.194	0.2278	0.3435
4500	0.101	0.05072	0.01802	0.06496	0.09203	0.1246	0.3644
4600	0.4442	0.06762	0.2437	0.4063	0.4499	0.4855	0.6051
4700	0.05664	0.01655	0.01659	0.04448	0.05482	0.06576	0.1168
4800	0.0003063	0.0001079	9.097e-05	0.000227	0.0002929	0.0003739	0.0008435
4900	0.5505	0.05582	0.3631	0.5182	0.557	0.5919	0.6814
5000	0.002616	0.0009952	0.0008106	0.001936	0.002411	0.003148	0.007637
5100	0.04882	0.03272	0.007597	0.02669	0.04094	0.06178	0.2727
5200	0.2292	0.03002	0.1405	0.2088	0.2288	0.2489	0.3209
5300	0.1468	0.03743	0.05767	0.1206	0.1441	0.1707	0.2786
5400	0.6158	0.06393	0.327	0.5747	0.6216	0.6602	0.7545
5500	0.09959	0.00443	0.08104	0.09769	0.1007	0.1022	0.1102
5600	0.584	0.1168	0.185	0.5088	0.6004	0.6708	0.8129
5700	0.1274	0.04022	0.04397	0.0985	0.1199	0.149	0.3032
5800	0.002969	0.001374	0.0006286	0.002032	0.002624	0.003625	0.01146
5900	0.1353	0.01895	0.08859	0.1228	0.1334	0.1476	0.2132
6000	0.5864	0.02154	0.4688	0.5734	0.5883	0.6012	0.6475
6100	0.2579	0.05106	0.1172	0.2224	0.2528	0.29	0.4187
6200	0.5871	0.02895	0.485	0.5686	0.588	0.6067	0.66
6300	0.2882	0.0548	0.1577	0.253	0.2873	0.3269	0.473
6400	0.0609	0.00746	0.03913	0.05571	0.06056	0.06572	0.08323
6500	0.187	0.04256	0.08012	0.1581	0.1866	0.2178	0.3073
6600	0.05338	0.008723	0.02813	0.04689	0.05244	0.05896	0.08347
6700	0.3527	0.03132	0.2681	0.3331	0.3506	0.3722	0.4611
6800	0.0001893	8.579e-05	5.144e-05	0.0001291	0.0001739	0.0002246	0.0006516
6900	0.03944	0.01845	0.006155	0.02636	0.03586	0.04844	0.1234
7000	0.01116	0.002612	0.005434	0.009417	0.0108	0.01255	0.02066
7100	0.1719	0.02493	0.1026	0.156	0.1724	0.1877	0.2833
7200	0.2506	0.06372	0.122	0.2013	0.2448	0.2866	0.432
7300	0.4921	0.06778	0.2861	0.4487	0.496	0.5397	0.6755
7400	0.0006277	0.0002086	0.0001766	0.0004724	0.0006033	0.0007402	0.001767
7500	0.2544	0.06989	0.1	0.2065	0.2434	0.2901	0.4938
7600	0.07475	0.01424	0.03893	0.06414	0.07428	0.0839	0.1214
7700	0.238	0.04615	0.1143	0.2077	0.2388	0.27	0.3568
7800	0.03122	0.006934	0.01677	0.02616	0.03016	0.03557	0.05792
7900	0.4686	0.0355	0.3481	0.449	0.4695	0.4912	0.6061
8000	0.01575	0.009986	0.001974	0.009133	0.01338	0.01934	0.07687
8100	0.3174	0.05073	0.2007	0.2803	0.314	0.3515	0.4886
8200	0.4367	0.03013	0.2971	0.4176	0.4363	0.4584	0.5185
8300	0.2223	0.01321	0.1924	0.2132	0.2211	0.2301	0.2694
8400	0.6458	0.05434	0.4691	0.6103	0.6563	0.6877	0.7457
8500	0.4171	0.04721	0.283	0.3826	0.4152	0.4501	0.5892
8600	0.3518	0.03046	0.2699	0.3303	0.3506	0.3744	0.4411
8700	0.1232	0.03802	0.05413	0.09596	0.1178	0.1442	0.2924
8800	0.1327	0.03087	0.05647	0.1089	0.1306	0.1533	0.2364
8900	0.02166	0.008461	0.007072	0.01566	0.02005	0.02644	0.06672
9000	0.4304	0.03489	0.321	0.408	0.4341	0.4553	0.5281
9100	0.677	0.02176	0.5925	0.6636	0.6784	0.6931	0.7316
9200	0.4445	0.03269	0.3448	0.4238	0.4452	0.467	0.552
9300	0.2394	0.02178	0.1835	0.2247	0.2373	0.2535	0.3056
9400	0.4172	0.0399	0.3011	0.3916	0.4182	0.4445	0.5389
9500	0.02846	0.007789	0.01471	0.02315	0.027	0.03281	0.05853
9600	0.4596	0.04691	0.3204	0.4307	0.4656	0.4931	0.5654
9700	0.6589	0.02574	0.4859	0.6466	0.662	0.6772	0.7132
9800	0.183	0.03096	0.09164	0.1628	0.1795	0.2046	0.2755
9900	0.2634	0.03695	0.1625	0.2401	0.2613	0.2902	0.3737
10000	0.3235	0.03109	0.2284	0.3026	0.3228	0.3435	0.4339
10100	0.3195	0.02048	0.2416	0.307	0.3195	0.3331	0.3707
10200	0.1044	0.004373	0.08763	0.102	0.1051	0.1074	0.1182
10300	0.2752	0.03212	0.1569	0.2554	0.2752	0.2944	0.3708
10400	0.3963	0.02402	0.3277	0.3797	0.3949	0.4113	0.4717
10500	0.3456	0.06261	0.1928	0.2993	0.3453	0.3873	0.5273
10600	0.2673	0.02685	0.1753	0.2505	0.2693	0.2871	0.3228
10700	0.5034	0.03644	0.4089	0.4804	0.505	0.5277	0.6143
10800	0.2558	0.07148	0.1015	0.2031	0.2527	0.3063	0.535
10900	0.09322	0.01076	0.06411	0.08613	0.09325	0.09934	0.126
11000	0.2113	0.07354	0.05776	0.1539	0.2016	0.2565	0.4694
11100	0.4764	0.03858	0.3483	0.4545	0.4791	0.5022	0.5913
11200	0.6561	0.02748	0.5572	0.6381	0.6561	0.6754	0.7558
11300	0.1351	0.03595	0.06131	0.1075	0.1314	0.158	0.275
11400	0.3312	0.1112	0.07885	0.2426	0.3329	0.4117	0.622
11500	0.09968	0.005387	0.08569	0.09601	0.09899	0.1027	0.1248
11600	0.231	0.02636	0.1529	0.2135	0.2293	0.248	0.3095
11700	0.3761	0.02812	0.2728	0.3568	0.3783	0.3964	0.4566
11800	0.6533	0.02561	0.5597	0.637	0.6554	0.6707	0.7193
11900	0.193	0.009223	0.1718	0.1865	0.1922	0.1984	0.2311
12000	0.1827	0.01437	0.1548	0.1729	0.1802	0.191	0.2516
12100	0.3293	0.02083	0.2527	0.3162	0.3305	0.3442	0.4045
12200	0.07505	0.02853	0.02354	0.05473	0.07049	0.0915	0.1918
12300	0.4296	0.01941	0.3501	0.4174	0.4312	0.4429	0.4781
12400	0.1694	0.003763	0.1585	0.167	0.1694	0.1717	0.1851
12500	0.6944	0.04122	0.5745	0.6648	0.697	0.7219	0.8003
12600	0.5103	0.01995	0.4431	0.4965	0.511	0.5231	0.5785
12700	0.4502	0.06532	0.1883	0.4175	0.4628	0.4975	0.5563
12800	0.09775	0.02055	0.05399	0.08279	0.09554	0.1099	0.1679
12900	0.5413	0.052	0.3548	0.5076	0.5418	0.5774	0.6776
13000	0.04072	0.013	0.01164	0.03157	0.03901	0.04884	0.09305
13100	0.04106	0.01201	0.01784	0.03239	0.03891	0.04843	0.07805
13200	0.2088	0.01741	0.1709	0.1961	0.2083	0.2199	0.2971
13300	0.1942	0.02193	0.1495	0.178	0.1919	0.2073	0.2808
13400	0.05032	0.01551	0.01856	0.03988	0.04689	0.05787	0.118
13500	0.08484	0.01951	0.04071	0.07118	0.08162	0.09521	0.1538
13600	0.3056	0.03392	0.2122	0.2801	0.3055	0.3288	0.4019
13700	0.03957	0.01259	0.01236	0.03069	0.0373	0.04572	0.1048
13800	0.08475	0.02736	0.02384	0.06438	0.08159	0.1017	0.1792
13900	0.1735	0.01807	0.1316	0.1612	0.1711	0.1849	0.2315
14000	0.09183	0.02783	0.03626	0.07167	0.08747	0.1071	0.2043
14100	0.1658	0.002648	0.1584	0.1641	0.1656	0.1676	0.1736
14200	0.0006693	0.0002035	0.0002794	0.0005248	0.0006386	0.0008053	0.001438
14300	0.036	0.01566	0.009911	0.02482	0.03345	0.04439	0.0997
14400	0.1134	0.004702	0.1002	0.1101	0.113	0.1162	0.1335
14500	0.08732	0.009698	0.06284	0.0804	0.08637	0.09333	0.1307
14600	0.06895	0.005131	0.05325	0.06532	0.06895	0.07231	0.08301
14700	0.04783	0.02291	0.009819	0.03131	0.04314	0.06058	0.1583
14800	0.266	0.04574	0.1862	0.2322	0.2575	0.2873	0.4744
14900	0.6756	0.02187	0.5778	0.6616	0.6745	0.6895	0.7501
15000	0.01361	0.006394	0.004119	0.009208	0.01223	0.01603	0.05475
15100	0.2434	0.02134	0.1548	0.2314	0.2433	0.2565	0.3065
15200	0.2841	0.05857	0.07089	0.2452	0.2834	0.3273	0.4083
15300	0.322	0.0388	0.176	0.2971	0.3191	0.3418	0.4744
15400	0.2957	0.01919	0.2389	0.2829	0.2964	0.3084	0.3507
15500	0.02997	0.01421	0.007409	0.02034	0.0265	0.03656	0.1035
15600	0.7886	0.03039	0.6414	0.771	0.7913	0.8099	0.8624
15700	0.3164	0.02333	0.2386	0.3007	0.3174	0.3324	0.3865
15800	0.08473	0.02126	0.03585	0.06934	0.0817	0.09897	0.1516
15900	0.2974	0.05939	0.1093	0.2589	0.3013	0.3389	0.4642
16000	0.05407	0.005874	0.03938	0.04993	0.05401	0.05779	0.07258
16100	0.398	0.04823	0.2849	0.3645	0.3957	0.4275	0.63
16200	0.03796	0.008497	0.01895	0.03175	0.03736	0.04275	0.07719
16300	0.09614	0.008308	0.0639	0.09109	0.09752	0.1023	0.1114
16400	0.02044	0.006963	0.00699	0.01572	0.0191	0.02419	0.04803
16500	0.3909	0.0661	0.1589	0.3496	0.4051	0.4384	0.5365
16600	0.5338	0.02917	0.3778	0.5179	0.5361	0.5539	0.6166
16700	0.3611	0.1148	0.107	0.2734	0.3701	0.4487	0.6584
16800	0.3017	0.05085	0.1326	0.2752	0.3099	0.3369	0.4348
16900	0.6316	0.0287	0.5221	0.6131	0.6321	0.6506	0.7018
17000	0.003252	0.0007084	0.001504	0.002729	0.003211	0.00369	0.005829
17100	0.429	0.03617	0.3038	0.4105	0.4329	0.455	0.5273
17200	0.2522	0.05658	0.09803	0.2109	0.2506	0.2897	0.416
17300	0.4818	0.02838	0.3836	0.4638	0.4837	0.5003	0.5659
17400	0.1374	0.0177	0.09408	0.1247	0.1364	0.1489	0.2095
17500	0.0005173	0.0002588	0.0001049	0.000354	0.0004589	0.0006126	0.002172
17600	0.5628	0.06798	0.336	0.526	0.5714	0.615	0.6928
17700	0.2517	0.04462	0.1098	0.2214	0.2513	0.2821	0.3936
17800	0.5326	0.05326	0.3686	0.4951	0.5379	0.5695	0.696
17900	0.1584	0.01482	0.1285	0.1478	0.156	0.1676	0.2245
18000	0.3645	0.05785	0.1607	0.3342	0.3718	0.4077	0.4812
18100	0.004767	0.002074	0.0006649	0.00328	0.004418	0.005949	0.01394
18200	0.1478	0.05638	0.03989	0.1076	0.1415	0.179	0.3751
18300	0.4143	0.05403	0.2554	0.38	0.411	0.4471	0.6143
18400	0.3027	0.03323	0.2003	0.2797	0.302	0.3259	0.4027
18500	0.1085	0.009074	0.0825	0.1023	0.1096	0.1148	0.1325
18600	0.2426	0.04759	0.1118	0.2089	0.2374	0.2757	0.4058
18700	0.5514	0.06684	0.3831	0.5058	0.5537	0.6013	0.7117
18800	0.1226	0.04544	0.03348	0.0892	0.1175	0.1508	0.265
18900	0.6566	0.03051	0.5227	0.6384	0.659	0.6763	0.7396
19000	0.2654	0.04462	0.1569	0.2335	0.2628	0.2947	0.4301
19100	0.01978	0.004924	0.01069	0.01629	0.0189	0.02244	0.05371
19200	0.5459	0.02202	0.4436	0.5336	0.5465	0.5613	0.6
19300	0.2212	0.02318	0.1758	0.2048	0.22	0.2348	0.3298
19400	0.1283	0.06168	0.03015	0.08323	0.1171	0.1558	0.4033
19500	0.2042	0.02884	0.1304	0.185	0.2034	0.2217	0.3366
19600	0.1128	0.02362	0.04977	0.09542	0.1131	0.1283	0.1754
19700	0.663	0.0187	0.6064	0.652	0.6629	0.6749	0.7146
19800	0.00028	0.0001432	6.042e-05	0.0001759	0.0002477	0.000351	0.001227
19900	0.4558	0.09095	0.2006	0.3929	0.4598	0.5228	0.7009
20000	0.4988	0.05432	0.3159	0.4635	0.5006	0.5383	0.6263
20100	0.6084	0.0836	0.2524	0.5677	0.6226	0.6697	0.7639
20200	0.06012	0.01537	0.02568	0.04913	0.05811	0.0694	0.1349
20300	0.3572	0.06359	0.1744	0.3096	0.3542	0.407	0.5244
20400	0.6327	0.0398	0.4481	0.6145	0.6415	0.6605	0.7082
20500	0.6352	0.09259	0.3263	0.5793	0.6565	0.708	0.81
20600	0.6103	0.02891	0.4965	0.592	0.6106	0.6308	0.6898
20700	0.2794	0.04392	0.166	0.2457	0.2758	0.3083	0.4191
20800	0.03887	0.007806	0.02199	0.0334	0.03823	0.04389	0.0747
20900	0.1416	0.0229	0.08019	0.1267	0.1412	0.1545	0.2134
21000	0.7024	0.02629	0.593	0.6881	0.7043	0.7207	0.7607
21100	0.7659	0.01946	0.7017	0.7539	0.7666	0.7795	0.8233
21200	0.4353	0.0352	0.3289	0.412	0.4362	0.4572	0.5404
21300	0.04932	0.01802	0.01744	0.03703	0.04633	0.05773	0.1748
21400	0.0359	0.0199	0.004751	0.02155	0.03178	0.04616	0.1391
21500	0.1769	0.0552	0.06847	0.1367	0.1702	0.2079	0.4141
21600	0.365	0.08041	0.1532	0.308	0.3659	0.4243	0.562
21700	0.4374	0.0375	0.303	0.4159	0.4401	0.4634	0.5221
21800	0.1964	0.03123	0.118	0.1749	0.1936	0.2154	0.2919
21900	0.4711	0.02229	0.3905	0.4569	0.4736	0.4856	0.5209
22000	0.6956	0.02046	0.5826	0.6861	0.6981	0.7094	0.7506
22100	0.2734	0.02757	0.1693	0.2543	0.2739	0.2914	0.353
22200	0.7253	0.02385	0.6147	0.7107	0.7276	0.7412	0.7813
22300	0.7086	0.02838	0.5932	0.6933	0.7131	0.729	0.7624
22400	0.4784	0.01878	0.4215	0.4662	0.48	0.491	0.5252
22500	0.5829	0.03455	0.4659	0.5609	0.5845	0.6068	0.6669
22600	0.508	0.06578	0.287	0.4636	0.5136	0.5563	0.6632
22700	0.1917	0.009026	0.151	0.1865	0.1927	0.1982	0.2121
22800	0.4676	0.04259	0.3335	0.4382	0.4698	0.4966	0.5709
22900	0.4649	0.03455	0.3648	0.4432	0.4676	0.4893	0.5598
23000	0.2759	0.02319	0.2248	0.2601	0.273	0.2883	0.3696
23100	0.7325	0.02641	0.6305	0.7171	0.7358	0.7505	0.7873
23200	0.4928	0.02205	0.43	0.4777	0.4923	0.5064	0.5629
23300	0.07992	0.0283	0.02575	0.05973	0.0746	0.09507	0.1853
23400	0.2087	0.01918	0.1544	0.195	0.2087	0.2222	0.2601
23500	0.6048	0.04934	0.4399	0.5744	0.6063	0.6374	0.7315
23600	0.06608	0.007577	0.04264	0.06063	0.06575	0.07073	0.103
23700	0.4905	0.0345	0.3791	0.4689	0.4927	0.5135	0.5756
23800	0.2963	0.06018	0.1225	0.2572	0.3012	0.3353	0.4642
23900	0.3364	0.01609	0.2834	0.3255	0.3366	0.3476	0.3849
24000	0.4109	0.022	0.3324	0.3994	0.4117	0.4255	0.4842
24100	0.5655	0.02645	0.4808	0.549	0.5668	0.5834	0.6341
24200	0.08524	0.007818	0.06449	0.0804	0.08497	0.09005	0.1161
24300	0.1012	0.00149	0.09138	0.1007	0.1015	0.1021	0.1048
24400	0.481	0.0515	0.2644	0.445	0.4805	0.5173	0.6142
24500	0.5972	0.02695	0.4921	0.582	0.5997	0.616	0.663
24600	0.512	0.03895	0.3691	0.4886	0.5159	0.5388	0.6037
24700	0.4786	0.02403	0.3793	0.4662	0.4803	0.4946	0.5357
24800	0.4312	0.03512	0.3307	0.4069	0.4304	0.4545	0.5309
24900	0.0382	0.01092	0.01893	0.03002	0.03626	0.04511	0.08932
25000	0.0009533	0.0008426	0.0001063	0.0004418	0.0007095	0.00117	0.009248
25100	0.2127	0.04109	0.09803	0.1848	0.2112	0.2407	0.3421
25200	0.5951	0.04189	0.4455	0.5683	0.5979	0.6222	0.7003
25300	0.456	0.0735	0.2683	0.4	0.4564	0.5105	0.6301
25400	0.1118	0.006197	0.08837	0.1077	0.1122	0.1159	0.1266
25500	0.04586	0.0153	0.01277	0.03446	0.04376	0.0557	0.09962
25600	0.6667	0.02	0.6083	0.6527	0.6686	0.6809	0.7115
25700	0.0001117	4.579e-05	2.678e-05	7.975e-05	0.0001014	0.0001356	0.0003568
25800	0.711	0.03545	0.5012	0.6944	0.718	0.7337	0.7961
25900	0.01811	0.00614	0.007922	0.0138	0.01709	0.02118	0.04663
26000	0.3327	0.08093	0.1177	0.2801	0.3323	0.3939	0.5265
26100	0.3042	0.0626	0.1178	0.2631	0.3111	0.3495	0.4434
26200	0.7115	0.0145	0.6728	0.7018	0.7127	0.7213	0.7531
26300	0.3238	0.01334	0.2846	0.3154	0.3231	0.3328	0.3617
26400	0.61	0.04694	0.4103	0.5813	0.6141	0.6445	0.7262
26500	0.5522	0.04307	0.3706	0.5282	0.5551	0.5811	0.6576
26600	0.2332	0.03885	0.1419	0.2055	0.231	0.2583	0.4098
26700	0.8073	0.01994	0.6787	0.7967	0.8099	0.8211	0.8498
26800	0.1833	0.05165	0.06484	0.1493	0.1766	0.2137	0.3584
26900	0.06842	0.0131	0.04019	0.05882	0.06681	0.07592	0.1163
27000	0.0275	0.01533	0.005043	0.0169	0.02425	0.03398	0.1148
27100	0.4547	0.03778	0.354	0.429	0.4553	0.4832	0.557
27200	0.2332	0.0352	0.1335	0.2103	0.2319	0.2581	0.3294
27300	0.1332	0.03121	0.07062	0.1102	0.1295	0.1515	0.2381
27400	0.09839	0.03453	0.03543	0.07338	0.09217	0.1182	0.2737
27500	0.1042	0.003286	0.08108	0.1028	0.1046	0.1061	0.1163
27600	0.0002119	9.621e-05	4.609e-05	0.0001469	0.0001966	0.0002524	0.0008208
27700	0.1158	0.04795	0.02692	0.08149	0.1096	0.1386	0.3488
27800	0.2474	0.02353	0.1548	0.2332	0.2464	0.2639	0.3263
27900	0.5065	0.03912	0.3928	0.4795	0.5079	0.534	0.6137
28000	0.1357	0.02605	0.06688	0.1175	0.134	0.1538	0.2273
28100	0.07903	0.02592	0.0261	0.05981	0.07592	0.09491	0.1722
28200	0.6602	0.06847	0.3706	0.6112	0.6713	0.7108	0.7896
28300	0.422	0.08692	0.1509	0.3661	0.4242	0.4803	0.6381
28400	0.2692	0.02454	0.1929	0.2537	0.2702	0.2848	0.3468
28500	0.5377	0.02464	0.4581	0.5213	0.538	0.5552	0.6039
28600	0.3913	0.02065	0.2996	0.3801	0.3934	0.4061	0.4387
28700	0.001345	0.0004373	0.0005256	0.001061	0.001272	0.001543	0.004649
28800	0.6826	0.02656	0.5569	0.6676	0.6833	0.6997	0.7554
28900	0.6321	0.04354	0.4856	0.6038	0.6334	0.6629	0.7494
29000	0.4303	0.05133	0.2915	0.397	0.4302	0.4649	0.5826
29100	0.6588	0.05487	0.4798	0.625	0.6618	0.6967	0.8129
29200	0.5003	0.04402	0.3401	0.4741	0.5068	0.5301	0.6186
29300	0.1096	0.02011	0.05241	0.09637	0.1094	0.1231	0.1676
29400	0.1615	0.04743	0.0593	0.127	0.1578	0.1899	0.3525
29500	0.3122	0.009743	0.2786	0.3069	0.3126	0.3191	0.3365
29600	0.4564	0.03106	0.3637	0.435	0.4588	0.4772	0.5481
29700	0.5826	0.02826	0.4747	0.5652	0.5846	0.603	0.6556
29800	0.624	0.02838	0.5315	0.6056	0.6262	0.6433	0.7012
29900	0.4245	0.01887	0.3603	0.4119	0.425	0.4376	0.4926
30000	0.3696	0.05209	0.1641	0.3375	0.3748	0.4067	0.4895
30100	0.09092	0.01273	0.06022	0.08184	0.09004	0.09841	0.1368
30200	0.7523	0.01927	0.6817	0.7407	0.7527	0.7667	0.7998
30300	0.0733	0.01399	0.03775	0.06367	0.07209	0.08083	0.1367
30400	0.5552	0.03118	0.4241	0.5348	0.5547	0.5775	0.6348
30500	0.4987	0.03468	0.3959	0.4775	0.4996	0.5235	0.5878
30600	0.002079	0.0008387	0.0004498	0.001488	0.001946	0.002519	0.00704
30700	0.3722	0.07706	0.1218	0.3183	0.3748	0.4205	0.5652
30800	0.747	0.01987	0.6549	0.7353	0.7477	0.7608	0.7915
30900	0.5316	0.02997	0.4004	0.5136	0.5348	0.5509	0.6129
31000	0.5711	0.02671	0.4829	0.5527	0.5713	0.5915	0.6399
31100	0.0005902	0.0002301	0.0002007	0.0004297	0.0005417	0.0007177	0.001506
31200	0.7385	0.01526	0.6867	0.7287	0.7399	0.7485	0.7759
31300	0.5952	0.01299	0.5423	0.5876	0.5955	0.6037	0.6305
31400	0.6305	0.02465	0.5634	0.6131	0.6321	0.6493	0.693
31500	0.5051	0.0642	0.2671	0.4625	0.5072	0.5511	0.6625
31600	0.2275	0.007815	0.1995	0.2226	0.2278	0.2331	0.2463
31700	0.07785	0.01639	0.04235	0.06514	0.07683	0.08859	0.1306
31800	0.1013	0.001023	0.097	0.1008	0.1015	0.1019	0.103
31900	0.2714	0.02401	0.2148	0.2546	0.2701	0.2853	0.3695
32000	0.002991	0.001146	0.0006967	0.002183	0.00278	0.003633	0.007978
32100	0.002257	0.0007997	0.0006259	0.001702	0.002107	0.002723	0.005687
32200	0.09786	0.01751	0.05632	0.08552	0.09693	0.1088	0.1531
32300	0.1778	0.02143	0.1247	0.1624	0.178	0.1916	0.2587
32400	0.3802	0.024	0.2753	0.3633	0.3803	0.3952	0.4631
32500	0.5782	0.0334	0.4567	0.5558	0.5795	0.5987	0.6775
32600	0.1845	0.03514	0.1087	0.1605	0.1778	0.205	0.3622
32700	0.2592	0.01275	0.217	0.2516	0.2595	0.2669	0.2948
32800	0.311	0.0101	0.2699	0.3051	0.3116	0.3177	0.3406
32900	0.0371	0.006785	0.0204	0.03235	0.0365	0.04134	0.05775
33000	0.4142	0.03854	0.3034	0.3877	0.4177	0.4401	0.5371
33100	0.649	0.01655	0.6	0.638	0.6504	0.6597	0.6946
33200	0.2545	0.01501	0.2096	0.2437	0.2539	0.2654	0.3068
33300	0.2374	0.02083	0.1818	0.2225	0.2354	0.2522	0.3061
33400	0.3667	0.04482	0.2347	0.3359	0.3669	0.3988	0.4845
33500	0.1068	0.02059	0.0601	0.09314	0.1035	0.1168	0.1985
33600	0.3331	0.0239	0.2606	0.3174	0.3338	0.3493	0.4093
33700	0.6064	0.0455	0.3234	0.5844	0.6132	0.637	0.7167
33800	0.5563	0.0377	0.4205	0.5325	0.5586	0.5838	0.6458
33900	0.247	0.09197	0.05654	0.1797	0.2402	0.3002	0.542
34000	0.8851	0.01278	0.7372	0.8811	0.887	0.8925	0.9057
34100	0.4156	0.02944	0.3145	0.3967	0.4141	0.4351	0.5097
34200	0.2468	0.0409	0.1403	0.2157	0.2444	0.2734	0.3984
34300	0.574	0.02735	0.4687	0.5589	0.5791	0.5934	0.6361
34400	0.002992	0.00124	0.0009164	0.002078	0.00276	0.00361	0.008537
34500	0.1828	0.04953	0.1039	0.1509	0.1732	0.2027	0.509
34600	0.3847	0.03776	0.2827	0.3596	0.3836	0.4096	0.4973
34700	1.589e-05	6.168e-06	3.845e-06	1.156e-05	1.453e-05	1.916e-05	4.412e-05
34800	0.7466	0.02784	0.5979	0.7331	0.7492	0.7664	0.8107
34900	0.1976	0.02024	0.1412	0.1834	0.1964	0.2114	0.2723
35000	0.4166	0.03886	0.3077	0.3914	0.4157	0.4424	0.5359
35100	0.2297	0.01833	0.1815	0.217	0.2284	0.2402	0.3117
35200	0.4187	0.05533	0.2193	0.3831	0.4214	0.4589	0.5592
35300	0.4943	0.02079	0.4278	0.4822	0.4951	0.5085	0.5456
35400	0.09157	0.0283	0.03596	0.07022	0.08799	0.1081	0.1973
35500	0.6149	0.02047	0.5269	0.6037	0.6173	0.6284	0.6757
35600	0.4346	0.03242	0.3058	0.4141	0.4359	0.4584	0.5157
35700	0.0634	0.0225	0.0183	0.04713	0.06	0.07583	0.2133
35800	0.2212	0.03854	0.1177	0.195	0.2214	0.2463	0.3291
35900	0.3605	0.04102	0.2514	0.3341	0.3564	0.3863	0.5116
36000	0.3219	0.02874	0.2512	0.303	0.3218	0.3404	0.4057
36100	0.005131	0.003121	0.001134	0.003043	0.004338	0.006237	0.02706
36200	0.03641	0.004561	0.02444	0.03331	0.03633	0.0394	0.05322
36300	0.1455	0.03776	0.05591	0.1185	0.1419	0.1685	0.3084
36400	0.3694	0.04415	0.2161	0.3402	0.3694	0.3999	0.4966
36500	0.3314	0.03639	0.243	0.3058	0.3272	0.3526	0.4736
36600	0.04281	0.0106	0.01681	0.03475	0.04229	0.04955	0.08984
36700	0.01635	0.003656	0.008189	0.0137	0.01607	0.01857	0.02949
36800	2.006e-05	1.393e-05	2.783e-06	1.018e-05	1.586e-05	2.631e-05	9.964e-05
36900	0.5536	0.0933	0.2589	0.4874	0.5582	0.623	0.7514
37000	0.7979	0.0102	0.7575	0.7917	0.798	0.8051	0.8308
37100	0.7027	0.04844	0.5066	0.6773	0.7104	0.737	0.8067
37200	0.2571	0.02157	0.1803	0.2453	0.2608	0.2732	0.3077
37300	2.738e-06	1.204e-06	7.61e-07	1.908e-06	2.479e-06	3.384e-06	8.376e-06
37400	0.3754	0.01893	0.3198	0.3613	0.3755	0.3881	0.426
37500	0.5173	0.02605	0.3781	0.5017	0.5193	0.535	0.595
37600	0.6793	0.04156	0.5053	0.654	0.6836	0.7072	0.7821
37700	0.5111	0.02066	0.4329	0.4982	0.5112	0.5254	0.5749
37800	0.1629	0.03822	0.06701	0.1371	0.1598	0.185	0.3266
37900	0.6939	0.02416	0.6036	0.6789	0.6947	0.7101	0.7599
38000	0.451	0.01516	0.4047	0.4416	0.4505	0.4608	0.5052
38100	0.4832	0.03829	0.364	0.46	0.484	0.5107	0.5782
38200	0.5496	0.03423	0.4414	0.5254	0.5493	0.5717	0.6754
38300	0.005343	0.002125	0.001831	0.003772	0.005041	0.006383	0.01425
38400	0.5238	0.02968	0.4291	0.5046	0.525	0.5441	0.6105
38500	0.5256	0.04782	0.356	0.4963	0.5282	0.5566	0.6646
38600	0.6049	0.02327	0.5127	0.5904	0.6065	0.6203	0.6628
38700	0.5415	0.06307	0.3211	0.5012	0.5445	0.5846	0.7025
38800	0.3441	0.04296	0.228	0.3152	0.345	0.3744	0.4407
38900	0.5772	0.03889	0.3975	0.5548	0.5791	0.6042	0.669
39000	0.1917	0.009068	0.1563	0.186	0.1929	0.1978	0.213
39100	0.4084	0.01805	0.3605	0.3965	0.4089	0.4199	0.4595
39200	0.5173	0.01513	0.4554	0.5079	0.518	0.5268	0.5599
39300	0.5696	0.02401	0.4851	0.5542	0.57	0.587	0.6342
39400	0.596	0.04472	0.4383	0.5689	0.5982	0.6292	0.704
39500	0.04755	0.01571	0.01846	0.03647	0.04552	0.05693	0.1017
39600	0.5788	0.02075	0.5022	0.5645	0.5804	0.594	0.6257
39700	0.08847	0.03121	0.03338	0.06758	0.08522	0.1042	0.2655
39800	0.01502	0.006373	0.004806	0.01039	0.01396	0.01822	0.04339
39900	0.1894	0.01868	0.1346	0.1776	0.1896	0.2025	0.2359
40000	0.03489	0.0168	0.008686	0.02279	0.03123	0.0422	0.1137
40100	0.1685	0.02679	0.09353	0.151	0.1667	0.1842	0.2775
40200	0.5276	0.01918	0.4563	0.5151	0.5287	0.5393	0.5891
40300	0.04884	0.01431	0.02133	0.03806	0.0474	0.05642	0.1282
40400	0.4062	0.05735	0.2305	0.3703	0.4066	0.4475	0.5411
40500	0.09878	0.0005281	0.09713	0.09848	0.0988	0.09918	0.1001
40600	8.882e-05	5.659e-05	9.29e-06	4.94e-05	7.553e-05	0.0001121	0.0004785
40700	0.3961	0.02606	0.3115	0.3778	0.3971	0.4137	0.4724
40800	0.05935	0.02148	0.01358	0.04456	0.05607	0.07106	0.138
40900	0.4364	0.03045	0.3348	0.4177	0.4373	0.457	0.5197
41000	0.5555	0.04539	0.3508	0.5276	0.5597	0.5867	0.6566
41100	0.0385	0.01815	0.007241	0.02513	0.03447	0.04705	0.1322
41200	0.6661	0.06007	0.522	0.6236	0.6718	0.7155	0.8227
41300	0.1365	0.01157	0.1044	0.1285	0.1348	0.1424	0.1773
41400	0.3486	0.0478	0.2064	0.3154	0.3511	0.3831	0.471
41500	0.7555	0.02214	0.6515	0.7433	0.7592	0.7711	0.8009
41600	0.08467	0.01776	0.04655	0.07222	0.08347	0.09497	0.1593
41700	0.598	0.01988	0.5377	0.5847	0.5996	0.6112	0.6551
41800	0.6331	0.03043	0.428	0.6163	0.6346	0.6535	0.7105
41900	0.5356	0.02273	0.4745	0.5194	0.5362	0.5517	0.6006
42000	0.528	0.04737	0.3306	0.5019	0.5357	0.5624	0.6237
42100	0.5945	0.05035	0.4166	0.5602	0.5997	0.6292	0.7363
42200	0.2083	0.04838	0.09229	0.1721	0.2038	0.2382	0.3609
42300	0.52	0.02431	0.4153	0.5063	0.5214	0.5352	0.5938
42400	0.6845	0.01603	0.6274	0.6734	0.6863	0.6962	0.7301
42500	0.3935	0.05066	0.2175	0.3585	0.3998	0.4311	0.5131
42600	0.007006	0.002018	0.002257	0.005646	0.00664	0.008206	0.016
42700	0.6819	0.08758	0.3228	0.6282	0.6949	0.7491	0.8312
42800	0.5133	0.07018	0.2837	0.4663	0.517	0.5653	0.6933
42900	0.7193	0.01788	0.633	0.7087	0.7219	0.7314	0.7666
43000	0.4745	0.0211	0.3799	0.465	0.478	0.4882	0.5301
43100	0.08403	0.02463	0.0332	0.06679	0.08015	0.09952	0.1687
43200	0.5009	0.06918	0.2611	0.4532	0.4963	0.5496	0.7282
43300	0.7248	0.04853	0.4781	0.6979	0.7379	0.7577	0.823
43400	0.5019	0.01775	0.4539	0.489	0.5027	0.5133	0.5584
43500	0.4036	0.08699	0.07913	0.3462	0.4078	0.4684	0.6113
43600	0.3274	0.03782	0.2196	0.3011	0.3256	0.3502	0.4503
43700	0.07235	0.01851	0.02846	0.05987	0.06959	0.08193	0.1456
43800	0.5804	0.057	0.3629	0.5432	0.5839	0.6174	0.731
43900	0.1328	0.0093	0.113	0.1261	0.1313	0.1392	0.1659
44000	0.4161	0.05669	0.2656	0.3753	0.4144	0.4523	0.6473
44100	0.6178	0.01819	0.5691	0.606	0.6184	0.6302	0.6705
44200	0.302	0.08459	0.09512	0.2393	0.2951	0.3542	0.5777
44300	0.1979	0.02992	0.1261	0.1769	0.1967	0.2173	0.3423
44400	0.1727	0.01983	0.1282	0.158	0.1704	0.1843	0.2404
44500	0.1666	0.04191	0.07257	0.1376	0.1647	0.1892	0.3057
44600	0.1978	0.04207	0.08087	0.1693	0.197	0.2278	0.3368
44700	0.1632	0.02406	0.1092	0.1457	0.1618	0.1779	0.2519
44800	0.6203	0.0599	0.4514	0.5813	0.6275	0.6629	0.7522
44900	0.5539	0.06969	0.3214	0.5102	0.5633	0.606	0.7177
45000	0.02825	0.0166	0.007648	0.01721	0.02326	0.03433	0.122
45100	0.1175	0.02358	0.06149	0.09997	0.1152	0.1324	0.2204
45200	0.4885	0.04608	0.3239	0.4592	0.4877	0.5214	0.6349
45300	0.03553	0.01514	0.00854	0.02463	0.03295	0.04424	0.1011
45400	0.2116	0.02566	0.1578	0.194	0.2079	0.2248	0.3333
45500	0.04156	0.01142	0.01696	0.03328	0.0405	0.04821	0.08604
45600	0.2637	0.02669	0.1558	0.2479	0.2638	0.2806	0.3593
45700	0.09959	0.02035	0.04559	0.0848	0.09925	0.1143	0.1684
45800	0.01204	0.003149	0.004787	0.009833	0.01147	0.01391	0.03034
45900	0.004847	0.003368	0.0006396	0.00263	0.004084	0.005847	0.02921
46000	0.7973	0.01501	0.7219	0.7891	0.7993	0.8068	0.8372
46100	0.104	0.01531	0.05992	0.09353	0.1034	0.1144	0.1457
46200	0.1325	0.05224	0.03405	0.09462	0.1265	0.1626	0.3357
46300	0.02692	0.004314	0.0168	0.02374	0.02634	0.0296	0.04235
46400	0.6711	0.02729	0.5713	0.6544	0.6722	0.6921	0.7451
46500	0.2558	0.03308	0.1563	0.2313	0.2563	0.2765	0.3663
46600	0.1451	0.02617	0.08403	0.1251	0.144	0.1619	0.2195
46700	0.3357	0.02376	0.2241	0.3221	0.3371	0.3517	0.4037
46800	0.1285	0.04107	0.04619	0.1005	0.1238	0.1534	0.2835
46900	0.3027	0.04215	0.1871	0.2745	0.3008	0.3278	0.491
47000	0.595	0.04303	0.4423	0.5671	0.5983	0.626	0.7104
47100	0.001348	0.0003571	0.0005966	0.001084	0.00131	0.001559	0.003043
47200	0.1174	0.01133	0.0834	0.1092	0.117	0.1248	0.1502
47300	0.05231	0.007068	0.03485	0.04772	0.0515	0.05661	0.08263
47400	0.05044	0.01232	0.0269	0.04216	0.04864	0.05895	0.09454
47500	0.1707	0.04157	0.06901	0.1396	0.1683	0.1994	0.2973
47600	0.009804	0.003392	0.003908	0.007487	0.009228	0.01159	0.02329
47700	0.7152	0.02074	0.633	0.7029	0.7161	0.7302	0.7617
47800	0.02191	0.01131	0.004363	0.01358	0.01959	0.02642	0.07853
47900	0.183	0.03666	0.09198	0.1588	0.1793	0.2044	0.3268
48000	0.5283	0.0528	0.3057	0.5027	0.5384	0.5647	0.6367
48100	0.508	0.05853	0.3378	0.467	0.5136	0.5491	0.6523
48200	0.6431	0.05304	0.4634	0.6095	0.6503	0.6797	0.7677
48300	0.6767	0.04578	0.4696	0.6526	0.6839	0.7092	0.7734
48400	0.3351	0.04496	0.2299	0.3028	0.3322	0.3599	0.5052
48500	0.09197	0.0174	0.04996	0.07966	0.09044	0.1039	0.1519
48600	0.2396	0.02632	0.1676	0.2213	0.2384	0.2561	0.3489
48700	0.01482	0.006098	0.004976	0.01066	0.01395	0.0176	0.05551
48800	0.4396	0.03059	0.3408	0.4191	0.4421	0.4606	0.5144
48900	0.6394	0.03094	0.5423	0.6201	0.6415	0.6613	0.7133
49000	0.01959	0.00866	0.005386	0.0136	0.01793	0.02338	0.07791
49100	0.5526	0.04876	0.3696	0.5226	0.5546	0.5866	0.6727
49200	0.0009408	0.0002673	0.000375	0.0007684	0.0008994	0.001081	0.003117
49300	8.725e-05	4.207e-05	1.538e-05	5.837e-05	7.746e-05	0.0001065	0.0002735
49400	0.2207	0.05223	0.06948	0.1799	0.2217	0.2554	0.3617
49500	0.2343	0.01814	0.1776	0.2219	0.2326	0.2449	0.2882
49600	0.09613	0.02227	0.05179	0.07979	0.09233	0.1078	0.2097
49700	0.02459	0.01285	0.005087	0.01525	0.0222	0.03051	0.0934
49800	0.5266	0.08708	0.2345	0.4735	0.5332	0.5918	0.7265
49900	0.0824	0.00179	0.07656	0.08115	0.08244	0.08365	0.08789
