idx	predict	radius	unperturbed predict	time
0	0	1.89	0	0:02:54.492586
100	1	1.22	1	0:02:51.248804
200	0	1.89	0	0:02:51.287617
300	1	1.39	1	0:02:50.757169
400	1	0.0157	1	0:02:50.818453
500	1	1.89	1	0:02:50.638005
600	0	1.89	0	0:02:51.229251
700	1	1.89	1	0:02:51.281852
800	1	0.838	1	0:02:51.134570
900	0	1.89	0	0:02:50.980659
1000	0	0.767	0	0:02:51.098084
1100	0	0.561	0	0:02:50.906450
1200	1	1.89	1	0:02:51.220705
1300	0	1.42	0	0:02:51.005929
1400	0	1.89	0	0:02:51.479608
1500	1	0.894	1	0:02:51.442749
1600	0	1.04	0	0:02:51.039435
1700	0	1.89	0	0:02:51.166962
1800	1	1.89	1	0:02:51.225789
1900	-1	0.0	-1	0:02:51.343926
2000	0	1.89	0	0:02:51.137357
2100	0	1.61	0	0:02:51.539741
2200	1	1.11	1	0:02:51.657257
2300	1	1.89	1	0:02:51.254798
2400	0	1.89	0	0:02:51.194452
2500	0	1.48	0	0:02:51.937955
2600	0	1.35	0	0:02:51.426043
2700	1	1.89	1	0:02:51.460620
2800	1	1.89	1	0:02:51.496000
2900	0	0.978	0	0:02:51.310533
3000	1	0.963	1	0:02:51.159708
3100	1	1.89	1	0:02:51.401635
3200	0	0.731	0	0:02:51.313760
3300	0	1.89	0	0:02:51.317510
3400	1	1.41	1	0:02:51.311572
3500	1	1.89	1	0:02:51.182366
3600	1	1.89	1	0:02:53.017257
3700	0	1.86	0	0:02:51.763621
3800	0	1.89	0	0:02:51.830794
3900	0	0.058	0	0:02:51.493112
4000	1	1.89	1	0:02:51.267881
4100	1	1.55	1	0:02:51.255215
4200	0	1.86	0	0:02:51.475568
4300	1	1.36	1	0:02:51.898316
4400	1	0.41	1	0:02:51.355518
4500	1	0.978	1	0:02:51.483803
4600	0	1.43	0	0:02:51.711061
4700	1	1.89	1	0:02:51.291440
4800	1	1.89	1	0:02:51.390387
4900	0	1.89	0	0:02:51.653964
5000	1	1.89	1	0:02:51.160429
5100	1	1.39	1	0:02:51.413156
5200	-1	0.0	-1	0:02:51.740153
5300	1	0.967	1	0:02:51.205938
5400	0	1.89	0	0:02:51.307080
5500	1	1.89	1	0:02:51.846308
5600	0	1.34	0	0:02:51.541954
5700	1	0.995	1	0:02:51.110629
5800	1	1.89	1	0:02:51.568614
5900	1	1.68	1	0:02:51.435867
6000	0	1.89	0	0:02:51.422847
6100	0	0.25	0	0:02:51.325699
6200	0	1.89	0	0:02:51.094012
6300	0	0.485	0	0:02:51.060927
6400	1	1.89	1	0:02:51.510702
6500	1	0.469	1	0:02:51.391661
6600	1	1.89	1	0:02:51.067933
6700	0	1.89	0	0:02:51.478617
6800	1	1.89	1	0:02:51.359602
6900	1	1.89	1	0:02:51.437122
7000	1	1.89	1	0:02:51.476947
7100	1	1.04	1	0:02:51.243421
7200	0	0.059	0	0:02:51.188592
7300	0	1.74	0	0:02:51.456625
7400	1	1.89	1	0:02:51.411116
7500	0	0.164	0	0:02:51.412514
7600	1	1.89	1	0:02:51.585065
7700	0	0.0964	0	0:02:51.169673
7800	1	1.89	1	0:02:51.194749
7900	0	1.89	0	0:02:51.772346
8000	1	1.89	1	0:02:51.290826
8100	0	0.87	0	0:02:51.611537
8200	0	1.89	0	0:02:51.200729
8300	1	0.337	1	0:02:51.405727
8400	0	1.89	0	0:02:51.255863
8500	0	1.89	0	0:02:51.541218
8600	0	1.89	0	0:02:51.411029
8700	1	1.17	1	0:02:51.233284
8800	1	1.37	1	0:02:51.377798
8900	1	1.89	1	0:02:51.157334
9000	0	1.89	0	0:02:51.122297
9100	0	1.89	0	0:02:51.668693
9200	0	1.89	0	0:02:51.104588
9300	0	0.172	0	0:02:51.148825
9400	0	1.74	0	0:02:51.423913
9500	1	1.89	1	0:02:51.114925
9600	0	1.89	0	0:02:51.418263
9700	0	1.89	0	0:02:51.440651
9800	1	0.704	1	0:02:51.317804
9900	0	0.45	0	0:02:51.263869
10000	0	1.67	0	0:02:51.458506
10100	0	1.61	0	0:02:51.959987
10200	1	1.89	1	0:02:51.254819
10300	0	0.647	0	0:02:51.456905
10400	0	1.89	0	0:02:51.909551
10500	0	0.908	0	0:02:51.293227
10600	0	0.657	0	0:02:51.460947
10700	0	1.89	0	0:02:51.203026
10800	0	0.138	0	0:02:51.443040
10900	1	1.89	1	0:02:51.725914
11000	1	0.214	1	0:02:51.554088
11100	0	1.86	0	0:02:51.552573
11200	0	1.89	0	0:02:51.469212
11300	1	1.16	1	0:02:51.150082
11400	0	0.42	0	0:02:51.284492
11500	1	1.89	1	0:02:51.505979
11600	-1	0.0	-1	0:02:51.559805
11700	0	1.89	0	0:02:51.342429
11800	0	1.89	0	0:02:51.704670
11900	1	1.55	1	0:02:51.412213
12000	1	1.22	1	0:02:51.629266
12100	0	1.82	0	0:02:51.603595
12200	1	1.65	1	0:02:51.489174
12300	0	1.89	0	0:02:51.389970
12400	1	1.89	1	0:02:51.388125
12500	0	1.89	0	0:02:51.189709
12600	0	1.89	0	0:02:51.178630
12700	0	1.23	0	0:02:51.442287
12800	1	1.86	1	0:02:51.005210
12900	0	1.89	0	0:02:51.242361
13000	1	1.89	1	0:02:51.611769
13100	1	1.89	1	0:02:51.416146
13200	1	0.62	1	0:02:51.512881
13300	1	0.8	1	0:02:51.398187
13400	1	1.89	1	0:02:51.473093
13500	1	1.89	1	0:02:51.538123
13600	0	1.17	0	0:02:51.532072
13700	1	1.89	1	0:02:51.303823
13800	1	1.61	1	0:02:51.793607
13900	1	1.27	1	0:02:51.589591
14000	1	1.5	1	0:02:51.567909
14100	1	1.89	1	0:02:51.085238
14200	1	1.89	1	0:02:51.327069
14300	1	1.89	1	0:02:51.747817
14400	1	1.89	1	0:02:51.597178
14500	1	1.89	1	0:02:51.680505
14600	1	1.89	1	0:02:51.676662
14700	1	1.76	1	0:02:51.323475
14800	0	0.411	0	0:02:51.877368
14900	0	1.89	0	0:02:51.231200
15000	1	1.89	1	0:02:51.564164
15100	0	0.335	0	0:02:51.609890
15200	0	0.425	0	0:02:51.658842
15300	0	1.34	0	0:02:51.412947
15400	0	1.4	0	0:02:51.436216
15500	1	1.89	1	0:02:51.361190
15600	0	1.89	0	0:02:51.457321
15700	0	1.71	0	0:02:51.492911
15800	1	1.89	1	0:02:51.406533
15900	0	0.561	0	0:02:51.474289
16000	1	1.89	1	0:02:51.196918
16100	0	1.73	0	0:02:50.844857
16200	1	1.89	1	0:02:50.642748
16300	1	1.89	1	0:02:50.916678
16400	1	1.89	1	0:02:51.021520
16500	0	0.972	0	0:02:51.296903
16600	0	1.89	0	0:02:50.889190
16700	0	0.569	0	0:02:50.780730
16800	0	0.64	0	0:02:50.830584
16900	0	1.89	0	0:02:50.858512
17000	1	1.89	1	0:02:51.064977
17100	0	1.77	0	0:02:50.819046
17200	0	0.182	0	0:02:51.198177
17300	0	1.89	0	0:02:51.041621
17400	1	1.86	1	0:02:50.925829
17500	1	1.89	1	0:02:50.955353
17600	0	1.78	0	0:02:51.042261
17700	0	0.244	0	0:02:50.778903
17800	0	1.89	0	0:02:51.076211
17900	1	1.47	1	0:02:51.046117
18000	0	0.974	0	0:02:51.018541
18100	1	1.89	1	0:02:51.299738
18200	1	0.687	1	0:02:51.150195
18300	0	1.66	0	0:02:51.167727
18400	0	1.12	0	0:02:51.265265
18500	1	1.89	1	0:02:50.867690
18600	0	0.0906	0	0:02:51.568310
18700	0	1.89	0	0:02:51.677115
18800	1	1.04	1	0:02:50.994825
18900	0	1.89	0	0:02:51.046257
19000	0	0.379	0	0:02:51.437485
19100	1	1.89	1	0:02:51.050627
19200	0	1.89	0	0:02:50.885573
19300	1	0.261	1	0:02:50.984348
19400	1	0.682	1	0:02:51.134779
19500	1	0.492	1	0:02:51.011844
19600	1	1.89	1	0:02:51.344215
19700	0	1.89	0	0:02:50.966414
19800	1	1.89	1	0:02:51.039711
19900	0	1.13	0	0:02:51.231078
20000	0	1.89	0	0:02:50.958633
20100	0	1.68	0	0:02:51.079011
20200	1	1.89	1	0:02:50.872310
20300	0	0.983	0	0:02:50.930814
20400	0	1.89	0	0:02:51.052991
20500	0	1.76	0	0:02:51.100538
20600	0	1.89	0	0:02:50.743566
20700	0	0.541	0	0:02:51.131079
20800	1	1.89	1	0:02:51.032924
20900	1	1.54	1	0:02:50.811232
21000	0	1.89	0	0:02:51.017115
21100	0	1.89	0	0:02:51.166694
21200	0	1.89	0	0:02:50.890774
21300	1	1.89	1	0:02:51.009519
21400	1	1.86	1	0:02:51.395541
21500	1	0.51	1	0:02:51.335443
21600	0	0.836	0	0:02:51.037971
21700	0	1.75	0	0:02:51.204514
21800	1	0.513	1	0:02:50.985036
21900	0	1.89	0	0:02:50.932042
22000	0	1.89	0	0:02:50.827115
22100	0	0.769	0	0:02:50.873306
22200	0	1.89	0	0:02:51.965239
22300	0	1.89	0	0:02:51.547493
22400	0	1.89	0	0:02:51.574875
22500	0	1.89	0	0:02:51.922019
22600	0	1.75	0	0:02:51.633888
22700	1	1.89	1	0:02:51.738078
22800	0	1.89	0	0:02:51.416719
22900	0	1.89	0	0:02:51.563720
23000	0	1.25	0	0:02:51.561593
23100	0	1.89	0	0:02:51.298203
23200	0	1.89	0	0:02:51.590448
23300	1	1.59	1	0:02:51.766923
23400	1	0.529	1	0:02:51.471248
23500	0	1.89	0	0:02:51.705851
23600	1	1.89	1	0:02:51.706778
23700	0	1.89	0	0:02:51.397568
23800	0	0.522	0	0:02:51.803460
23900	0	1.89	0	0:02:51.395333
24000	0	1.89	0	0:02:51.547224
24100	0	1.89	0	0:02:51.802383
24200	1	1.89	1	0:02:51.572013
24300	1	1.89	1	0:02:51.870121
24400	0	1.89	0	0:02:51.882150
24500	0	1.89	0	0:02:51.569748
24600	0	1.89	0	0:02:51.575076
24700	0	1.89	0	0:02:52.033622
24800	0	1.89	0	0:02:51.673331
24900	1	1.89	1	0:02:52.439538
25000	1	1.89	1	0:02:51.877589
25100	1	0.21	1	0:02:51.441933
25200	0	1.89	0	0:02:51.484437
25300	0	1.53	0	0:02:51.799105
25400	1	1.89	1	0:02:51.554137
25500	1	1.89	1	0:02:51.867502
25600	0	1.89	0	0:02:51.660271
25700	1	1.89	1	0:02:51.601027
25800	0	1.89	0	0:02:51.997627
25900	1	1.89	1	0:02:51.964105
26000	0	0.664	0	0:02:52.806768
26100	0	0.595	0	0:02:57.680663
26200	0	1.89	0	0:02:57.818133
26300	0	1.89	0	0:02:57.999855
26400	0	1.89	0	0:02:57.897996
26500	0	1.89	0	0:02:58.045520
26600	-1	0.0	-1	0:02:57.595741
26700	0	1.89	0	0:02:56.793436
26800	1	0.476	1	0:02:56.770677
26900	1	1.89	1	0:02:56.396523
27000	1	1.86	1	0:02:56.405213
27100	0	1.89	0	0:02:56.504903
27200	0	0.0453	0	0:02:56.879304
27300	1	1.18	1	0:02:56.497033
27400	1	1.35	1	0:02:56.631206
27500	1	1.89	1	0:02:56.484524
27600	1	1.89	1	0:02:56.679630
27700	1	0.95	1	0:02:56.898101
27800	0	0.389	0	0:02:56.530041
27900	0	1.89	0	0:02:56.674763
28000	1	1.62	1	0:02:56.694623
28100	1	1.89	1	0:02:56.261117
28200	0	1.89	0	0:02:56.407660
28300	0	1.11	0	0:02:56.670897
28400	0	0.748	0	0:02:56.326972
28500	0	1.89	0	0:02:56.827753
28600	0	1.8	0	0:02:56.758950
28700	1	1.89	1	0:02:56.795835
28800	0	1.89	0	0:02:56.841205
28900	0	1.89	0	0:02:56.951236
29000	0	1.86	0	0:02:56.561752
29100	0	1.89	0	0:02:57.018296
29200	0	1.89	0	0:02:56.769431
29300	1	1.89	1	0:02:56.822836
29400	1	0.62	1	0:02:56.980955
29500	0	1.89	0	0:02:56.896696
29600	0	1.89	0	0:02:56.866205
29700	0	1.89	0	0:02:56.332101
29800	0	1.89	0	0:02:56.682625
29900	0	1.89	0	0:02:56.374712
30000	0	1.2	0	0:02:56.689985
30100	1	1.89	1	0:02:56.681847
30200	0	1.89	0	0:02:56.581759
30300	1	1.89	1	0:02:56.635664
30400	0	1.89	0	0:02:56.616992
30500	0	1.89	0	0:02:56.349903
30600	1	1.89	1	0:02:56.456796
30700	0	0.956	0	0:02:56.712933
30800	0	1.89	0	0:02:56.437589
30900	0	1.89	0	0:02:56.507818
31000	0	1.89	0	0:02:56.727451
31100	1	1.89	1	0:02:56.271216
31200	0	1.89	0	0:02:56.451394
31300	0	1.89	0	0:02:56.486040
31400	0	1.89	0	0:02:56.302550
31500	0	1.79	0	0:02:56.553977
31600	1	0.111	1	0:02:56.698817
31700	1	1.89	1	0:02:56.496671
31800	1	1.89	1	0:02:56.454084
31900	0	0.961	0	0:02:56.528994
32000	1	1.89	1	0:02:56.524966
32100	1	1.89	1	0:02:56.559455
32200	1	1.89	1	0:02:56.584592
32300	1	1.13	1	0:02:56.210837
32400	0	1.89	0	0:02:56.832444
32500	0	1.89	0	0:02:57.085780
32600	1	0.632	1	0:02:56.788705
32700	0	1.05	0	0:02:57.083704
32800	0	1.89	0	0:02:57.308691
32900	1	1.89	1	0:02:56.739165
33000	0	1.89	0	0:02:57.164004
33100	0	1.89	0	0:02:56.829930
33200	0	0.876	0	0:02:56.959825
33300	0	0.13	0	0:02:56.524236
33400	0	1.49	0	0:02:57.107023
33500	1	1.66	1	0:02:56.780609
33600	0	1.84	0	0:02:56.951807
33700	0	1.89	0	0:02:57.171846
33800	0	1.89	0	0:02:56.880369
33900	0	0.0239	0	0:02:56.786897
34000	0	1.89	0	0:02:57.089502
34100	0	1.89	0	0:02:56.708919
34200	0	0.168	0	0:02:56.707162
34300	0	1.89	0	0:02:57.084815
34400	1	1.89	1	0:02:56.773570
34500	1	0.507	1	0:02:56.746851
34600	0	1.84	0	0:02:57.191963
34700	1	1.89	1	0:02:56.939779
34800	0	1.89	0	0:02:56.678737
34900	1	0.765	1	0:02:57.176734
35000	0	1.89	0	0:02:56.726165
35100	-1	0.0	1	0:02:57.423758
35200	0	1.42	0	0:02:57.682132
35300	0	1.89	0	0:02:57.234986
35400	1	1.66	1	0:02:57.367556
35500	0	1.89	0	0:02:57.288005
35600	0	1.89	0	0:02:56.986212
35700	1	1.8	1	0:02:56.829415
35800	1	0.113	1	0:02:57.222773
35900	0	1.7	0	0:02:57.024025
36000	0	1.58	0	0:02:56.679176
36100	1	1.89	1	0:02:57.183907
36200	1	1.89	1	0:02:56.812248
36300	1	1.01	1	0:02:57.479308
36400	0	1.47	0	0:02:57.050916
36500	0	1.82	0	0:02:57.083914
36600	1	1.89	1	0:02:56.781384
36700	1	1.89	1	0:02:57.057498
36800	1	1.89	1	0:02:56.911819
36900	0	1.7	0	0:02:56.876806
37000	0	1.89	0	0:02:57.392393
37100	0	1.89	0	0:02:57.024148
37200	0	0.556	0	0:02:56.861722
37300	1	1.89	1	0:02:57.103799
37400	0	1.89	0	0:02:56.743069
37500	0	1.89	0	0:02:56.626498
37600	0	1.89	0	0:02:57.307035
37700	0	1.89	0	0:02:56.954863
37800	1	0.797	1	0:02:56.406206
37900	0	1.89	0	0:02:56.713972
38000	0	1.89	0	0:02:56.623276
38100	0	1.89	0	0:02:56.867090
38200	0	1.89	0	0:02:57.238184
38300	1	1.89	1	0:02:56.448703
38400	0	1.89	0	0:02:56.382774
38500	0	1.89	0	0:02:56.831020
38600	0	1.89	0	0:02:56.569413
38700	0	1.89	0	0:03:07.696132
38800	0	1.21	0	0:02:56.702806
38900	0	1.89	0	0:02:56.548368
39000	1	1.89	1	0:02:56.530152
39100	0	1.89	0	0:02:56.811000
39200	0	1.89	0	0:02:56.439698
39300	0	1.89	0	0:02:56.508932
39400	0	1.89	0	0:02:56.528590
39500	1	1.89	1	0:02:56.588022
39600	0	1.89	0	0:02:56.716944
39700	1	1.46	1	0:02:57.356367
39800	1	1.89	1	0:02:56.715124
39900	1	1.27	1	0:02:56.336438
40000	1	1.89	1	0:02:56.608516
40100	1	0.991	1	0:02:56.674722
40200	0	1.89	0	0:02:56.401699
40300	1	1.89	1	0:02:56.604974
40400	0	1.42	0	0:02:56.564395
40500	1	1.89	1	0:02:56.798056
40600	1	1.89	1	0:02:56.912386
40700	0	1.89	0	0:02:56.584811
40800	1	1.89	1	0:02:56.848835
40900	0	1.89	0	0:02:57.111235
41000	0	1.89	0	0:02:55.812480
41100	1	1.89	1	0:02:55.486007
41200	0	1.89	0	0:02:55.871170
41300	1	1.89	1	0:02:56.399511
41400	0	1.17	0	0:02:56.443328
41500	0	1.89	0	0:02:56.598642
41600	1	1.89	1	0:02:57.116036
41700	0	1.89	0	0:02:57.134975
41800	0	1.89	0	0:02:56.051418
41900	0	1.89	0	0:02:53.112807
42000	0	1.89	0	0:02:51.575795
42100	0	1.89	0	0:02:51.924885
42200	1	0.243	1	0:02:51.948858
42300	0	1.89	0	0:02:51.900131
42400	0	1.89	0	0:02:52.040622
42500	0	1.29	0	0:02:51.568784
42600	1	1.89	1	0:02:52.014961
42700	0	1.74	0	0:02:51.862357
42800	0	1.71	0	0:02:51.750834
42900	0	1.89	0	0:02:51.824177
43000	0	1.89	0	0:02:52.047147
43100	1	1.78	1	0:02:52.268360
43200	0	1.89	0	0:02:53.273171
43300	0	1.89	0	0:02:54.154901
43400	0	1.89	0	0:02:54.435539
43500	0	0.945	0	0:02:56.880034
43600	0	1.58	0	0:02:57.027761
43700	1	1.89	1	0:02:56.130022
43800	0	1.89	0	0:02:57.957075
43900	1	1.89	1	0:02:58.328396
44000	0	1.86	0	0:02:56.842953
44100	0	1.89	0	0:02:56.644332
44200	0	0.377	0	0:02:57.135669
44300	1	0.547	1	0:02:56.877580
44400	1	1.07	1	0:02:54.633256
44500	1	0.726	1	0:02:54.605781
44600	1	0.359	1	0:02:54.633566
44700	1	1.18	1	0:02:54.302784
44800	0	1.86	0	0:02:55.003083
44900	0	1.89	0	0:02:54.918512
45000	1	1.89	1	0:02:54.556373
45100	1	1.86	1	0:02:55.160719
45200	0	1.89	0	0:02:55.170687
45300	1	1.89	1	0:02:55.316530
45400	1	0.401	1	0:02:57.828053
45500	1	1.89	1	0:02:56.795124
45600	0	0.632	0	0:02:56.594164
45700	1	1.86	1	0:02:55.939960
45800	1	1.89	1	0:02:56.327013
45900	1	1.89	1	0:02:53.639494
46000	0	1.89	0	0:02:51.559484
46100	1	1.89	1	0:02:51.314904
46200	1	0.827	1	0:02:53.079482
46300	1	1.89	1	0:02:54.303383
46400	0	1.89	0	0:02:51.244188
46500	0	0.35	0	0:02:56.128613
46600	1	1.36	1	0:02:58.562510
46700	0	1.69	0	0:02:58.428655
46800	1	0.961	1	0:02:58.496078
46900	0	1.05	0	0:02:58.823692
47000	0	1.89	0	0:02:58.261623
47100	1	1.89	1	0:02:58.275254
47200	1	1.89	1	0:02:58.232731
47300	1	1.89	1	0:02:58.765791
47400	1	1.89	1	0:02:58.443102
47500	1	0.644	1	0:02:58.452261
47600	1	1.89	1	0:03:09.368621
47700	0	1.89	0	0:02:58.691721
47800	1	1.89	1	0:02:58.662185
47900	1	0.619	1	0:02:58.777595
48000	0	1.8	0	0:03:00.864723
48100	0	1.89	0	0:03:03.606871
48200	0	1.89	0	0:02:59.763485
48300	0	1.89	0	0:02:58.543766
48400	0	1.4	0	0:03:05.828436
48500	1	1.89	1	0:02:57.436307
48600	0	0.21	0	0:03:03.165059
48700	1	1.89	1	0:02:57.791578
48800	0	1.89	0	0:02:57.420802
48900	0	1.89	0	0:03:03.351919
49000	1	1.89	1	0:02:57.377215
49100	0	1.89	0	0:02:57.563997
49200	1	1.89	1	0:03:00.182908
49300	1	1.89	1	0:03:01.391018
49400	1	0.0802	1	0:02:58.954180
49500	0	0.0819	0	0:02:58.935765
49600	1	1.71	1	0:02:56.998008
49700	1	1.89	1	0:02:57.313262
49800	0	1.58	0	0:02:57.552151
49900	1	1.89	1	0:02:58.291796
