idx	predict	radius	unperturbed predict	time
0	1	0.278	1	0:02:54.492586
100	1	1.89	1	0:02:51.248804
200	0	1.23	0	0:02:51.287617
300	1	1.89	1	0:02:50.757169
400	1	1.09	1	0:02:50.818453
500	1	1.89	1	0:02:50.638005
600	0	1.74	0	0:02:51.229251
700	1	1.89	1	0:02:51.281852
800	1	1.84	1	0:02:51.134570
900	1	1.8	1	0:02:50.980659
1000	1	0.758	1	0:02:51.098084
1100	1	1.89	1	0:02:50.906450
1200	1	1.89	1	0:02:51.220705
1300	1	1.86	1	0:02:51.005929
1400	0	0.308	0	0:02:51.479608
1500	1	1.89	1	0:02:51.442749
1600	1	1.39	1	0:02:51.039435
1700	0	1.43	0	0:02:51.166962
1800	1	1.89	1	0:02:51.225789
1900	1	1.89	1	0:02:51.343926
2000	1	0.369	1	0:02:51.137357
2100	1	0.178	1	0:02:51.539741
2200	1	1.89	1	0:02:51.657257
2300	1	1.89	1	0:02:51.254798
2400	0	0.352	0	0:02:51.194452
2500	1	1.89	1	0:02:51.937955
2600	1	1.89	1	0:02:51.426043
2700	1	1.89	1	0:02:51.460620
2800	1	1.89	1	0:02:51.496000
2900	1	1.4	1	0:02:51.310533
3000	1	1.89	1	0:02:51.159708
3100	1	1.89	1	0:02:51.401635
3200	1	1.89	1	0:02:51.313760
3300	0	0.805	0	0:02:51.317510
3400	1	1.89	1	0:02:51.311572
3500	1	1.89	1	0:02:51.182366
3600	1	1.89	1	0:02:53.017257
3700	1	1.05	1	0:02:51.763621
3800	0	0.667	0	0:02:51.830794
3900	1	1.89	1	0:02:51.493112
4000	1	1.89	1	0:02:51.267881
4100	1	1.89	1	0:02:51.255215
4200	0	0.0219	-1	0:02:51.475568
4300	1	1.89	1	0:02:51.898316
4400	1	1.89	1	0:02:51.355518
4500	1	1.89	1	0:02:51.483803
4600	1	0.803	1	0:02:51.711061
4700	1	1.89	1	0:02:51.291440
4800	1	1.89	1	0:02:51.390387
4900	0	0.0624	0	0:02:51.653964
5000	1	1.89	1	0:02:51.160429
5100	1	1.89	1	0:02:51.413156
5200	1	1.89	1	0:02:51.740153
5300	1	1.89	1	0:02:51.205938
5400	0	0.508	0	0:02:51.307080
5500	1	1.89	1	0:02:51.846308
5600	0	0.2	0	0:02:51.541954
5700	1	1.89	1	0:02:51.110629
5800	1	1.89	1	0:02:51.568614
5900	1	1.89	1	0:02:51.435867
6000	0	0.77	0	0:02:51.422847
6100	1	1.89	1	0:02:51.325699
6200	0	0.599	0	0:02:51.094012
6300	1	1.89	1	0:02:51.060927
6400	1	1.89	1	0:02:51.510702
6500	1	1.89	1	0:02:51.391661
6600	1	1.89	1	0:02:51.067933
6700	1	1.89	1	0:02:51.478617
6800	1	1.89	1	0:02:51.359602
6900	1	1.89	1	0:02:51.437122
7000	1	1.89	1	0:02:51.476947
7100	1	1.89	1	0:02:51.243421
7200	1	1.89	1	0:02:51.188592
7300	1	0.374	1	0:02:51.456625
7400	1	1.89	1	0:02:51.411116
7500	1	1.65	1	0:02:51.412514
7600	1	1.89	1	0:02:51.585065
7700	1	1.89	1	0:02:51.169673
7800	1	1.89	1	0:02:51.194749
7900	1	1.12	1	0:02:51.772346
8000	1	1.89	1	0:02:51.290826
8100	1	1.84	1	0:02:51.611537
8200	1	1.71	1	0:02:51.200729
8300	1	1.89	1	0:02:51.405727
8400	0	0.805	0	0:02:51.255863
8500	1	1.25	1	0:02:51.541218
8600	1	1.89	1	0:02:51.411029
8700	1	1.89	1	0:02:51.233284
8800	1	1.89	1	0:02:51.377798
8900	1	1.89	1	0:02:51.157334
9000	1	1.79	1	0:02:51.122297
9100	0	1.86	0	0:02:51.668693
9200	1	1.59	1	0:02:51.104588
9300	1	1.89	1	0:02:51.148825
9400	1	1.64	1	0:02:51.423913
9500	1	1.89	1	0:02:51.114925
9600	1	1.19	1	0:02:51.418263
9700	0	1.39	0	0:02:51.440651
9800	1	1.89	1	0:02:51.317804
9900	1	1.89	1	0:02:51.263869
10000	1	1.89	1	0:02:51.458506
10100	1	1.89	1	0:02:51.959987
10200	1	1.89	1	0:02:51.254819
10300	1	1.89	1	0:02:51.456905
10400	1	1.78	1	0:02:51.909551
10500	1	1.56	1	0:02:51.293227
10600	1	1.89	1	0:02:51.460947
10700	1	0.641	1	0:02:51.203026
10800	1	1.89	1	0:02:51.443040
10900	1	1.89	1	0:02:51.725914
11000	1	1.58	1	0:02:51.554088
11100	1	1.04	1	0:02:51.552573
11200	0	1.51	0	0:02:51.469212
11300	1	1.89	1	0:02:51.150082
11400	1	0.961	1	0:02:51.284492
11500	1	1.89	1	0:02:51.505979
11600	1	1.89	1	0:02:51.559805
11700	1	1.89	1	0:02:51.342429
11800	0	1.44	0	0:02:51.704670
11900	1	1.89	1	0:02:51.412213
12000	1	1.89	1	0:02:51.629266
12100	1	1.89	1	0:02:51.603595
12200	1	1.89	1	0:02:51.489174
12300	1	1.89	1	0:02:51.389970
12400	1	1.89	1	0:02:51.388125
12500	0	1.53	0	0:02:51.189709
12600	1	0.965	1	0:02:51.178630
12700	1	0.975	1	0:02:51.442287
12800	1	1.89	1	0:02:51.005210
12900	1	0.0462	1	0:02:51.242361
13000	1	1.89	1	0:02:51.611769
13100	1	1.89	1	0:02:51.416146
13200	1	1.89	1	0:02:51.512881
13300	1	1.89	1	0:02:51.398187
13400	1	1.89	1	0:02:51.473093
13500	1	1.89	1	0:02:51.538123
13600	1	1.89	1	0:02:51.532072
13700	1	1.89	1	0:02:51.303823
13800	1	1.89	1	0:02:51.793607
13900	1	1.89	1	0:02:51.589591
14000	1	1.89	1	0:02:51.567909
14100	1	1.89	1	0:02:51.085238
14200	1	1.89	1	0:02:51.327069
14300	1	1.89	1	0:02:51.747817
14400	1	1.89	1	0:02:51.597178
14500	1	1.89	1	0:02:51.680505
14600	1	1.89	1	0:02:51.676662
14700	1	1.89	1	0:02:51.323475
14800	1	1.84	1	0:02:51.877368
14900	0	1.89	0	0:02:51.231200
15000	1	1.89	1	0:02:51.564164
15100	1	1.89	1	0:02:51.609890
15200	1	1.89	1	0:02:51.658842
15300	1	1.89	1	0:02:51.412947
15400	1	1.89	1	0:02:51.436216
15500	1	1.89	1	0:02:51.361190
15600	0	1.84	0	0:02:51.457321
15700	1	1.89	1	0:02:51.492911
15800	1	1.89	1	0:02:51.406533
15900	1	1.89	1	0:02:51.474289
16000	1	1.89	1	0:02:51.196918
16100	1	1.34	1	0:02:50.844857
16200	1	1.89	1	0:02:50.642748
16300	1	1.89	1	0:02:50.916678
16400	1	1.89	1	0:02:51.021520
16500	1	1.73	1	0:02:51.296903
16600	1	0.254	1	0:02:50.889190
16700	1	0.771	1	0:02:50.780730
16800	1	1.89	1	0:02:50.830584
16900	0	1.26	0	0:02:50.858512
17000	1	1.89	1	0:02:51.064977
17100	1	1.89	1	0:02:50.819046
17200	1	1.89	1	0:02:51.198177
17300	1	1.26	1	0:02:51.041621
17400	1	1.89	1	0:02:50.925829
17500	1	1.89	1	0:02:50.955353
17600	0	0.156	0	0:02:51.042261
17700	1	1.89	1	0:02:50.778903
17800	1	0.148	1	0:02:51.076211
17900	1	1.89	1	0:02:51.046117
18000	1	1.86	1	0:02:51.018541
18100	1	1.89	1	0:02:51.299738
18200	1	1.89	1	0:02:51.150195
18300	1	1.12	1	0:02:51.167727
18400	1	1.89	1	0:02:51.265265
18500	1	1.89	1	0:02:50.867690
18600	1	1.89	1	0:02:51.568310
18700	0	0.0403	0	0:02:51.677115
18800	1	1.89	1	0:02:50.994825
18900	0	1.43	0	0:02:51.046257
19000	1	1.89	1	0:02:51.437485
19100	1	1.89	1	0:02:51.050627
19200	-1	0.0	1	0:02:50.885573
19300	1	1.89	1	0:02:50.984348
19400	1	1.86	1	0:02:51.134779
19500	1	1.89	1	0:02:51.011844
19600	1	1.89	1	0:02:51.344215
19700	0	1.89	0	0:02:50.966414
19800	1	1.89	1	0:02:51.039711
19900	1	0.518	1	0:02:51.231078
20000	1	0.519	1	0:02:50.958633
20100	0	0.408	0	0:02:51.079011
20200	1	1.89	1	0:02:50.872310
20300	1	1.6	1	0:02:50.930814
20400	0	0.861	0	0:02:51.052991
20500	0	0.405	0	0:02:51.100538
20600	0	0.973	0	0:02:50.743566
20700	1	1.89	1	0:02:51.131079
20800	1	1.89	1	0:02:51.032924
20900	1	1.89	1	0:02:50.811232
21000	0	1.72	0	0:02:51.017115
21100	0	1.89	0	0:02:51.166694
21200	1	1.53	1	0:02:50.890774
21300	1	1.89	1	0:02:51.009519
21400	1	1.89	1	0:02:51.395541
21500	1	1.84	1	0:02:51.335443
21600	1	1.24	1	0:02:51.037971
21700	1	1.69	1	0:02:51.204514
21800	1	1.89	1	0:02:50.985036
21900	1	1.89	1	0:02:50.932042
22000	0	1.63	0	0:02:50.827115
22100	1	1.89	1	0:02:50.873306
22200	0	1.89	0	0:02:51.965239
22300	0	1.74	0	0:02:51.547493
22400	1	1.84	1	0:02:51.574875
22500	0	0.447	0	0:02:51.922019
22600	1	0.215	1	0:02:51.633888
22700	1	1.89	1	0:02:51.738078
22800	1	1.04	1	0:02:51.416719
22900	1	1.36	1	0:02:51.563720
23000	1	1.89	1	0:02:51.561593
23100	0	1.66	0	0:02:51.298203
23200	1	1.34	1	0:02:51.590448
23300	1	1.89	1	0:02:51.766923
23400	1	1.89	1	0:02:51.471248
23500	0	0.534	0	0:02:51.705851
23600	1	1.89	1	0:02:51.706778
23700	1	0.959	1	0:02:51.397568
23800	1	1.89	1	0:02:51.803460
23900	1	1.89	1	0:02:51.395333
24000	1	1.89	1	0:02:51.547224
24100	0	0.27	0	0:02:51.802383
24200	1	1.89	1	0:02:51.572013
24300	1	1.89	1	0:02:51.870121
24400	1	0.648	1	0:02:51.882150
24500	0	0.789	0	0:02:51.569748
24600	1	0.488	1	0:02:51.575076
24700	1	1.86	1	0:02:52.033622
24800	1	1.55	1	0:02:51.673331
24900	1	1.89	1	0:02:52.439538
25000	1	1.89	1	0:02:51.877589
25100	1	1.89	1	0:02:51.441933
25200	0	0.532	0	0:02:51.484437
25300	1	0.642	1	0:02:51.799105
25400	1	1.89	1	0:02:51.554137
25500	1	1.89	1	0:02:51.867502
25600	0	1.89	0	0:02:51.660271
25700	1	1.89	1	0:02:51.601027
25800	0	1.28	0	0:02:51.997627
25900	1	1.89	1	0:02:51.964105
26000	1	1.69	1	0:02:52.806768
26100	1	1.89	1	0:02:57.680663
26200	0	1.89	0	0:02:57.818133
26300	1	1.89	1	0:02:57.999855
26400	0	0.613	0	0:02:57.897996
26500	0	0.0744	0	0:02:58.045520
26600	1	1.89	1	0:02:57.595741
26700	0	1.89	0	0:02:56.793436
26800	1	1.89	1	0:02:56.770677
26900	1	1.89	1	0:02:56.396523
27000	1	1.89	1	0:02:56.405213
27100	1	1.32	1	0:02:56.504903
27200	1	1.89	1	0:02:56.879304
27300	1	1.89	1	0:02:56.497033
27400	1	1.89	1	0:02:56.631206
27500	1	1.89	1	0:02:56.484524
27600	1	1.89	1	0:02:56.679630
27700	1	1.89	1	0:02:56.898101
27800	1	1.89	1	0:02:56.530041
27900	1	0.536	1	0:02:56.674763
28000	1	1.89	1	0:02:56.694623
28100	1	1.89	1	0:02:56.261117
28200	0	0.648	0	0:02:56.407660
28300	1	0.717	1	0:02:56.670897
28400	1	1.89	1	0:02:56.326972
28500	1	0.237	1	0:02:56.827753
28600	1	1.89	1	0:02:56.758950
28700	1	1.89	1	0:02:56.795835
28800	0	1.56	0	0:02:56.841205
28900	0	0.863	0	0:02:56.951236
29000	1	1.09	1	0:02:56.561752
29100	0	0.885	0	0:02:57.018296
29200	1	0.544	1	0:02:56.769431
29300	1	1.89	1	0:02:56.822836
29400	1	1.89	1	0:02:56.980955
29500	1	1.89	1	0:02:56.896696
29600	1	1.7	1	0:02:56.866205
29700	0	0.556	0	0:02:56.332101
29800	0	1.17	0	0:02:56.682625
29900	1	1.89	1	0:02:56.374712
30000	1	1.89	1	0:02:56.689985
30100	1	1.89	1	0:02:56.681847
30200	0	1.89	0	0:02:56.581759
30300	1	1.89	1	0:02:56.635664
30400	0	0.0951	0	0:02:56.616992
30500	1	0.729	1	0:02:56.349903
30600	1	1.89	1	0:02:56.456796
30700	1	1.18	1	0:02:56.712933
30800	0	1.89	0	0:02:56.437589
30900	1	0.297	1	0:02:56.507818
31000	0	0.407	0	0:02:56.727451
31100	1	1.89	1	0:02:56.271216
31200	0	1.89	0	0:02:56.451394
31300	0	1.48	0	0:02:56.486040
31400	0	1.52	0	0:02:56.302550
31500	1	0.322	1	0:02:56.553977
31600	1	1.89	1	0:02:56.698817
31700	1	1.89	1	0:02:56.496671
31800	1	1.89	1	0:02:56.454084
31900	1	1.89	1	0:02:56.528994
32000	1	1.89	1	0:02:56.524966
32100	1	1.89	1	0:02:56.559455
32200	1	1.89	1	0:02:56.584592
32300	1	1.89	1	0:02:56.210837
32400	1	1.89	1	0:02:56.832444
32500	0	0.38	0	0:02:57.085780
32600	1	1.89	1	0:02:56.788705
32700	1	1.89	1	0:02:57.083704
32800	1	1.89	1	0:02:57.308691
32900	1	1.89	1	0:02:56.739165
33000	1	1.66	1	0:02:57.164004
33100	0	1.76	0	0:02:56.829930
33200	1	1.89	1	0:02:56.959825
33300	1	1.89	1	0:02:56.524236
33400	1	1.89	1	0:02:57.107023
33500	1	1.89	1	0:02:56.780609
33600	1	1.89	1	0:02:56.951807
33700	0	0.667	0	0:02:57.171846
33800	0	0.144	0	0:02:56.880369
33900	1	1.56	1	0:02:56.786897
34000	0	1.89	0	0:02:57.089502
34100	1	1.86	1	0:02:56.708919
34200	1	1.89	1	0:02:56.707162
34300	0	0.502	0	0:02:57.084815
34400	1	1.89	1	0:02:56.773570
34500	1	1.86	1	0:02:56.746851
34600	1	1.89	1	0:02:57.191963
34700	1	1.89	1	0:02:56.939779
34800	0	1.63	0	0:02:56.678737
34900	1	1.89	1	0:02:57.176734
35000	1	1.67	1	0:02:56.726165
35100	1	1.89	1	0:02:57.423758
35200	1	1.16	1	0:02:57.682132
35300	1	1.37	1	0:02:57.234986
35400	1	1.89	1	0:02:57.367556
35500	0	1.17	0	0:02:57.288005
35600	1	1.78	1	0:02:56.986212
35700	1	1.89	1	0:02:56.829415
35800	1	1.89	1	0:02:57.222773
35900	1	1.76	1	0:02:57.024025
36000	1	1.89	1	0:02:56.679176
36100	1	1.89	1	0:02:57.183907
36200	1	1.89	1	0:02:56.812248
36300	1	1.89	1	0:02:57.479308
36400	1	1.89	1	0:02:57.050916
36500	1	1.89	1	0:02:57.083914
36600	1	1.89	1	0:02:56.781384
36700	1	1.89	1	0:02:57.057498
36800	1	1.89	1	0:02:56.911819
36900	0	0.0729	0	0:02:56.876806
37000	0	1.89	0	0:02:57.392393
37100	0	1.21	0	0:02:57.024148
37200	1	1.89	1	0:02:56.861722
37300	1	1.89	1	0:02:57.103799
37400	1	1.89	1	0:02:56.743069
37500	1	0.63	1	0:02:56.626498
37600	0	1.25	0	0:02:57.307035
37700	1	0.921	1	0:02:56.954863
37800	1	1.89	1	0:02:56.406206
37900	0	1.76	0	0:02:56.713972
38000	1	1.89	1	0:02:56.623276
38100	1	0.912	1	0:02:56.867090
38200	-1	0.0	1	0:02:57.238184
38300	1	1.89	1	0:02:56.448703
38400	1	0.47	1	0:02:56.382774
38500	1	0.234	1	0:02:56.831020
38600	0	1.13	0	0:02:56.569413
38700	-1	0.0	1	0:03:07.696132
38800	1	1.89	1	0:02:56.702806
38900	0	0.344	0	0:02:56.548368
39000	1	1.89	1	0:02:56.530152
39100	1	1.89	1	0:02:56.811000
39200	1	1.13	1	0:02:56.439698
39300	0	0.449	0	0:02:56.508932
39400	0	0.47	0	0:02:56.528590
39500	1	1.89	1	0:02:56.588022
39600	0	0.692	0	0:02:56.716944
39700	1	1.89	1	0:02:57.356367
39800	1	1.89	1	0:02:56.715124
39900	1	1.89	1	0:02:56.336438
40000	1	1.89	1	0:02:56.608516
40100	1	1.89	1	0:02:56.674722
40200	1	0.566	1	0:02:56.401699
40300	1	1.89	1	0:02:56.604974
40400	1	1.54	1	0:02:56.564395
40500	1	1.89	1	0:02:56.798056
40600	1	1.89	1	0:02:56.912386
40700	1	1.89	1	0:02:56.584811
40800	1	1.89	1	0:02:56.848835
40900	1	1.8	1	0:02:57.111235
41000	0	0.105	0	0:02:55.812480
41100	1	1.89	1	0:02:55.486007
41200	0	0.881	0	0:02:55.871170
41300	1	1.89	1	0:02:56.399511
41400	1	1.89	1	0:02:56.443328
41500	0	1.89	0	0:02:56.598642
41600	1	1.89	1	0:02:57.116036
41700	0	1.06	0	0:02:57.134975
41800	0	1.27	0	0:02:56.051418
41900	1	0.288	1	0:02:53.112807
42000	1	0.165	1	0:02:51.575795
42100	0	0.423	0	0:02:51.924885
42200	1	1.89	1	0:02:51.948858
42300	1	0.654	1	0:02:51.900131
42400	0	1.89	0	0:02:52.040622
42500	1	1.89	1	0:02:51.568784
42600	1	1.89	1	0:02:52.014961
42700	0	0.633	0	0:02:51.862357
42800	1	0.191	1	0:02:51.750834
42900	0	1.89	0	0:02:51.824177
43000	1	1.89	1	0:02:52.047147
43100	1	1.89	1	0:02:52.268360
43200	1	0.383	1	0:02:53.273171
43300	0	1.2	0	0:02:54.154901
43400	1	1.29	1	0:02:54.435539
43500	1	0.89	1	0:02:56.880034
43600	1	1.89	1	0:02:57.027761
43700	1	1.89	1	0:02:56.130022
43800	0	0.26	0	0:02:57.957075
43900	1	1.89	1	0:02:58.328396
44000	1	1.13	1	0:02:56.842953
44100	0	1.58	0	0:02:56.644332
44200	1	1.38	1	0:02:57.135669
44300	1	1.89	1	0:02:56.877580
44400	1	1.89	1	0:02:54.633256
44500	1	1.89	1	0:02:54.605781
44600	1	1.89	1	0:02:54.633566
44700	1	1.89	1	0:02:54.302784
44800	0	0.633	0	0:02:55.003083
44900	0	0.0918	0	0:02:54.918512
45000	1	1.89	1	0:02:54.556373
45100	1	1.89	1	0:02:55.160719
45200	1	0.641	1	0:02:55.170687
45300	1	1.89	1	0:02:55.316530
45400	1	1.89	1	0:02:57.828053
45500	1	1.89	1	0:02:56.795124
45600	1	1.89	1	0:02:56.594164
45700	1	1.89	1	0:02:55.939960
45800	1	1.89	1	0:02:56.327013
45900	1	1.89	1	0:02:53.639494
46000	0	1.89	0	0:02:51.559484
46100	1	1.89	1	0:02:51.314904
46200	1	1.89	1	0:02:53.079482
46300	1	1.89	1	0:02:54.303383
46400	0	1.47	0	0:02:51.244188
46500	1	1.89	1	0:02:56.128613
46600	1	1.89	1	0:02:58.562510
46700	1	1.89	1	0:02:58.428655
46800	1	1.89	1	0:02:58.496078
46900	1	1.89	1	0:02:58.823692
47000	0	0.469	0	0:02:58.261623
47100	1	1.89	1	0:02:58.275254
47200	1	1.89	1	0:02:58.232731
47300	1	1.89	1	0:02:58.765791
47400	1	1.89	1	0:02:58.443102
47500	1	1.89	1	0:02:58.452261
47600	1	1.89	1	0:03:09.368621
47700	0	1.89	0	0:02:58.691721
47800	1	1.89	1	0:02:58.662185
47900	1	1.89	1	0:02:58.777595
48000	1	0.132	1	0:03:00.864723
48100	1	0.327	1	0:03:03.606871
48200	0	0.809	0	0:02:59.763485
48300	0	1.04	0	0:02:58.543766
48400	1	1.8	1	0:03:05.828436
48500	1	1.89	1	0:02:57.436307
48600	1	1.89	1	0:03:03.165059
48700	1	1.89	1	0:02:57.791578
48800	1	1.75	1	0:02:57.420802
48900	0	1.19	0	0:03:03.351919
49000	1	1.89	1	0:02:57.377215
49100	0	0.026	0	0:02:57.563997
49200	1	1.89	1	0:03:00.182908
49300	1	1.89	1	0:03:01.391018
49400	1	1.89	1	0:02:58.954180
49500	1	1.89	1	0:02:58.935765
49600	1	1.89	1	0:02:56.998008
49700	1	1.89	1	0:02:57.313262
49800	1	0.0997	1	0:02:57.552151
49900	1	1.89	1	0:02:58.291796
