idx	label	predict	radius	correct	unperturbed predict	unperturbed correct	time
0	0	394	0.817	0	394	0	0:02:54.492586
100	2	2	1.37	1	2	1	0:02:51.248804
200	4	130	0.00405	0	130	0	0:02:51.287617
300	6	6	1.08	1	6	1	0:02:50.757169
400	8	8	1.89	1	8	1	0:02:50.818453
500	10	10	1.89	1	10	1	0:02:50.638005
600	12	448	0.3	0	448	0	0:02:51.229251
700	14	14	1.89	1	14	1	0:02:51.281852
800	16	16	1.89	1	16	1	0:02:51.134570
900	18	99	0.4	0	99	0	0:02:50.980659
1000	20	20	1.89	1	20	1	0:02:51.098084
1100	22	21	1.01	0	21	0	0:02:50.906450
1200	24	24	1.89	1	24	1	0:02:51.220705
1300	26	26	1.19	1	26	1	0:02:51.005929
1400	28	76	1.25	0	76	0	0:02:51.479608
1500	30	30	1.89	1	30	1	0:02:51.442749
1600	32	29	0.929	0	29	0	0:02:51.039435
1700	34	119	0.0383	0	119	0	0:02:51.166962
1800	36	35	1.89	0	35	0	0:02:51.225789
1900	38	44	1.89	0	44	0	0:02:51.343926
2000	40	-1	0.0	0	945	0	0:02:51.137357
2100	42	48	1.72	0	48	0	0:02:51.539741
2200	44	44	1.84	1	44	1	0:02:51.657257
2300	46	40	1.34	0	40	0	0:02:51.254798
2400	48	69	0.0052	0	69	0	0:02:51.194452
2500	50	39	0.178	0	39	0	0:02:51.937955
2600	52	111	0.692	0	111	0	0:02:51.426043
2700	54	57	1.89	0	57	0	0:02:51.460620
2800	56	56	1.89	1	56	1	0:02:51.496000
2900	58	114	1.72	0	114	0	0:02:51.310533
3000	60	61	0.202	0	61	0	0:02:51.159708
3100	62	62	0.025	1	62	1	0:02:51.401635
3200	64	64	1.61	1	64	1	0:02:51.313760
3300	66	63	0.088	0	63	0	0:02:51.317510
3400	68	111	1.89	0	111	0	0:02:51.311572
3500	70	70	1.89	1	70	1	0:02:51.182366
3600	72	72	1.89	1	72	1	0:02:53.017257
3700	74	78	1.02	0	78	0	0:02:51.763621
3800	76	-1	0.0	0	76	1	0:02:51.830794
3900	78	78	1.27	1	78	1	0:02:51.493112
4000	80	80	1.89	1	80	1	0:02:51.267881
4100	82	82	1.89	1	82	1	0:02:51.255215
4200	84	84	1.32	1	84	1	0:02:51.475568
4300	86	86	0.99	1	86	1	0:02:51.898316
4400	88	88	0.694	1	88	1	0:02:51.355518
4500	90	90	1.89	1	90	1	0:02:51.483803
4600	92	319	0.425	0	319	0	0:02:51.711061
4700	94	94	1.89	1	94	1	0:02:51.291440
4800	96	96	1.89	1	96	1	0:02:51.390387
4900	98	98	0.717	1	98	1	0:02:51.653964
5000	100	100	1.89	1	100	1	0:02:51.160429
5100	102	102	1.84	1	102	1	0:02:51.413156
5200	104	342	0.644	0	342	0	0:02:51.740153
5300	106	106	1.89	1	106	1	0:02:51.205938
5400	108	470	0.972	0	470	0	0:02:51.307080
5500	110	110	0.54	1	110	1	0:02:51.846308
5600	112	112	1.35	1	112	1	0:02:51.541954
5700	114	113	1.89	0	113	0	0:02:51.110629
5800	116	116	1.89	1	116	1	0:02:51.568614
5900	118	118	1.84	1	118	1	0:02:51.435867
6000	120	-1	0.0	0	124	0	0:02:51.422847
6100	122	122	1.89	1	122	1	0:02:51.325699
6200	124	-1	0.0	0	-1	0	0:02:51.094012
6300	126	307	1.11	0	307	0	0:02:51.060927
6400	128	128	1.89	1	128	1	0:02:51.510702
6500	130	130	0.54	1	130	1	0:02:51.391661
6600	132	132	1.89	1	132	1	0:02:51.067933
6700	134	132	0.447	0	132	0	0:02:51.478617
6800	136	136	1.89	1	136	1	0:02:51.359602
6900	138	138	1.89	1	138	1	0:02:51.437122
7000	140	140	1.89	1	140	1	0:02:51.476947
7100	142	133	0.528	0	133	0	0:02:51.243421
7200	144	331	0.449	0	331	0	0:02:51.188592
7300	146	99	0.281	0	99	0	0:02:51.456625
7400	148	148	1.89	1	148	1	0:02:51.411116
7500	150	360	1.89	0	360	0	0:02:51.412514
7600	152	152	1.67	1	152	1	0:02:51.585065
7700	154	154	1.27	1	154	1	0:02:51.169673
7800	156	156	1.89	1	156	1	0:02:51.194749
7900	158	158	0.685	1	158	1	0:02:51.772346
8000	160	160	1.89	1	160	1	0:02:51.290826
8100	162	162	1.7	1	162	1	0:02:51.611537
8200	164	217	0.0815	0	217	0	0:02:51.200729
8300	166	166	0.373	1	166	1	0:02:51.405727
8400	168	739	1.33	0	739	0	0:02:51.255863
8500	170	-1	0.0	0	172	0	0:02:51.541218
8600	172	172	0.49	1	172	1	0:02:51.411029
8700	174	174	1.89	1	174	1	0:02:51.233284
8800	176	176	1.86	1	176	1	0:02:51.377798
8900	178	178	1.89	1	178	1	0:02:51.157334
9000	180	243	1.16	0	243	0	0:02:51.122297
9100	182	760	0.409	0	760	0	0:02:51.668693
9200	184	189	1.07	0	189	0	0:02:51.104588
9300	186	203	0.372	0	203	0	0:02:51.148825
9400	188	188	0.072	1	188	1	0:02:51.423913
9500	190	190	1.89	1	190	1	0:02:51.114925
9600	192	199	0.486	0	199	0	0:02:51.418263
9700	194	-1	0.0	0	385	0	0:02:51.440651
9800	196	199	1.89	0	199	0	0:02:51.317804
9900	198	198	0.214	1	198	1	0:02:51.263869
10000	200	200	0.586	1	200	1	0:02:51.458506
10100	202	202	0.399	1	202	1	0:02:51.959987
10200	204	204	1.09	1	204	1	0:02:51.254819
10300	206	206	0.595	1	206	1	0:02:51.456905
10400	208	208	0.527	1	208	1	0:02:51.909551
10500	210	210	1.84	1	210	1	0:02:51.293227
10600	212	-1	0.0	0	194	0	0:02:51.460947
10700	214	233	0.276	0	233	0	0:02:51.203026
10800	216	216	1.26	1	216	1	0:02:51.443040
10900	218	218	1.89	1	218	1	0:02:51.725914
11000	220	220	1.89	1	220	1	0:02:51.554088
11100	222	296	0.076	0	296	0	0:02:51.552573
11200	224	233	0.512	0	233	0	0:02:51.469212
11300	226	226	1.89	1	226	1	0:02:51.150082
11400	228	228	1.13	1	228	1	0:02:51.284492
11500	230	230	1.89	1	230	1	0:02:51.505979
11600	232	232	1.03	1	232	1	0:02:51.559805
11700	234	205	0.352	0	205	0	0:02:51.342429
11800	236	522	0.417	0	522	0	0:02:51.704670
11900	238	241	1.33	0	241	0	0:02:51.412213
12000	240	238	1.84	0	238	0	0:02:51.629266
12100	242	172	0.592	0	172	0	0:02:51.603595
12200	244	244	1.89	1	244	1	0:02:51.489174
12300	246	245	0.092	0	245	0	0:02:51.389970
12400	248	248	0.664	1	248	1	0:02:51.388125
12500	250	269	0.0719	0	269	0	0:02:51.189709
12600	252	244	0.296	0	244	0	0:02:51.178630
12700	254	254	0.272	1	254	1	0:02:51.442287
12800	256	256	1.89	1	256	1	0:02:51.005210
12900	258	258	0.053	1	258	1	0:02:51.242361
13000	260	260	1.89	1	260	1	0:02:51.611769
13100	262	262	1.89	1	262	1	0:02:51.416146
13200	264	264	0.0453	1	264	1	0:02:51.512881
13300	266	266	1.26	1	266	1	0:02:51.398187
13400	268	268	1.89	1	268	1	0:02:51.473093
13500	270	270	1.89	1	270	1	0:02:51.538123
13600	272	277	0.938	0	277	0	0:02:51.532072
13700	274	274	1.89	1	274	1	0:02:51.303823
13800	276	276	1.68	1	276	1	0:02:51.793607
13900	278	278	0.991	1	278	1	0:02:51.589591
14000	280	280	1.89	1	280	1	0:02:51.567909
14100	282	-1	0.0	0	-1	0	0:02:51.085238
14200	284	284	1.89	1	284	1	0:02:51.327069
14300	286	286	1.89	1	286	1	0:02:51.747817
14400	288	290	0.559	0	290	0	0:02:51.597178
14500	290	290	1.89	1	290	1	0:02:51.680505
14600	292	290	1.89	0	290	0	0:02:51.676662
14700	294	294	1.89	1	294	1	0:02:51.323475
14800	296	270	0.204	0	270	0	0:02:51.877368
14900	298	346	0.0112	0	346	0	0:02:51.231200
15000	300	300	1.89	1	300	1	0:02:51.564164
15100	302	302	0.00803	1	-1	0	0:02:51.609890
15200	304	989	0.476	0	989	0	0:02:51.658842
15300	306	303	0.147	0	303	0	0:02:51.412947
15400	308	303	0.464	0	303	0	0:02:51.436216
15500	310	310	1.89	1	310	1	0:02:51.361190
15600	312	-1	0.0	0	-1	0	0:02:51.457321
15700	314	304	1.48	0	304	0	0:02:51.492911
15800	316	316	1.62	1	316	1	0:02:51.406533
15900	318	318	0.7	1	318	1	0:02:51.474289
16000	320	320	1.89	1	320	1	0:02:51.196918
16100	322	322	1.11	1	322	1	0:02:50.844857
16200	324	324	1.89	1	324	1	0:02:50.642748
16300	326	326	0.965	1	326	1	0:02:50.916678
16400	328	328	1.89	1	328	1	0:02:51.021520
16500	330	330	0.179	1	330	1	0:02:51.296903
16600	332	-1	0.0	0	333	0	0:02:50.889190
16700	334	334	1.43	1	334	1	0:02:50.780730
16800	336	336	0.538	1	336	1	0:02:50.830584
16900	338	617	0.995	0	617	0	0:02:50.858512
17000	340	340	1.89	1	340	1	0:02:51.064977
17100	342	342	0.541	1	342	1	0:02:50.819046
17200	344	344	1.12	1	344	1	0:02:51.198177
17300	346	346	0.325	1	346	1	0:02:51.041621
17400	348	348	1.89	1	348	1	0:02:50.925829
17500	350	350	1.89	1	350	1	0:02:50.955353
17600	352	352	1.62	1	352	1	0:02:51.042261
17700	354	354	1.08	1	354	1	0:02:50.778903
17800	356	278	0.433	0	278	0	0:02:51.076211
17900	358	359	1.4	0	359	0	0:02:51.046117
18000	360	360	1.21	1	360	1	0:02:51.018541
18100	362	362	1.89	1	362	1	0:02:51.299738
18200	364	364	1.89	1	364	1	0:02:51.150195
18300	366	366	0.269	1	366	1	0:02:51.167727
18400	368	368	0.769	1	368	1	0:02:51.265265
18500	370	370	1.35	1	370	1	0:02:50.867690
18600	372	372	1.77	1	372	1	0:02:51.568310
18700	374	367	0.979	0	367	0	0:02:51.677115
18800	376	376	1.89	1	376	1	0:02:50.994825
18900	378	-1	0.0	0	244	0	0:02:51.046257
19000	380	380	1.47	1	380	1	0:02:51.437485
19100	382	382	1.89	1	382	1	0:02:51.050627
19200	384	338	0.138	0	338	0	0:02:50.885573
19300	386	101	0.611	0	101	0	0:02:50.984348
19400	388	388	1.89	1	388	1	0:02:51.134779
19500	390	392	0.743	0	392	0	0:02:51.011844
19600	392	397	1.48	0	397	0	0:02:51.344215
19700	394	-1	0.0	0	777	0	0:02:50.966414
19800	396	396	1.89	1	396	1	0:02:51.039711
19900	398	398	1.82	1	398	1	0:02:51.231078
20000	400	400	1.27	1	400	1	0:02:50.958633
20100	402	990	0.767	0	990	0	0:02:51.079011
20200	404	404	1.89	1	404	1	0:02:50.872310
20300	406	406	0.747	1	406	1	0:02:50.930814
20400	408	847	0.457	0	847	0	0:02:51.052991
20500	410	849	0.424	0	849	0	0:02:51.100538
20600	412	412	0.373	1	412	1	0:02:50.743566
20700	414	414	1.89	1	414	1	0:02:51.131079
20800	416	416	1.89	1	416	1	0:02:51.032924
20900	418	563	1.89	0	563	0	0:02:50.811232
21000	420	683	0.121	0	683	0	0:02:51.017115
21100	422	-1	0.0	0	-1	0	0:02:51.166694
21200	424	860	0.0968	0	860	0	0:02:50.890774
21300	426	426	1.89	1	426	1	0:02:51.009519
21400	428	428	1.89	1	428	1	0:02:51.395541
21500	430	430	1.89	1	430	1	0:02:51.335443
21600	432	432	1.7	1	432	1	0:02:51.037971
21700	434	452	1.0	0	452	0	0:02:51.204514
21800	436	436	1.89	1	436	1	0:02:50.985036
21900	438	521	0.807	0	521	0	0:02:50.932042
22000	440	-1	0.0	0	406	0	0:02:50.827115
22100	442	442	1.89	1	442	1	0:02:50.873306
22200	444	-1	0.0	0	-1	0	0:02:51.965239
22300	446	446	1.25	1	446	1	0:02:51.547493
22400	448	448	0.386	1	448	1	0:02:51.574875
22500	450	757	0.528	0	757	0	0:02:51.922019
22600	452	452	1.8	1	452	1	0:02:51.633888
22700	454	582	0.888	0	582	0	0:02:51.738078
22800	456	522	1.84	0	522	0	0:02:51.416719
22900	458	-1	0.0	0	651	0	0:02:51.563720
23000	460	976	0.276	0	976	0	0:02:51.561593
23100	462	500	0.0718	0	500	0	0:02:51.298203
23200	464	-1	0.0	0	746	0	0:02:51.590448
23300	466	466	1.89	1	466	1	0:02:51.766923
23400	468	468	1.89	1	468	1	0:02:51.471248
23500	470	873	0.288	0	873	0	0:02:51.705851
23600	472	472	1.89	1	472	1	0:02:51.706778
23700	474	735	0.452	0	735	0	0:02:51.397568
23800	476	476	0.633	1	476	1	0:02:51.803460
23900	478	526	0.584	0	526	0	0:02:51.395333
24000	480	877	0.964	0	877	0	0:02:51.547224
24100	482	788	0.367	0	788	0	0:02:51.802383
24200	484	871	1.89	0	871	0	0:02:51.572013
24300	486	889	0.247	0	889	0	0:02:51.870121
24400	488	483	0.43	0	483	0	0:02:51.882150
24500	490	-1	0.0	0	-1	0	0:02:51.569748
24600	492	492	0.991	1	492	1	0:02:51.575076
24700	494	-1	0.0	0	886	0	0:02:52.033622
24800	496	591	0.97	0	591	0	0:02:51.673331
24900	498	498	1.89	1	498	1	0:02:52.439538
25000	500	500	1.89	1	500	1	0:02:51.877589
25100	502	502	1.89	1	502	1	0:02:51.441933
25200	504	470	0.943	0	470	0	0:02:51.484437
25300	506	506	1.64	1	506	1	0:02:51.799105
25400	508	508	1.89	1	508	1	0:02:51.554137
25500	510	510	1.89	1	510	1	0:02:51.867502
25600	512	-1	0.0	0	784	0	0:02:51.660271
25700	514	514	1.89	1	514	1	0:02:51.601027
25800	516	938	0.476	0	938	0	0:02:51.997627
25900	518	518	1.89	1	518	1	0:02:51.964105
26000	520	520	1.18	1	520	1	0:02:52.806768
26100	522	522	1.55	1	522	1	0:02:57.680663
26200	524	846	0.179	0	846	0	0:02:57.818133
26300	526	673	1.04	0	673	0	0:02:57.999855
26400	528	478	1.29	0	478	0	0:02:57.897996
26500	530	531	0.432	0	531	0	0:02:58.045520
26600	532	846	1.89	0	846	0	0:02:57.595741
26700	534	534	1.27	1	534	1	0:02:56.793436
26800	536	403	1.89	0	403	0	0:02:56.770677
26900	538	538	1.89	1	538	1	0:02:56.396523
27000	540	540	1.89	1	540	1	0:02:56.405213
27100	542	587	0.556	0	587	0	0:02:56.504903
27200	544	926	1.21	0	926	0	0:02:56.879304
27300	546	546	1.89	1	546	1	0:02:56.497033
27400	548	548	1.89	1	548	1	0:02:56.631206
27500	550	-1	0.0	0	505	0	0:02:56.484524
27600	552	552	1.89	1	552	1	0:02:56.679630
27700	554	554	1.89	1	554	1	0:02:56.898101
27800	556	703	1.14	0	703	0	0:02:56.530041
27900	558	257	0.569	0	257	0	0:02:56.674763
28000	560	560	1.7	1	560	1	0:02:56.694623
28100	562	562	1.89	1	562	1	0:02:56.261117
28200	564	669	0.7	0	669	0	0:02:56.407660
28300	566	566	0.791	1	566	1	0:02:56.670897
28400	568	399	0.25	0	399	0	0:02:56.326972
28500	570	482	0.0552	0	482	0	0:02:56.827753
28600	572	572	0.125	1	572	1	0:02:56.758950
28700	574	574	1.89	1	574	1	0:02:56.795835
28800	576	515	0.0769	0	515	0	0:02:56.841205
28900	578	501	0.176	0	501	0	0:02:56.951236
29000	580	738	0.653	0	738	0	0:02:56.561752
29100	582	582	0.0344	1	582	1	0:02:57.018296
29200	584	745	1.58	0	745	0	0:02:56.769431
29300	586	586	1.74	1	586	1	0:02:56.822836
29400	588	588	1.89	1	588	1	0:02:56.980955
29500	590	590	0.821	1	590	1	0:02:56.896696
29600	592	592	0.242	1	592	1	0:02:56.866205
29700	594	612	0.298	0	612	0	0:02:56.332101
29800	596	825	0.453	0	825	0	0:02:56.682625
29900	598	664	1.89	0	664	0	0:02:56.374712
30000	600	417	1.03	0	417	0	0:02:56.689985
30100	602	602	1.89	1	602	1	0:02:56.681847
30200	604	753	0.439	0	753	0	0:02:56.581759
30300	606	606	1.89	1	606	1	0:02:56.635664
30400	608	-1	0.0	0	608	1	0:02:56.616992
30500	610	610	1.89	1	610	1	0:02:56.349903
30600	612	612	1.89	1	612	1	0:02:56.456796
30700	614	614	1.74	1	614	1	0:02:56.712933
30800	616	494	0.43	0	494	0	0:02:56.437589
30900	618	823	0.618	0	823	0	0:02:56.507818
31000	620	681	0.962	0	681	0	0:02:56.727451
31100	622	622	1.89	1	622	1	0:02:56.271216
31200	624	453	0.846	0	453	0	0:02:56.451394
31300	626	-1	0.0	0	692	0	0:02:56.486040
31400	628	737	1.89	0	737	0	0:02:56.302550
31500	630	703	1.59	0	703	0	0:02:56.553977
31600	632	632	0.362	1	632	1	0:02:56.698817
31700	634	489	1.89	0	489	0	0:02:56.496671
31800	636	636	0.771	1	636	1	0:02:56.454084
31900	638	638	0.665	1	638	1	0:02:56.528994
32000	640	640	1.89	1	640	1	0:02:56.524966
32100	642	642	1.89	1	642	1	0:02:56.559455
32200	644	644	1.89	1	644	1	0:02:56.584592
32300	646	646	1.89	1	646	1	0:02:56.210837
32400	648	651	0.0445	0	651	0	0:02:56.832444
32500	650	546	0.276	0	546	0	0:02:57.085780
32600	652	652	1.1	1	652	1	0:02:56.788705
32700	654	436	1.75	0	436	0	0:02:57.083704
32800	656	656	0.253	1	656	1	0:02:57.308691
32900	658	658	1.89	1	658	1	0:02:56.739165
33000	660	660	1.82	1	660	1	0:02:57.164004
33100	662	-1	0.0	0	742	0	0:02:56.829930
33200	664	851	1.2	0	851	0	0:02:56.959825
33300	666	659	1.21	0	659	0	0:02:56.524236
33400	668	123	0.605	0	123	0	0:02:57.107023
33500	670	670	1.89	1	670	1	0:02:56.780609
33600	672	979	1.05	0	979	0	0:02:56.951807
33700	674	448	0.854	0	448	0	0:02:57.171846
33800	676	960	0.217	0	960	0	0:02:56.880369
33900	678	678	1.89	1	678	1	0:02:56.786897
34000	680	591	0.564	0	591	0	0:02:57.089502
34100	682	682	0.181	1	682	1	0:02:56.708919
34200	684	684	1.89	1	684	1	0:02:56.707162
34300	686	524	0.472	0	524	0	0:02:57.084815
34400	688	688	1.89	1	688	1	0:02:56.773570
34500	690	690	1.89	1	690	1	0:02:56.746851
34600	692	781	1.14	0	781	0	0:02:57.191963
34700	694	694	1.89	1	694	1	0:02:56.939779
34800	696	75	0.113	0	75	0	0:02:56.678737
34900	698	663	1.89	0	663	0	0:02:57.176734
35000	700	831	0.739	0	831	0	0:02:56.726165
35100	702	702	0.291	1	702	1	0:02:57.423758
35200	704	653	0.126	0	653	0	0:02:57.682132
35300	706	536	0.545	0	536	0	0:02:57.234986
35400	708	682	1.89	0	682	0	0:02:57.367556
35500	710	-1	0.0	0	482	0	0:02:57.288005
35600	712	773	0.848	0	773	0	0:02:56.986212
35700	714	714	1.89	1	714	1	0:02:56.829415
35800	716	716	1.84	1	716	1	0:02:57.222773
35900	718	449	1.52	0	449	0	0:02:57.024025
36000	720	951	1.89	0	951	0	0:02:56.679176
36100	722	722	1.89	1	722	1	0:02:57.183907
36200	724	780	1.89	0	780	0	0:02:56.812248
36300	726	726	1.89	1	726	1	0:02:57.479308
36400	728	728	1.63	1	728	1	0:02:57.050916
36500	730	730	0.348	1	730	1	0:02:57.083914
36600	732	732	1.89	1	732	1	0:02:56.781384
36700	734	734	1.89	1	734	1	0:02:57.057498
36800	736	736	1.89	1	736	1	0:02:56.911819
36900	738	738	1.8	1	738	1	0:02:56.876806
37000	740	617	0.338	0	617	0	0:02:57.392393
37100	742	859	0.617	0	859	0	0:02:57.024148
37200	744	442	0.0458	0	442	0	0:02:56.861722
37300	746	746	1.89	1	746	1	0:02:57.103799
37400	748	748	1.89	1	748	1	0:02:56.743069
37500	750	208	0.738	0	208	0	0:02:56.626498
37600	752	532	0.303	0	532	0	0:02:57.307035
37700	754	754	1.43	1	754	1	0:02:56.954863
37800	756	756	1.89	1	756	1	0:02:56.406206
37900	758	758	0.243	1	758	1	0:02:56.713972
38000	760	651	0.282	0	651	0	0:02:56.623276
38100	762	762	1.8	1	762	1	0:02:56.867090
38200	764	776	0.00218	0	776	0	0:02:57.238184
38300	766	766	1.89	1	766	1	0:02:56.448703
38400	768	-1	0.0	0	768	1	0:02:56.382774
38500	770	-1	0.0	0	414	0	0:02:56.831020
38600	772	680	0.49	0	680	0	0:02:56.569413
38700	774	774	1.06	1	774	1	0:03:07.696132
38800	776	875	0.875	0	875	0	0:02:56.702806
38900	778	747	1.48	0	747	0	0:02:56.548368
39000	780	780	1.03	1	780	1	0:02:56.530152
39100	782	664	1.71	0	664	0	0:02:56.811000
39200	784	828	0.44	0	828	0	0:02:56.439698
39300	786	870	0.38	0	870	0	0:02:56.508932
39400	788	702	0.0626	0	702	0	0:02:56.528590
39500	790	830	1.86	0	830	0	0:02:56.588022
39600	792	792	0.368	1	792	1	0:02:56.716944
39700	794	794	1.89	1	794	1	0:02:57.356367
39800	796	796	1.89	1	796	1	0:02:56.715124
39900	798	798	1.06	1	798	1	0:02:56.336438
40000	800	800	1.89	1	800	1	0:02:56.608516
40100	802	802	0.9	1	802	1	0:02:56.674722
40200	804	844	0.762	0	844	0	0:02:56.401699
40300	806	806	1.89	1	806	1	0:02:56.604974
40400	808	808	1.56	1	808	1	0:02:56.564395
40500	810	810	1.89	1	810	1	0:02:56.798056
40600	812	812	1.89	1	812	1	0:02:56.912386
40700	814	554	0.336	0	554	0	0:02:56.584811
40800	816	816	1.89	1	816	1	0:02:56.848835
40900	818	-1	0.0	0	759	0	0:02:57.111235
41000	820	820	0.481	1	820	1	0:02:55.812480
41100	822	822	1.89	1	822	1	0:02:55.486007
41200	824	824	0.595	1	824	1	0:02:55.871170
41300	826	531	1.39	0	531	0	0:02:56.399511
41400	828	818	1.69	0	818	0	0:02:56.443328
41500	830	830	1.09	1	830	1	0:02:56.598642
41600	832	832	1.89	1	832	1	0:02:57.116036
41700	834	834	0.442	1	834	1	0:02:57.134975
41800	836	-1	0.0	0	693	0	0:02:56.051418
41900	838	478	0.31	0	478	0	0:02:53.112807
42000	840	840	1.09	1	840	1	0:02:51.575795
42100	842	752	0.339	0	752	0	0:02:51.924885
42200	844	844	1.89	1	844	1	0:02:51.948858
42300	846	-1	0.0	0	583	0	0:02:51.900131
42400	848	-1	0.0	0	598	0	0:02:52.040622
42500	850	850	0.616	1	850	1	0:02:51.568784
42600	852	852	1.89	1	852	1	0:02:52.014961
42700	854	854	1.19	1	854	1	0:02:51.862357
42800	856	856	0.727	1	856	1	0:02:51.750834
42900	858	858	0.346	1	858	1	0:02:51.824177
43000	860	528	0.348	0	528	0	0:02:52.047147
43100	862	862	1.89	1	862	1	0:02:52.268360
43200	864	803	0.435	0	803	0	0:02:53.273171
43300	866	866	0.649	1	866	1	0:02:54.154901
43400	868	618	0.259	0	618	0	0:02:54.435539
43500	870	870	1.35	1	870	1	0:02:56.880034
43600	872	840	0.962	0	840	0	0:02:57.027761
43700	874	874	1.89	1	874	1	0:02:56.130022
43800	876	648	1.64	0	648	0	0:02:57.957075
43900	878	878	0.385	1	878	1	0:02:58.328396
44000	880	870	0.399	0	870	0	0:02:56.842953
44100	882	-1	0.0	0	648	0	0:02:56.644332
44200	884	884	1.89	1	884	1	0:02:57.135669
44300	886	886	1.89	1	886	1	0:02:56.877580
44400	888	718	1.89	0	718	0	0:02:54.633256
44500	890	890	0.998	1	890	1	0:02:54.605781
44600	892	858	1.89	0	858	0	0:02:54.633566
44700	894	894	1.89	1	894	1	0:02:54.302784
44800	896	-1	0.0	0	-1	0	0:02:55.003083
44900	898	458	1.54	0	458	0	0:02:54.918512
45000	900	900	1.89	1	900	1	0:02:54.556373
45100	902	902	1.89	1	902	1	0:02:55.160719
45200	904	905	1.89	0	905	0	0:02:55.170687
45300	906	906	1.89	1	906	1	0:02:55.316530
45400	908	895	1.89	0	895	0	0:02:57.828053
45500	910	641	1.89	0	641	0	0:02:56.795124
45600	912	730	0.24	0	730	0	0:02:56.594164
45700	914	914	1.89	1	914	1	0:02:55.939960
45800	916	916	1.89	1	916	1	0:02:56.327013
45900	918	918	1.89	1	918	1	0:02:53.639494
46000	920	-1	0.0	0	920	1	0:02:51.559484
46100	922	922	1.89	1	922	1	0:02:51.314904
46200	924	924	1.78	1	924	1	0:02:53.079482
46300	926	926	1.89	1	926	1	0:02:54.303383
46400	928	-1	0.0	0	332	0	0:02:51.244188
46500	930	964	1.79	0	964	0	0:02:56.128613
46600	932	932	1.84	1	932	1	0:02:58.562510
46700	934	937	1.13	0	937	0	0:02:58.428655
46800	936	936	1.86	1	936	1	0:02:58.496078
46900	938	937	0.521	0	937	0	0:02:58.823692
47000	940	940	0.455	1	940	1	0:02:58.261623
47100	942	942	1.89	1	942	1	0:02:58.275254
47200	944	946	1.89	0	946	0	0:02:58.232731
47300	946	946	1.89	1	946	1	0:02:58.765791
47400	948	948	1.89	1	948	1	0:02:58.443102
47500	950	950	1.86	1	950	1	0:02:58.452261
47600	952	90	1.89	0	90	0	0:03:09.368621
47700	954	996	0.876	0	996	0	0:02:58.691721
47800	956	956	1.89	1	956	1	0:02:58.662185
47900	958	483	1.89	0	483	0	0:02:58.777595
48000	960	960	0.474	1	960	1	0:03:00.864723
48100	962	962	1.43	1	962	1	0:03:03.606871
48200	964	964	0.713	1	964	1	0:02:59.763485
48300	966	630	1.27	0	630	0	0:02:58.543766
48400	968	968	1.89	1	968	1	0:03:05.828436
48500	970	795	1.89	0	795	0	0:02:57.436307
48600	972	979	1.89	0	979	0	0:03:03.165059
48700	974	974	1.89	1	974	1	0:02:57.791578
48800	976	976	0.609	1	976	1	0:02:57.420802
48900	978	693	0.00257	0	693	0	0:03:03.351919
49000	980	980	1.89	1	980	1	0:02:57.377215
49100	982	982	0.66	1	982	1	0:02:57.563997
49200	984	984	1.89	1	984	1	0:03:00.182908
49300	986	986	1.89	1	986	1	0:03:01.391018
49400	988	112	1.6	0	112	0	0:02:58.954180
49500	990	956	0.811	0	956	0	0:02:58.935765
49600	992	992	1.89	1	992	1	0:02:56.998008
49700	994	994	1.89	1	994	1	0:02:57.313262
49800	996	996	0.849	1	996	1	0:02:57.552151
49900	998	987	1.89	0	987	0	0:02:58.291796
