idx	label	predict	radius	correct	unperturbed predict	unperturbed correct	time
0	3	3	0.458	1	3	1	0:01:17.701788
20	7	1	0.2	0	1	0	0:01:16.027069
40	4	4	0.947	1	4	1	0:01:16.138748
60	7	7	0.947	1	7	1	0:01:15.896670
80	8	8	0.947	1	8	1	0:01:16.000672
100	4	5	0.255	0	5	0	0:01:15.804875
120	8	8	0.709	1	8	1	0:01:15.766529
140	6	6	0.901	1	6	1	0:01:15.801930
160	2	2	0.947	1	2	1	0:01:16.107358
180	0	0	0.947	1	0	1	0:01:16.035126
200	5	5	0.735	1	5	1	0:01:15.930375
220	7	7	0.491	1	7	1	0:01:15.742159
240	1	1	0.947	1	1	1	0:01:15.900616
260	8	8	0.521	1	8	1	0:01:15.840172
280	9	9	0.93	1	9	1	0:01:15.970005
300	6	6	0.947	1	6	1	0:01:15.842700
320	3	5	0.599	0	5	0	0:01:15.960987
340	2	6	0.00629	0	-1	0	0:01:16.058367
360	9	9	0.947	1	9	1	0:01:15.956688
380	6	6	0.947	1	6	1	0:01:15.888371
400	9	9	0.947	1	9	1	0:01:15.917673
420	4	4	0.379	1	4	1	0:01:15.871281
440	1	1	0.947	1	1	1	0:01:15.833824
460	5	5	0.947	1	5	1	0:01:15.780329
480	8	9	0.193	0	9	0	0:01:15.940499
500	4	6	0.247	0	6	0	0:01:16.004023
520	5	5	0.771	1	5	1	0:01:15.935339
540	1	1	0.947	1	1	1	0:01:15.856687
560	0	0	0.947	1	0	1	0:01:15.819791
580	4	4	0.465	1	4	1	0:01:15.837451
600	8	8	0.888	1	8	1	0:01:15.975481
620	7	7	0.947	1	7	1	0:01:15.965484
640	5	3	0.862	0	3	0	0:01:15.875533
660	9	9	0.947	1	9	1	0:01:15.857754
680	9	9	0.0479	1	9	1	0:01:15.869335
700	7	7	0.918	1	7	1	0:01:15.750044
720	4	4	0.209	1	4	1	0:01:15.816346
740	2	3	0.25	0	3	0	0:01:15.793129
760	3	3	0.947	1	3	1	0:01:15.847122
780	9	1	0.0754	0	1	0	0:01:15.982834
800	7	7	0.947	1	7	1	0:01:15.982002
820	6	1	0.104	0	1	0	0:01:15.958393
840	7	7	0.947	1	7	1	0:01:16.081294
860	4	4	0.842	1	4	1	0:01:15.872028
880	8	8	0.947	1	8	1	0:01:15.969533
900	2	6	0.434	0	6	0	0:01:15.873907
920	6	6	0.109	1	6	1	0:01:15.826354
940	9	9	0.947	1	9	1	0:01:15.880785
960	9	3	0.0885	0	3	0	0:01:16.147617
980	2	6	0.694	0	6	0	0:01:15.962576
1000	5	5	0.947	1	5	1	0:01:16.120399
1020	1	1	0.947	1	1	1	0:01:15.993287
1040	7	5	0.591	0	5	0	0:01:16.096540
1060	9	9	0.947	1	9	1	0:01:15.959081
1080	6	6	0.78	1	6	1	0:01:15.934858
1100	7	7	0.151	1	7	1	0:01:16.026475
1120	5	5	0.074	1	5	1	0:01:15.940295
1140	6	6	0.57	1	6	1	0:01:16.004746
1160	8	8	0.856	1	8	1	0:01:16.064647
1180	3	3	0.918	1	3	1	0:01:16.083302
1200	8	8	0.947	1	8	1	0:01:15.984533
1220	9	-1	0.0	0	3	0	0:01:16.124393
1240	2	6	0.241	0	6	0	0:01:16.192282
1260	1	9	0.0758	0	9	0	0:01:15.957013
1280	3	3	0.704	1	3	1	0:01:16.068316
1300	4	3	0.835	0	3	0	0:01:16.055844
1320	7	7	0.588	1	7	1	0:01:15.981215
1340	1	1	0.947	1	1	1	0:01:15.924405
1360	7	7	0.947	1	7	1	0:01:15.925756
1380	4	5	0.412	0	5	0	0:01:15.968811
1400	5	5	0.578	1	5	1	0:01:15.982862
1420	4	4	0.413	1	4	1	0:01:15.953104
1440	0	0	0.497	1	0	1	0:01:16.021667
1460	6	6	0.947	1	6	1	0:01:15.907695
1480	1	1	0.93	1	1	1	0:01:15.993461
1500	1	1	0.947	1	1	1	0:01:15.908414
1520	7	7	0.947	1	7	1	0:01:15.985480
1540	8	8	0.947	1	8	1	0:01:15.880181
1560	7	7	0.947	1	7	1	0:01:15.831073
1580	6	1	0.103	0	1	0	0:01:15.745179
1600	8	9	0.0716	0	9	0	0:01:15.873492
1620	5	3	0.0352	0	3	0	0:01:15.851692
1640	7	3	0.685	0	3	0	0:01:15.903321
1660	3	3	0.519	1	3	1	0:01:16.025597
1680	6	6	0.947	1	6	1	0:01:15.832463
1700	5	5	0.078	1	5	1	0:01:15.868490
1720	4	4	0.193	1	4	1	0:01:15.868713
1740	1	1	0.142	1	1	1	0:01:16.099080
1760	0	0	0.433	1	0	1	0:01:15.821728
1780	7	7	0.509	1	7	1	0:01:15.908024
1800	4	0	0.0524	0	0	0	0:01:15.686329
1820	8	8	0.197	1	8	1	0:01:15.769556
1840	8	9	0.121	0	9	0	0:01:15.892105
1860	8	8	0.947	1	8	1	0:01:16.088726
1880	1	1	0.947	1	1	1	0:01:16.036185
1900	8	8	0.947	1	8	1	0:01:15.939202
1920	2	2	0.947	1	2	1	0:01:16.037163
1940	5	5	0.918	1	5	1	0:01:16.106937
1960	2	5	0.123	0	5	0	0:01:15.935194
1980	9	9	0.947	1	9	1	0:01:15.818654
2000	1	1	0.909	1	1	1	0:01:15.701021
2020	9	9	0.947	1	9	1	0:01:15.854767
2040	0	0	0.947	1	0	1	0:01:16.036717
2060	5	5	0.508	1	5	1	0:01:15.868412
2080	1	1	0.704	1	1	1	0:01:16.116608
2100	2	2	0.508	1	2	1	0:01:16.103297
2120	4	8	0.363	0	8	0	0:01:15.832050
2140	9	9	0.947	1	9	1	0:01:15.693871
2160	0	8	0.0925	0	8	0	0:01:15.803327
2180	4	4	0.947	1	4	1	0:01:15.698132
2200	0	0	0.947	1	0	1	0:01:15.922469
2220	1	1	0.947	1	1	1	0:01:15.697984
2240	9	9	0.303	1	9	1	0:01:15.784526
2260	4	4	0.277	1	4	1	0:01:15.789582
2280	4	2	0.168	0	2	0	0:01:15.807325
2300	3	3	0.61	1	3	1	0:01:15.849349
2320	5	3	0.328	0	3	0	0:01:15.920583
2340	7	7	0.947	1	7	1	0:01:15.838552
2360	7	7	0.237	1	7	1	0:01:15.840425
2380	8	8	0.725	1	8	1	0:01:15.758040
2400	0	0	0.947	1	0	1	0:01:15.996042
2420	8	8	0.283	1	8	1	0:01:15.765901
2440	7	7	0.398	1	7	1	0:01:15.879550
2460	9	9	0.225	1	9	1	0:01:15.940842
2480	8	8	0.947	1	8	1	0:01:16.020066
2500	4	6	0.042	0	6	0	0:01:15.912142
2520	1	1	0.0337	1	1	1	0:01:15.944192
2540	2	3	0.417	0	3	0	0:01:15.791415
2560	7	7	0.553	1	7	1	0:01:16.055589
2580	6	6	0.947	1	6	1	0:01:15.942653
2600	8	8	0.947	1	8	1	0:01:15.867910
2620	1	1	0.837	1	1	1	0:01:15.975306
2640	7	7	0.947	1	7	1	0:01:16.004178
2660	3	-1	0.0	0	2	0	0:01:16.070886
2680	0	0	0.947	1	0	1	0:01:15.796802
2700	9	1	0.588	0	1	0	0:01:15.755101
2720	3	3	0.918	1	3	1	0:01:15.969755
2740	1	1	0.93	1	1	1	0:01:16.040446
2760	2	2	0.804	1	2	1	0:01:15.822150
2780	7	7	0.947	1	7	1	0:01:15.761615
2800	4	4	0.35	1	4	1	0:01:15.911751
2820	6	6	0.947	1	6	1	0:01:15.944530
2840	3	3	0.947	1	3	1	0:01:15.917324
2860	5	6	0.272	0	6	0	0:01:15.968339
2880	4	4	0.947	1	4	1	0:01:16.007140
2900	3	5	0.862	0	5	0	0:01:15.871885
2920	2	-1	0.0	0	2	1	0:01:15.763037
2940	3	0	0.249	0	0	0	0:01:15.829727
2960	9	9	0.344	1	9	1	0:01:15.931539
2980	8	8	0.894	1	8	1	0:01:16.058068
3000	5	5	0.947	1	5	1	0:01:15.832389
3020	1	1	0.947	1	1	1	0:01:15.862576
3040	7	7	0.947	1	7	1	0:01:15.835053
3060	7	7	0.947	1	7	1	0:01:15.957187
3080	1	1	0.947	1	1	1	0:01:15.981377
3100	0	0	0.947	1	0	1	0:01:15.808525
3120	4	6	0.635	0	6	0	0:01:15.864137
3140	8	8	0.947	1	8	1	0:01:16.029201
3160	6	2	0.264	0	2	0	0:01:15.921601
3180	3	6	0.125	0	6	0	0:01:15.974698
3200	5	5	0.947	1	5	1	0:01:15.842001
3220	3	3	0.0432	1	3	1	0:01:15.850171
3240	4	-1	0.0	0	2	0	0:01:15.780052
3260	7	7	0.947	1	7	1	0:01:15.992309
3280	3	5	0.909	0	5	0	0:01:16.061994
3300	4	4	0.481	1	4	1	0:01:15.985343
3320	2	0	0.109	0	0	0	0:01:15.975195
3340	6	6	0.859	1	6	1	0:01:15.845446
3360	4	4	0.365	1	4	1	0:01:16.100444
3380	8	8	0.947	1	8	1	0:01:16.077814
3400	6	7	0.00562	0	7	0	0:01:15.872444
3420	5	3	0.771	0	3	0	0:01:15.923317
3440	2	3	0.69	0	3	0	0:01:16.068026
3460	1	1	0.947	1	1	1	0:01:15.942469
3480	2	2	0.947	1	2	1	0:01:15.808339
3500	1	1	0.901	1	1	1	0:01:15.908201
3520	1	1	0.947	1	1	1	0:01:15.773807
3540	6	6	0.909	1	6	1	0:01:15.898169
3560	1	1	0.0363	1	1	1	0:01:16.023398
3580	4	2	0.276	0	2	0	0:01:16.322962
3600	4	2	0.408	0	2	0	0:01:16.114095
3620	0	0	0.0958	1	0	1	0:01:15.999889
3640	6	2	0.0797	0	2	0	0:01:15.923541
3660	0	0	0.58	1	0	1	0:01:15.841406
3680	0	2	0.259	0	2	0	0:01:16.034087
3700	3	3	0.93	1	3	1	0:01:16.008235
3720	2	2	0.947	1	2	1	0:01:15.942343
3740	0	0	0.947	1	0	1	0:01:15.732502
3760	7	7	0.947	1	7	1	0:01:15.743783
3780	4	4	0.0357	1	4	1	0:01:15.735825
3800	9	9	0.798	1	9	1	0:01:15.806206
3820	0	0	0.432	1	0	1	0:01:15.927142
3840	6	3	0.731	0	3	0	0:01:15.786278
3860	7	7	0.947	1	7	1	0:01:15.808064
3880	6	6	0.161	1	6	1	0:01:15.755612
3900	3	3	0.425	1	3	1	0:01:15.870732
3920	7	-1	0.0	0	1	0	0:01:15.759109
3940	6	-1	0.0	0	-1	0	0:01:15.841446
3960	2	2	0.505	1	2	1	0:01:15.789341
3980	9	3	0.107	0	3	0	0:01:15.808246
4000	8	0	0.178	0	0	0	0:01:15.849792
4020	8	8	0.883	1	8	1	0:01:15.833891
4040	0	0	0.947	1	0	1	0:01:15.714308
4060	6	6	0.356	1	6	1	0:01:15.831539
4080	1	1	0.947	1	1	1	0:01:16.076842
4100	7	7	0.947	1	7	1	0:01:15.796130
4120	4	4	0.947	1	4	1	0:01:15.787898
4140	5	5	0.777	1	5	1	0:01:15.765167
4160	5	5	0.947	1	5	1	0:01:15.775311
4180	0	0	0.527	1	0	1	0:01:15.888465
4200	4	4	0.489	1	4	1	0:01:15.943554
4220	4	0	0.947	0	0	0	0:01:15.742950
4240	7	0	0.613	0	0	0	0:01:15.874975
4260	8	8	0.947	1	8	1	0:01:16.015559
4280	8	9	0.0171	0	9	0	0:01:15.780548
4300	8	8	0.93	1	8	1	0:01:16.108647
4320	1	1	0.385	1	1	1	0:01:16.019970
4340	0	0	0.947	1	0	1	0:01:15.905130
4360	6	6	0.146	1	6	1	0:01:15.849720
4380	9	9	0.947	1	9	1	0:01:15.935052
4400	3	4	0.144	0	4	0	0:01:15.899079
4420	5	5	0.48	1	5	1	0:01:15.825244
4440	2	2	0.547	1	2	1	0:01:15.838327
4460	9	9	0.947	1	9	1	0:01:15.619838
4480	9	9	0.947	1	9	1	0:01:15.794920
4500	3	5	0.308	0	5	0	0:01:15.841115
4520	3	3	0.385	1	3	1	0:01:15.913252
4540	9	9	0.947	1	9	1	0:01:15.830871
4560	1	1	0.947	1	1	1	0:01:15.835561
4580	6	6	0.00959	1	6	1	0:01:15.949122
4600	4	4	0.588	1	4	1	0:01:15.833389
4620	7	3	0.178	0	3	0	0:01:16.000829
4640	2	2	0.454	1	2	1	0:01:15.888511
4660	7	7	0.505	1	7	1	0:01:15.948144
4680	9	9	0.688	1	9	1	0:01:15.835050
4700	6	6	0.375	1	6	1	0:01:15.744319
4720	8	8	0.24	1	8	1	0:01:15.797424
4740	5	3	0.219	0	3	0	0:01:16.009333
4760	3	2	0.373	0	2	0	0:01:15.988866
4780	0	0	0.947	1	0	1	0:01:15.846850
4800	9	9	0.947	1	9	1	0:01:15.910830
4820	3	3	0.332	1	3	1	0:01:15.850332
4840	0	0	0.947	1	0	1	0:01:15.908236
4860	5	5	0.947	1	5	1	0:01:15.740272
4880	0	0	0.509	1	0	1	0:01:16.022616
4900	3	3	0.0141	1	3	1	0:01:15.965976
4920	7	7	0.947	1	7	1	0:01:15.921800
4940	6	6	0.93	1	6	1	0:01:15.819345
4960	4	3	0.146	0	3	0	0:01:15.858773
4980	1	9	0.947	0	9	0	0:01:15.843896
5000	7	7	0.947	1	7	1	0:01:16.010557
5020	8	8	0.947	1	8	1	0:01:15.829351
5040	3	3	0.947	1	3	1	0:01:15.852689
5060	6	6	0.909	1	6	1	0:01:15.829170
5080	7	7	0.736	1	7	1	0:01:15.866050
5100	3	3	0.947	1	3	1	0:01:15.939127
5120	9	9	0.727	1	9	1	0:01:16.028625
5140	8	8	0.947	1	8	1	0:01:15.895684
5160	0	0	0.93	1	0	1	0:01:15.787010
5180	9	7	0.131	0	7	0	0:01:15.748490
5200	3	3	0.947	1	3	1	0:01:15.961203
5220	0	0	0.87	1	0	1	0:01:15.919585
5240	1	1	0.852	1	1	1	0:01:15.857422
5260	0	0	0.947	1	0	1	0:01:15.864264
5280	0	3	0.0177	0	3	0	0:01:15.982130
5300	9	9	0.744	1	9	1	0:01:15.915931
5320	7	7	0.947	1	7	1	0:01:15.866808
5340	3	3	0.258	1	3	1	0:01:15.990840
5360	9	9	0.947	1	9	1	0:01:16.207039
5380	1	9	0.697	0	9	0	0:01:15.884396
5400	9	9	0.947	1	9	1	0:01:15.872226
5420	6	6	0.947	1	6	1	0:01:15.859534
5440	9	9	0.947	1	9	1	0:01:15.785512
5460	0	0	0.947	1	0	1	0:01:15.865982
5480	1	1	0.947	1	1	1	0:01:15.853438
5500	8	8	0.852	1	8	1	0:01:15.927995
5520	4	4	0.269	1	4	1	0:01:15.702971
5540	5	-1	0.0	0	5	1	0:01:15.920881
5560	3	-1	0.0	0	5	0	0:01:15.919751
5580	5	3	0.036	0	3	0	0:01:15.821886
5600	6	5	0.000171	0	5	0	0:01:15.715044
5620	3	2	0.299	0	2	0	0:01:15.863043
5640	2	2	0.344	1	2	1	0:01:15.887478
5660	9	9	0.646	1	9	1	0:01:15.839674
5680	2	2	0.151	1	2	1	0:01:15.714245
5700	3	5	0.299	0	5	0	0:01:15.744512
5720	9	9	0.947	1	9	1	0:01:15.982842
5740	6	4	0.654	0	4	0	0:01:15.957872
5760	2	2	0.816	1	2	1	0:01:15.845196
5780	7	7	0.947	1	7	1	0:01:15.938643
5800	2	2	0.947	1	2	1	0:01:15.892523
5820	5	5	0.39	1	5	1	0:01:15.854451
5840	2	2	0.298	1	2	1	0:01:16.045800
5860	0	0	0.804	1	0	1	0:01:15.893045
5880	0	0	0.947	1	0	1	0:01:15.928124
5900	4	3	0.00954	0	3	0	0:01:15.797439
5920	8	8	0.947	1	8	1	0:01:15.769329
5940	7	7	0.417	1	7	1	0:01:15.882380
5960	2	6	0.662	0	6	0	0:01:16.078021
5980	9	9	0.947	1	9	1	0:01:16.035339
6000	8	8	0.311	1	8	1	0:01:15.884367
6020	6	6	0.947	1	6	1	0:01:16.012588
6040	2	3	0.131	0	3	0	0:01:16.151613
6060	3	4	0.0101	0	4	0	0:01:16.168935
6080	1	1	0.909	1	1	1	0:01:16.074691
6100	1	1	0.947	1	1	1	0:01:15.975846
6120	5	5	0.947	1	5	1	0:01:15.911239
6140	9	9	0.947	1	9	1	0:01:15.890094
6160	2	2	0.217	1	2	1	0:01:16.057629
6180	0	0	0.617	1	0	1	0:01:16.020642
6200	3	3	0.814	1	3	1	0:01:15.820266
6220	2	5	0.0639	0	5	0	0:01:16.001352
6240	2	2	0.539	1	2	1	0:01:16.406249
6260	2	1	0.186	0	1	0	0:01:15.878544
6280	8	5	0.279	0	5	0	0:01:15.782065
6300	1	1	0.947	1	1	1	0:01:15.842041
6320	0	0	0.947	1	0	1	0:01:15.865076
6340	3	3	0.125	1	3	1	0:01:15.768034
6360	2	2	0.947	1	2	1	0:01:15.942044
6380	3	6	0.2	0	6	0	0:01:16.072274
6400	0	0	0.272	1	0	1	0:01:15.902101
6420	7	7	0.947	1	7	1	0:01:15.757700
6440	3	8	0.142	0	8	0	0:01:15.775507
6460	3	3	0.194	1	3	1	0:01:15.990507
6480	0	0	0.592	1	0	1	0:01:15.909642
6500	7	6	0.31	0	6	0	0:01:16.050594
6520	6	6	0.241	1	6	1	0:01:15.924896
6540	8	8	0.947	1	8	1	0:01:15.855158
6560	6	6	0.947	1	6	1	0:01:15.935762
6580	1	1	0.421	1	1	1	0:01:16.025919
6600	7	7	0.947	1	7	1	0:01:16.011550
6620	7	7	0.947	1	7	1	0:01:15.830359
6640	5	3	0.947	0	3	0	0:01:15.774611
6660	0	0	0.93	1	0	1	0:01:15.897283
6680	3	3	0.222	1	3	1	0:01:15.971580
6700	6	6	0.947	1	6	1	0:01:15.855702
6720	2	2	0.894	1	2	1	0:01:15.880736
6740	2	2	0.275	1	2	1	0:01:15.837145
6760	5	5	0.421	1	5	1	0:01:15.756008
6780	7	7	0.947	1	7	1	0:01:16.002162
6800	6	6	0.515	1	6	1	0:01:15.960616
6820	1	1	0.947	1	1	1	0:01:15.931831
6840	9	9	0.947	1	9	1	0:01:15.960400
6860	0	0	0.837	1	0	1	0:01:16.126170
6880	2	2	0.947	1	2	1	0:01:15.905544
6900	3	3	0.947	1	3	1	0:01:15.795912
6920	5	2	0.918	0	2	0	0:01:15.836669
6940	1	1	0.947	1	1	1	0:01:15.868767
6960	9	9	0.548	1	9	1	0:01:15.874114
6980	0	0	0.369	1	0	1	0:01:15.980730
7000	2	-1	0.0	0	0	0	0:01:15.893908
7020	7	7	0.947	1	7	1	0:01:15.838118
7040	7	-1	0.0	0	8	0	0:01:15.815491
7060	8	8	0.947	1	8	1	0:01:15.820299
7080	5	4	0.116	0	4	0	0:01:16.039095
7100	9	3	0.278	0	3	0	0:01:15.826410
7120	7	7	0.619	1	7	1	0:01:15.811403
7140	4	4	0.566	1	4	1	0:01:15.850358
7160	5	5	0.947	1	5	1	0:01:15.969883
7180	6	6	0.947	1	6	1	0:01:15.955439
7200	4	6	0.157	0	6	0	0:01:15.880209
7220	9	9	0.947	1	9	1	0:01:15.911974
7240	0	0	0.284	1	0	1	0:01:16.125324
7260	1	1	0.947	1	1	1	0:01:16.116338
7280	1	1	0.289	1	1	1	0:01:16.036494
7300	3	-1	0.0	0	4	0	0:01:15.751934
7320	8	8	0.316	1	8	1	0:01:15.925341
7340	2	4	0.409	0	4	0	0:01:15.847390
7360	2	2	0.947	1	2	1	0:01:15.933887
7380	7	7	0.947	1	7	1	0:01:15.866927
7400	3	-1	0.0	0	-1	0	0:01:15.811968
7420	3	2	0.505	0	2	0	0:01:16.011410
7440	3	3	0.711	1	3	1	0:01:15.892975
7460	5	5	0.947	1	5	1	0:01:15.986729
7480	1	1	0.564	1	1	1	0:01:16.041375
7500	6	6	0.947	1	6	1	0:01:15.919581
7520	4	4	0.866	1	4	1	0:01:15.844854
7540	5	5	0.947	1	5	1	0:01:15.841868
7560	0	0	0.947	1	0	1	0:01:15.822371
7580	8	8	0.901	1	8	1	0:01:16.036376
7600	8	9	0.236	0	9	0	0:01:16.135437
7620	5	3	0.93	0	3	0	0:01:16.121987
7640	9	9	0.166	1	9	1	0:01:16.161361
7660	7	7	0.293	1	7	1	0:01:16.107550
7680	3	-1	0.0	0	-1	0	0:01:16.038150
7700	6	6	0.947	1	6	1	0:01:16.221606
7720	5	5	0.695	1	5	1	0:01:15.973490
7740	4	2	0.454	0	2	0	0:01:15.797017
7760	2	-1	0.0	0	9	0	0:01:15.975745
7780	3	1	0.0709	0	1	0	0:01:15.787720
7800	0	0	0.947	1	0	1	0:01:15.829318
7820	5	5	0.255	1	5	1	0:01:15.888894
7840	1	1	0.947	1	1	1	0:01:15.913827
7860	8	8	0.947	1	8	1	0:01:15.824224
7880	0	0	0.918	1	0	1	0:01:15.797240
7900	0	2	0.28	0	2	0	0:01:15.909269
7920	9	9	0.645	1	9	1	0:01:16.037008
7940	2	6	0.805	0	6	0	0:01:15.904748
7960	0	0	0.754	1	0	1	0:01:15.988139
7980	3	3	0.293	1	3	1	0:01:15.773065
8000	9	9	0.947	1	9	1	0:01:15.871358
8020	6	3	0.588	0	3	0	0:01:15.929803
8040	2	2	0.947	1	2	1	0:01:15.852473
8060	6	6	0.947	1	6	1	0:01:15.867466
8080	4	6	0.0265	0	6	0	0:01:15.918227
8100	6	2	0.801	0	2	0	0:01:15.895328
8120	8	9	0.144	0	9	0	0:01:15.835100
8140	5	4	0.144	0	4	0	0:01:15.835279
8160	6	6	0.947	1	6	1	0:01:15.906715
8180	4	4	0.874	1	4	1	0:01:15.841869
8200	3	0	0.298	0	0	0	0:01:15.918827
8220	6	6	0.656	1	6	1	0:01:16.094112
8240	7	7	0.947	1	7	1	0:01:16.028332
8260	1	1	0.947	1	1	1	0:01:15.942324
8280	4	3	0.523	0	3	0	0:01:15.999815
8300	5	2	0.449	0	2	0	0:01:15.909868
8320	7	7	0.225	1	7	1	0:01:16.060994
8340	5	5	0.589	1	5	1	0:01:15.897880
8360	7	7	0.947	1	7	1	0:01:15.901359
8380	9	9	0.947	1	9	1	0:01:16.002886
8400	0	0	0.675	1	0	1	0:01:15.920495
8420	3	6	0.847	0	6	0	0:01:15.895729
8440	5	3	0.14	0	3	0	0:01:15.836103
8460	8	8	0.947	1	8	1	0:01:16.006331
8480	2	2	0.689	1	2	1	0:01:15.923485
8500	4	4	0.776	1	4	1	0:01:15.865201
8520	8	8	0.947	1	8	1	0:01:15.992298
8540	4	2	0.226	0	2	0	0:01:15.934301
8560	7	7	0.947	1	7	1	0:01:15.830863
8580	3	5	0.379	0	5	0	0:01:15.860388
8600	3	-1	0.0	0	3	1	0:01:15.923186
8620	3	3	0.554	1	3	1	0:01:15.821959
8640	1	1	0.947	1	1	1	0:01:15.852376
8660	7	7	0.947	1	7	1	0:01:15.984324
8680	3	3	0.329	1	3	1	0:01:15.878122
8700	3	-1	0.0	0	-1	0	0:01:15.933732
8720	2	0	0.947	0	0	0	0:01:15.984807
8740	2	2	0.153	1	2	1	0:01:16.134545
8760	8	8	0.947	1	8	1	0:01:16.059391
8780	4	4	0.425	1	4	1	0:01:15.914496
8800	0	0	0.947	1	0	1	0:01:15.906714
8820	2	2	0.947	1	2	1	0:01:15.845816
8840	2	2	0.37	1	2	1	0:01:15.852738
8860	2	2	0.947	1	2	1	0:01:15.984549
8880	1	1	0.947	1	1	1	0:01:15.921243
8900	2	2	0.51	1	2	1	0:01:16.115433
8920	6	6	0.947	1	6	1	0:01:15.922488
8940	6	3	0.148	0	3	0	0:01:15.791823
8960	0	0	0.947	1	0	1	0:01:15.724154
8980	9	9	0.947	1	9	1	0:01:15.872422
9000	8	8	0.947	1	8	1	0:01:15.926688
9020	7	7	0.947	1	7	1	0:01:15.908602
9040	2	5	0.947	0	5	0	0:01:15.866548
9060	9	9	0.79	1	9	1	0:01:16.142330
9080	3	3	0.358	1	3	1	0:01:16.197879
9100	9	1	0.129	0	1	0	0:01:16.009788
9120	3	5	0.501	0	5	0	0:01:15.894158
9140	7	7	0.591	1	7	1	0:01:15.916147
9160	5	5	0.909	1	5	1	0:01:15.969773
9180	5	5	0.947	1	5	1	0:01:15.851641
9200	8	8	0.947	1	8	1	0:01:16.108223
9220	8	8	0.947	1	8	1	0:01:15.935982
9240	8	8	0.856	1	8	1	0:01:15.949031
9260	5	5	0.947	1	5	1	0:01:15.870595
9280	9	9	0.618	1	9	1	0:01:16.047307
9300	5	5	0.111	1	5	1	0:01:16.153702
9320	9	9	0.947	1	9	1	0:01:15.993574
9340	1	1	0.947	1	1	1	0:01:15.908119
9360	5	0	0.901	0	0	0	0:01:15.911189
9380	5	3	0.947	0	3	0	0:01:15.906145
9400	6	6	0.947	1	6	1	0:01:15.834710
9420	5	5	0.947	1	5	1	0:01:15.911009
9440	8	8	0.947	1	8	1	0:01:16.033216
9460	3	-1	0.0	0	3	1	0:01:15.875450
9480	2	4	0.32	0	4	0	0:01:15.882449
9500	9	9	0.947	1	9	1	0:01:16.144798
9520	1	1	0.947	1	1	1	0:01:16.120101
9540	5	5	0.514	1	5	1	0:01:16.015499
9560	9	-1	0.0	0	2	0	0:01:15.986405
9580	1	1	0.947	1	1	1	0:01:15.892702
9600	8	8	0.666	1	8	1	0:01:16.064378
9620	4	4	0.947	1	4	1	0:01:15.998571
9640	5	5	0.878	1	5	1	0:01:15.907866
9660	6	6	0.947	1	6	1	0:01:15.937074
9680	8	8	0.93	1	8	1	0:01:15.639809
9700	0	0	0.947	1	0	1	0:01:15.548024
9720	8	8	0.308	1	8	1	0:01:15.564746
9740	3	6	0.878	0	6	0	0:01:15.492307
9760	9	9	0.589	1	9	1	0:01:15.516825
9780	4	6	0.696	0	6	0	0:01:15.560303
9800	1	1	0.947	1	1	1	0:01:15.534129
9820	0	0	0.0873	1	0	1	0:01:15.469021
9840	4	3	0.0424	0	3	0	0:01:15.483625
9860	0	0	0.624	1	0	1	0:01:15.596327
9880	7	7	0.119	1	7	1	0:01:15.019390
9900	8	8	0.947	1	8	1	0:01:14.352329
9920	6	6	0.947	1	6	1	0:01:14.397563
9940	4	4	0.632	1	4	1	0:01:14.441226
9960	2	0	0.947	0	0	0	0:01:14.264058
9980	0	0	0.947	1	0	1	0:01:14.207924
