idx	predict	radius	unperturbed predict	time
0	0	0.187	0	0:01:17.701788
20	0	0.334	0	0:01:16.027069
40	1	0.947	1	0:01:16.138748
60	1	0.947	1	0:01:15.896670
80	1	0.947	1	0:01:16.000672
100	0	0.947	0	0:01:15.804875
120	1	0.356	1	0:01:15.766529
140	0	0.539	0	0:01:15.801930
160	1	0.874	1	0:01:16.107358
180	1	0.947	1	0:01:16.035126
200	0	0.0907	0	0:01:15.930375
220	1	0.365	1	0:01:15.742159
240	1	0.947	1	0:01:15.900616
260	0	0.00357	-1	0:01:15.840172
280	1	0.901	1	0:01:15.970005
300	1	0.758	1	0:01:15.842700
320	0	0.888	0	0:01:15.960987
340	0	0.947	0	0:01:16.058367
360	1	0.365	1	0:01:15.956688
380	0	0.761	0	0:01:15.888371
400	1	0.947	1	0:01:15.917673
420	0	0.821	0	0:01:15.871281
440	1	0.947	1	0:01:15.833824
460	1	0.947	1	0:01:15.780329
480	1	0.242	1	0:01:15.940499
500	0	0.947	0	0:01:16.004023
520	1	0.591	1	0:01:15.935339
540	1	0.947	1	0:01:15.856687
560	1	0.947	1	0:01:15.819791
580	0	0.93	0	0:01:15.837451
600	1	0.55	1	0:01:15.975481
620	1	0.328	1	0:01:15.965484
640	0	0.683	0	0:01:15.875533
660	1	0.837	1	0:01:15.857754
680	0	0.686	0	0:01:15.869335
700	1	0.909	1	0:01:15.750044
720	0	0.304	0	0:01:15.816346
740	1	0.226	1	0:01:15.793129
760	1	0.708	1	0:01:15.847122
780	1	0.947	1	0:01:15.982834
800	1	0.947	1	0:01:15.982002
820	0	0.87	0	0:01:15.958393
840	1	0.947	1	0:01:16.081294
860	0	0.918	0	0:01:15.872028
880	1	0.947	1	0:01:15.969533
900	0	0.947	0	0:01:15.873907
920	0	0.947	0	0:01:15.826354
940	1	0.947	1	0:01:15.880785
960	0	0.546	0	0:01:16.147617
980	0	0.947	0	0:01:15.962576
1000	1	0.947	1	0:01:16.120399
1020	1	0.947	1	0:01:15.993287
1040	1	0.23	1	0:01:16.096540
1060	1	0.947	1	0:01:15.959081
1080	1	0.282	1	0:01:15.934858
1100	1	0.00639	1	0:01:16.026475
1120	0	0.116	0	0:01:15.940295
1140	0	0.947	0	0:01:16.004746
1160	1	0.71	1	0:01:16.064647
1180	1	0.526	1	0:01:16.083302
1200	1	0.947	1	0:01:15.984533
1220	0	0.947	0	0:01:16.124393
1240	0	0.0765	0	0:01:16.192282
1260	1	0.947	1	0:01:15.957013
1280	1	0.267	1	0:01:16.068316
1300	0	0.8	0	0:01:16.055844
1320	1	0.399	1	0:01:15.981215
1340	1	0.947	1	0:01:15.924405
1360	1	0.909	1	0:01:15.925756
1380	0	0.883	0	0:01:15.968811
1400	0	0.878	0	0:01:15.982862
1420	1	0.0196	1	0:01:15.953104
1440	0	0.107	0	0:01:16.021667
1460	1	0.184	1	0:01:15.907695
1480	1	0.629	1	0:01:15.993461
1500	1	0.947	1	0:01:15.908414
1520	1	0.909	1	0:01:15.985480
1540	1	0.947	1	0:01:15.880181
1560	1	0.947	1	0:01:15.831073
1580	0	0.261	0	0:01:15.745179
1600	0	0.58	0	0:01:15.873492
1620	0	0.589	0	0:01:15.851692
1640	1	0.0213	1	0:01:15.903321
1660	1	0.627	1	0:01:16.025597
1680	0	0.219	0	0:01:15.832463
1700	0	0.742	0	0:01:15.868490
1720	0	0.61	0	0:01:15.868713
1740	1	0.947	1	0:01:16.099080
1760	1	0.142	1	0:01:15.821728
1780	1	0.153	1	0:01:15.908024
1800	0	0.847	0	0:01:15.686329
1820	1	0.383	1	0:01:15.769556
1840	0	0.787	0	0:01:15.892105
1860	1	0.947	1	0:01:16.088726
1880	1	0.947	1	0:01:16.036185
1900	1	0.947	1	0:01:15.939202
1920	1	0.947	1	0:01:16.037163
1940	1	0.894	1	0:01:16.106937
1960	1	0.378	1	0:01:15.935194
1980	1	0.947	1	0:01:15.818654
2000	1	0.563	1	0:01:15.701021
2020	1	0.947	1	0:01:15.854767
2040	1	0.947	1	0:01:16.036717
2060	0	0.375	0	0:01:15.868412
2080	1	0.61	1	0:01:16.116608
2100	0	0.145	0	0:01:16.103297
2120	0	0.122	0	0:01:15.832050
2140	1	0.947	1	0:01:15.693871
2160	1	0.789	1	0:01:15.803327
2180	0	0.693	0	0:01:15.698132
2200	1	0.947	1	0:01:15.922469
2220	1	0.947	1	0:01:15.697984
2240	1	0.32	1	0:01:15.784526
2260	0	0.947	0	0:01:15.789582
2280	0	0.947	0	0:01:15.807325
2300	0	0.947	0	0:01:15.849349
2320	0	0.7	0	0:01:15.920583
2340	1	0.947	1	0:01:15.838552
2360	0	0.14	0	0:01:15.840425
2380	1	0.227	1	0:01:15.758040
2400	1	0.947	1	0:01:15.996042
2420	0	0.496	0	0:01:15.765901
2440	0	0.02	0	0:01:15.879550
2460	0	0.614	0	0:01:15.940842
2480	1	0.645	1	0:01:16.020066
2500	0	0.947	0	0:01:15.912142
2520	0	0.508	0	0:01:15.944192
2540	0	0.909	0	0:01:15.791415
2560	0	0.532	0	0:01:16.055589
2580	1	0.87	1	0:01:15.942653
2600	1	0.947	1	0:01:15.867910
2620	1	0.474	1	0:01:15.975306
2640	1	0.947	1	0:01:16.004178
2660	0	0.909	0	0:01:16.070886
2680	1	0.947	1	0:01:15.796802
2700	1	0.781	1	0:01:15.755101
2720	0	0.278	0	0:01:15.969755
2740	1	0.376	1	0:01:16.040446
2760	1	0.293	1	0:01:15.822150
2780	1	0.947	1	0:01:15.761615
2800	0	0.696	0	0:01:15.911751
2820	1	0.802	1	0:01:15.944530
2840	1	0.947	1	0:01:15.917324
2860	0	0.947	0	0:01:15.968339
2880	1	0.579	1	0:01:16.007140
2900	1	0.187	1	0:01:15.871885
2920	0	0.804	0	0:01:15.763037
2940	1	0.025	1	0:01:15.829727
2960	0	0.164	0	0:01:15.931539
2980	1	0.947	1	0:01:16.058068
3000	1	0.947	1	0:01:15.832389
3020	1	0.819	1	0:01:15.862576
3040	1	0.947	1	0:01:15.835053
3060	1	0.93	1	0:01:15.957187
3080	1	0.593	1	0:01:15.981377
3100	1	0.909	1	0:01:15.808525
3120	0	0.947	0	0:01:15.864137
3140	1	0.947	1	0:01:16.029201
3160	0	0.552	0	0:01:15.921601
3180	0	0.947	0	0:01:15.974698
3200	1	0.814	1	0:01:15.842001
3220	0	0.456	0	0:01:15.850171
3240	0	0.947	0	0:01:15.780052
3260	1	0.947	1	0:01:15.992309
3280	1	0.529	1	0:01:16.061994
3300	0	0.502	0	0:01:15.985343
3320	0	0.749	0	0:01:15.975195
3340	0	0.806	0	0:01:15.845446
3360	0	0.874	0	0:01:16.100444
3380	1	0.947	1	0:01:16.077814
3400	0	0.539	0	0:01:15.872444
3420	0	0.947	0	0:01:15.923317
3440	0	0.947	0	0:01:16.068026
3460	1	0.947	1	0:01:15.942469
3480	1	0.947	1	0:01:15.808339
3500	1	0.662	1	0:01:15.908201
3520	1	0.947	1	0:01:15.773807
3540	0	0.584	0	0:01:15.898169
3560	0	0.078	0	0:01:16.023398
3580	1	0.0482	1	0:01:16.322962
3600	0	0.404	0	0:01:16.114095
3620	0	0.378	0	0:01:15.999889
3640	0	0.947	0	0:01:15.923541
3660	1	0.947	1	0:01:15.841406
3680	0	0.947	0	0:01:16.034087
3700	1	0.947	1	0:01:16.008235
3720	1	0.918	1	0:01:15.942343
3740	1	0.947	1	0:01:15.732502
3760	1	0.947	1	0:01:15.743783
3780	0	0.947	0	0:01:15.735825
3800	0	0.214	0	0:01:15.806206
3820	0	0.358	0	0:01:15.927142
3840	0	0.83	0	0:01:15.786278
3860	1	0.947	1	0:01:15.808064
3880	0	0.947	0	0:01:15.755612
3900	1	0.947	1	0:01:15.870732
3920	0	0.817	0	0:01:15.759109
3940	0	0.947	0	0:01:15.841446
3960	1	0.657	1	0:01:15.789341
3980	0	0.947	0	0:01:15.808246
4000	0	0.801	0	0:01:15.849792
4020	1	0.389	1	0:01:15.833891
4040	1	0.947	1	0:01:15.714308
4060	1	0.0145	1	0:01:15.831539
4080	1	0.947	1	0:01:16.076842
4100	1	0.947	1	0:01:15.796130
4120	1	0.947	1	0:01:15.787898
4140	1	0.51	1	0:01:15.765167
4160	1	0.782	1	0:01:15.775311
4180	1	0.705	1	0:01:15.888465
4200	0	0.947	0	0:01:15.943554
4220	1	0.51	1	0:01:15.742950
4240	1	0.245	1	0:01:15.874975
4260	1	0.947	1	0:01:16.015559
4280	0	0.116	0	0:01:15.780548
4300	1	0.724	1	0:01:16.108647
4320	1	0.242	1	0:01:16.019970
4340	1	0.947	1	0:01:15.905130
4360	0	0.081	0	0:01:15.849720
4380	1	0.947	1	0:01:15.935052
4400	0	0.947	0	0:01:15.899079
4420	0	0.444	0	0:01:15.825244
4440	0	0.387	0	0:01:15.838327
4460	1	0.947	1	0:01:15.619838
4480	1	0.947	1	0:01:15.794920
4500	0	0.225	0	0:01:15.841115
4520	0	0.93	0	0:01:15.913252
4540	1	0.947	1	0:01:15.830871
4560	1	0.947	1	0:01:15.835561
4580	0	0.859	0	0:01:15.949122
4600	1	0.549	1	0:01:15.833389
4620	1	0.117	1	0:01:16.000829
4640	0	0.418	0	0:01:15.888511
4660	0	0.182	0	0:01:15.948144
4680	1	0.947	1	0:01:15.835050
4700	0	0.93	0	0:01:15.744319
4720	1	0.947	1	0:01:15.797424
4740	0	0.672	0	0:01:16.009333
4760	0	0.724	0	0:01:15.988866
4780	1	0.243	1	0:01:15.846850
4800	1	0.947	1	0:01:15.910830
4820	1	0.257	1	0:01:15.850332
4840	1	0.947	1	0:01:15.908236
4860	1	0.93	1	0:01:15.740272
4880	1	0.297	1	0:01:16.022616
4900	0	0.314	0	0:01:15.965976
4920	1	0.947	1	0:01:15.921800
4940	0	0.0781	0	0:01:15.819345
4960	0	0.761	0	0:01:15.858773
4980	1	0.75	1	0:01:15.843896
5000	1	0.947	1	0:01:16.010557
5020	1	0.947	1	0:01:15.829351
5040	1	0.947	1	0:01:15.852689
5060	0	0.93	0	0:01:15.829170
5080	1	0.947	1	0:01:15.866050
5100	1	0.725	1	0:01:15.939127
5120	1	0.901	1	0:01:16.028625
5140	1	0.947	1	0:01:15.895684
5160	1	0.804	1	0:01:15.787010
5180	0	0.947	0	0:01:15.748490
5200	1	0.947	1	0:01:15.961203
5220	1	0.308	1	0:01:15.919585
5240	1	0.791	1	0:01:15.857422
5260	1	0.947	1	0:01:15.864264
5280	0	0.216	0	0:01:15.982130
5300	1	0.609	1	0:01:15.915931
5320	1	0.947	1	0:01:15.866808
5340	0	0.352	0	0:01:15.990840
5360	1	0.947	1	0:01:16.207039
5380	1	0.947	1	0:01:15.884396
5400	1	0.947	1	0:01:15.872226
5420	1	0.844	1	0:01:15.859534
5440	1	0.947	1	0:01:15.785512
5460	1	0.947	1	0:01:15.865982
5480	1	0.743	1	0:01:15.853438
5500	1	0.811	1	0:01:15.927995
5520	0	0.166	0	0:01:15.702971
5540	0	0.947	0	0:01:15.920881
5560	0	0.859	0	0:01:15.919751
5580	0	0.792	0	0:01:15.821886
5600	0	0.947	0	0:01:15.715044
5620	0	0.782	0	0:01:15.863043
5640	0	0.346	0	0:01:15.887478
5660	1	0.613	1	0:01:15.839674
5680	0	0.0832	0	0:01:15.714245
5700	0	0.299	0	0:01:15.744512
5720	1	0.947	1	0:01:15.982842
5740	0	0.947	0	0:01:15.957872
5760	0	0.947	0	0:01:15.845196
5780	1	0.947	1	0:01:15.938643
5800	1	0.93	1	0:01:15.892523
5820	0	0.618	0	0:01:15.854451
5840	0	0.808	0	0:01:16.045800
5860	1	0.442	1	0:01:15.893045
5880	1	0.947	1	0:01:15.928124
5900	0	0.947	0	0:01:15.797439
5920	1	0.947	1	0:01:15.769329
5940	0	0.226	0	0:01:15.882380
5960	0	0.894	0	0:01:16.078021
5980	1	0.947	1	0:01:16.035339
6000	0	0.23	0	0:01:15.884367
6020	1	0.507	1	0:01:16.012588
6040	0	0.722	0	0:01:16.151613
6060	0	0.947	0	0:01:16.168935
6080	1	0.947	1	0:01:16.074691
6100	1	0.947	1	0:01:15.975846
6120	1	0.947	1	0:01:15.911239
6140	1	0.947	1	0:01:15.890094
6160	0	0.366	0	0:01:16.057629
6180	1	0.256	1	0:01:16.020642
6200	1	0.22	1	0:01:15.820266
6220	0	0.771	0	0:01:16.001352
6240	0	0.507	0	0:01:16.406249
6260	0	0.87	0	0:01:15.878544
6280	0	0.587	0	0:01:15.782065
6300	1	0.682	1	0:01:15.842041
6320	1	0.947	1	0:01:15.865076
6340	0	0.274	0	0:01:15.768034
6360	0	0.947	0	0:01:15.942044
6380	0	0.947	0	0:01:16.072274
6400	1	0.521	1	0:01:15.902101
6420	1	0.947	1	0:01:15.757700
6440	0	0.844	0	0:01:15.775507
6460	0	0.309	0	0:01:15.990507
6480	1	0.306	1	0:01:15.909642
6500	0	0.93	0	0:01:16.050594
6520	0	0.619	0	0:01:15.924896
6540	1	0.947	1	0:01:15.855158
6560	0	0.139	0	0:01:15.935762
6580	0	0.00956	-1	0:01:16.025919
6600	1	0.947	1	0:01:16.011550
6620	1	0.93	1	0:01:15.830359
6640	1	0.947	1	0:01:15.774611
6660	1	0.947	1	0:01:15.897283
6680	1	0.791	1	0:01:15.971580
6700	1	0.456	1	0:01:15.855702
6720	0	0.727	0	0:01:15.880736
6740	0	0.947	0	0:01:15.837145
6760	1	0.418	1	0:01:15.756008
6780	1	0.947	1	0:01:16.002162
6800	0	0.686	0	0:01:15.960616
6820	1	0.947	1	0:01:15.931831
6840	1	0.947	1	0:01:15.960400
6860	1	0.7	1	0:01:16.126170
6880	1	0.947	1	0:01:15.905544
6900	1	0.842	1	0:01:15.795912
6920	0	0.798	0	0:01:15.836669
6940	1	0.947	1	0:01:15.868767
6960	1	0.53	1	0:01:15.874114
6980	0	0.33	0	0:01:15.980730
7000	0	0.83	0	0:01:15.893908
7020	1	0.947	1	0:01:15.838118
7040	0	0.755	0	0:01:15.815491
7060	1	0.947	1	0:01:15.820299
7080	0	0.947	0	0:01:16.039095
7100	0	0.894	0	0:01:15.826410
7120	1	0.947	1	0:01:15.811403
7140	0	0.947	0	0:01:15.850358
7160	1	0.712	1	0:01:15.969883
7180	1	0.0817	1	0:01:15.955439
7200	0	0.947	0	0:01:15.880209
7220	1	0.947	1	0:01:15.911974
7240	0	0.599	0	0:01:16.125324
7260	1	0.947	1	0:01:16.116338
7280	0	0.0363	0	0:01:16.036494
7300	0	0.244	0	0:01:15.751934
7320	1	0.947	1	0:01:15.925341
7340	0	0.947	0	0:01:15.847390
7360	1	0.723	1	0:01:15.933887
7380	1	0.792	1	0:01:15.866927
7400	1	0.349	1	0:01:15.811968
7420	0	0.543	0	0:01:16.011410
7440	0	0.806	0	0:01:15.892975
7460	1	0.947	1	0:01:15.986729
7480	1	0.363	1	0:01:16.041375
7500	1	0.947	1	0:01:15.919581
7520	0	0.947	0	0:01:15.844854
7540	1	0.947	1	0:01:15.841868
7560	1	0.727	1	0:01:15.822371
7580	1	0.707	1	0:01:16.036376
7600	0	0.608	0	0:01:16.135437
7620	1	0.319	1	0:01:16.121987
7640	1	0.55	1	0:01:16.161361
7660	0	0.663	0	0:01:16.107550
7680	0	0.391	0	0:01:16.038150
7700	1	0.35	1	0:01:16.221606
7720	0	0.337	0	0:01:15.973490
7740	0	0.947	0	0:01:15.797017
7760	0	0.36	0	0:01:15.975745
7780	0	0.197	0	0:01:15.787720
7800	1	0.473	1	0:01:15.829318
7820	0	0.466	0	0:01:15.888894
7840	1	0.947	1	0:01:15.913827
7860	1	0.76	1	0:01:15.824224
7880	1	0.947	1	0:01:15.797240
7900	0	0.244	0	0:01:15.909269
7920	1	0.366	1	0:01:16.037008
7940	0	0.947	0	0:01:15.904748
7960	1	0.362	1	0:01:15.988139
7980	0	0.918	0	0:01:15.773065
8000	1	0.947	1	0:01:15.871358
8020	0	0.544	0	0:01:15.929803
8040	1	0.565	1	0:01:15.852473
8060	0	0.566	0	0:01:15.867466
8080	0	0.947	0	0:01:15.918227
8100	1	0.488	1	0:01:15.895328
8120	1	0.787	1	0:01:15.835100
8140	0	0.947	0	0:01:15.835279
8160	1	0.947	1	0:01:15.906715
8180	0	0.947	0	0:01:15.841869
8200	0	0.451	0	0:01:15.918827
8220	0	0.947	0	0:01:16.094112
8240	1	0.947	1	0:01:16.028332
8260	1	0.947	1	0:01:15.942324
8280	0	0.947	0	0:01:15.999815
8300	0	0.901	0	0:01:15.909868
8320	0	0.502	0	0:01:16.060994
8340	1	0.289	1	0:01:15.897880
8360	1	0.947	1	0:01:15.901359
8380	1	0.947	1	0:01:16.002886
8400	1	0.0391	1	0:01:15.920495
8420	0	0.823	0	0:01:15.895729
8440	0	0.678	0	0:01:15.836103
8460	1	0.883	1	0:01:16.006331
8480	0	0.947	0	0:01:15.923485
8500	0	0.163	0	0:01:15.865201
8520	1	0.947	1	0:01:15.992298
8540	0	0.947	0	0:01:15.934301
8560	1	0.947	1	0:01:15.830863
8580	1	0.859	1	0:01:15.860388
8600	0	0.042	0	0:01:15.923186
8620	0	0.947	0	0:01:15.821959
8640	1	0.947	1	0:01:15.852376
8660	1	0.947	1	0:01:15.984324
8680	0	0.947	0	0:01:15.878122
8700	0	0.161	0	0:01:15.933732
8720	1	0.947	1	0:01:15.984807
8740	0	0.819	0	0:01:16.134545
8760	1	0.947	1	0:01:16.059391
8780	0	0.883	0	0:01:15.914496
8800	1	0.947	1	0:01:15.906714
8820	1	0.947	1	0:01:15.845816
8840	0	0.263	0	0:01:15.852738
8860	1	0.947	1	0:01:15.984549
8880	1	0.947	1	0:01:15.921243
8900	1	0.191	1	0:01:16.115433
8920	0	0.336	0	0:01:15.922488
8940	1	0.832	1	0:01:15.791823
8960	1	0.151	1	0:01:15.724154
8980	1	0.947	1	0:01:15.872422
9000	1	0.947	1	0:01:15.926688
9020	1	0.947	1	0:01:15.908602
9040	1	0.93	1	0:01:15.866548
9060	1	0.531	1	0:01:16.142330
9080	0	0.496	0	0:01:16.197879
9100	1	0.253	1	0:01:16.009788
9120	0	0.353	0	0:01:15.894158
9140	1	0.0496	1	0:01:15.916147
9160	1	0.0457	1	0:01:15.969773
9180	1	0.947	1	0:01:15.851641
9200	1	0.947	1	0:01:16.108223
9220	1	0.947	1	0:01:15.935982
9240	1	0.743	1	0:01:15.949031
9260	0	0.101	0	0:01:15.870595
9280	1	0.589	1	0:01:16.047307
9300	0	0.146	0	0:01:16.153702
9320	1	0.947	1	0:01:15.993574
9340	1	0.947	1	0:01:15.908119
9360	1	0.716	1	0:01:15.911189
9380	1	0.394	1	0:01:15.906145
9400	1	0.156	1	0:01:15.834710
9420	1	0.477	1	0:01:15.911009
9440	1	0.947	1	0:01:16.033216
9460	0	0.732	0	0:01:15.875450
9480	0	0.883	0	0:01:15.882449
9500	1	0.918	1	0:01:16.144798
9520	1	0.947	1	0:01:16.120101
9540	1	0.758	1	0:01:16.015499
9560	0	0.443	0	0:01:15.986405
9580	1	0.947	1	0:01:15.892702
9600	1	0.947	1	0:01:16.064378
9620	1	0.817	1	0:01:15.998571
9640	1	0.888	1	0:01:15.907866
9660	1	0.947	1	0:01:15.937074
9680	1	0.947	1	0:01:15.639809
9700	1	0.121	1	0:01:15.548024
9720	0	0.49	0	0:01:15.564746
9740	0	0.947	0	0:01:15.492307
9760	1	0.178	1	0:01:15.516825
9780	0	0.947	0	0:01:15.560303
9800	1	0.947	1	0:01:15.534129
9820	0	0.277	0	0:01:15.469021
9840	0	0.336	0	0:01:15.483625
9860	0	0.93	0	0:01:15.596327
9880	0	0.0742	0	0:01:15.019390
9900	1	0.947	1	0:01:14.352329
9920	1	0.518	1	0:01:14.397563
9940	1	0.11	1	0:01:14.441226
9960	1	0.947	1	0:01:14.264058
9980	1	0.947	1	0:01:14.207924
