idx	mean	std	min	25 percentile	50 percentile	75 percentile	max
0	0.5013	0.05213	0.3738	0.4646	0.4957	0.5345	0.7503
20	0.6234	0.1017	0.2092	0.5607	0.6336	0.6967	0.8471
40	0.01613	0.008423	0.003154	0.01017	0.01411	0.0202	0.08783
60	0.1615	0.035	0.05658	0.1375	0.16	0.1852	0.2716
80	0.247	0.03466	0.1334	0.2233	0.2456	0.2699	0.373
100	0.7438	0.02228	0.6506	0.7291	0.7445	0.7589	0.8063
120	0.3774	0.05486	0.1911	0.3405	0.3779	0.4148	0.545
140	0.5818	0.05024	0.3761	0.5517	0.5871	0.617	0.7115
160	0.1794	0.04738	0.07786	0.1458	0.1724	0.2043	0.4482
180	0.07271	0.02814	0.01792	0.05324	0.06795	0.08803	0.205
200	0.4729	0.03693	0.3526	0.4479	0.473	0.4984	0.5934
220	0.3755	0.06228	0.1741	0.3359	0.379	0.4224	0.519
240	0.0002812	0.0001871	2.905e-05	0.0001578	0.0002382	0.0003506	0.001828
260	0.4543	0.1057	0.1177	0.3808	0.4596	0.5305	0.6636
280	0.1328	0.05034	0.03822	0.09667	0.1253	0.1578	0.3473
300	0.2377	0.06199	0.08508	0.195	0.2327	0.2758	0.457
320	0.5919	0.03087	0.4909	0.5712	0.5942	0.614	0.6794
340	0.6968	0.02111	0.6238	0.6838	0.6974	0.7103	0.7735
360	0.269	0.1216	0.04044	0.1765	0.2531	0.3409	0.7081
380	0.6143	0.0467	0.4826	0.5825	0.6148	0.6473	0.7512
400	0.04685	0.02361	0.008155	0.03115	0.04175	0.05596	0.1998
420	0.6227	0.0324	0.4837	0.6019	0.6261	0.6462	0.7081
440	0.04595	0.02927	0.004939	0.02489	0.03929	0.05876	0.218
460	0.0714	0.03209	0.01694	0.04703	0.06443	0.08895	0.207
480	0.3955	0.06994	0.1303	0.3583	0.4026	0.4466	0.528
500	0.6682	0.0363	0.5446	0.6458	0.6703	0.6942	0.774
520	0.3264	0.05681	0.1613	0.2876	0.324	0.368	0.4797
540	0.02458	0.01345	0.00361	0.01548	0.02143	0.03066	0.09007
560	0.01186	0.005308	0.002819	0.008021	0.011	0.01437	0.04293
580	0.5985	0.02525	0.5115	0.5814	0.599	0.6156	0.677
600	0.2049	0.08764	0.04605	0.1396	0.1893	0.2521	0.6456
620	0.3092	0.1045	0.09001	0.2316	0.299	0.377	0.6475
640	0.5483	0.03244	0.458	0.527	0.5471	0.571	0.6588
660	0.1748	0.06286	0.04447	0.1305	0.1663	0.2066	0.426
680	0.7337	0.07981	0.4379	0.6808	0.7449	0.794	0.8919
700	0.05257	0.04004	0.00505	0.02562	0.04206	0.06568	0.3381
720	0.6192	0.1193	0.2085	0.5482	0.6297	0.706	0.884
740	0.4246	0.04074	0.3176	0.3949	0.4206	0.4508	0.5634
760	0.26	0.04766	0.1606	0.2263	0.2534	0.2875	0.4669
780	0.2972	0.0204	0.1838	0.29	0.3028	0.3088	0.383
800	0.006636	0.003418	0.00152	0.004189	0.005913	0.008205	0.02791
820	0.7755	0.0449	0.5106	0.7565	0.7877	0.8055	0.8421
840	0.005156	0.002773	0.000886	0.00325	0.004546	0.006284	0.0197
860	0.5898	0.03191	0.4895	0.5678	0.5895	0.6128	0.6927
880	0.1523	0.02676	0.08016	0.1339	0.1522	0.171	0.2383
900	0.6428	0.01792	0.5479	0.6308	0.6433	0.6544	0.6911
920	0.6624	0.028	0.553	0.6443	0.6637	0.682	0.7476
940	0.01293	0.007097	0.002641	0.007993	0.01137	0.01583	0.06928
960	0.6564	0.0724	0.3846	0.6127	0.6625	0.7104	0.8173
980	0.619	0.01699	0.5558	0.608	0.6197	0.6302	0.6683
1000	0.1792	0.05208	0.05427	0.142	0.1727	0.2103	0.3629
1020	0.006002	0.0038	0.0008895	0.003485	0.005094	0.007455	0.04189
1040	0.4273	0.0362	0.311	0.4033	0.4291	0.4519	0.5337
1060	0.01321	0.009711	0.0009595	0.006314	0.01057	0.01707	0.06948
1080	0.3744	0.07535	0.1564	0.3224	0.3683	0.4219	0.6083
1100	0.4246	0.1193	0.05317	0.3531	0.4566	0.516	0.6606
1120	0.4824	0.05089	0.316	0.4479	0.4822	0.516	0.66
1140	0.652	0.02573	0.5674	0.635	0.6501	0.6673	0.7629
1160	0.2059	0.0821	0.02744	0.1467	0.2002	0.26	0.4979
1180	0.3461	0.05467	0.1667	0.3071	0.3448	0.3834	0.4907
1200	0.04351	0.02931	0.004447	0.02461	0.03672	0.05406	0.3344
1220	0.748	0.04189	0.646	0.7188	0.746	0.7755	0.9115
1240	0.4752	0.04174	0.3145	0.4462	0.4717	0.5024	0.6251
1260	0.2795	0.02759	0.12	0.2694	0.29	0.299	0.3061
1280	0.395	0.05741	0.2552	0.3511	0.3884	0.4316	0.5965
1300	0.6392	0.05181	0.4461	0.6056	0.6416	0.6716	0.8138
1320	0.2867	0.1013	0.06468	0.206	0.2798	0.3605	0.5558
1340	0.0003173	0.0001905	5.42e-05	0.0001905	0.0002741	0.0003946	0.002165
1360	0.1023	0.04514	0.02303	0.0691	0.09305	0.1297	0.374
1380	0.6387	0.03998	0.4735	0.6151	0.641	0.6644	0.7833
1400	0.5987	0.03489	0.4602	0.5755	0.6005	0.6229	0.694
1420	0.4539	0.04953	0.3006	0.423	0.4531	0.4822	0.6688
1440	0.4851	0.06469	0.2079	0.4431	0.4877	0.5313	0.6733
1460	0.4203	0.05433	0.2374	0.3854	0.4225	0.4553	0.5985
1480	0.1545	0.08457	0.02515	0.09449	0.1339	0.1916	0.5626
1500	0.002759	0.003259	0.0001131	0.0012	0.001973	0.003285	0.06652
1520	0.09243	0.04751	0.008475	0.05944	0.08227	0.1156	0.4091
1540	0.01511	0.007785	0.001967	0.009506	0.01342	0.0189	0.05163
1560	0.0004377	0.0002614	6.938e-05	0.0002583	0.0003656	0.0005345	0.002182
1580	0.6046	0.1158	0.1226	0.5462	0.6488	0.6887	0.7678
1600	0.7023	0.09667	0.2903	0.6342	0.7046	0.7692	0.9425
1620	0.6223	0.06528	0.3971	0.5793	0.6211	0.6706	0.781
1640	0.4541	0.06948	0.2459	0.4056	0.4515	0.5013	0.6421
1660	0.3435	0.04412	0.2202	0.3136	0.3436	0.3713	0.4832
1680	0.4939	0.03787	0.3568	0.4708	0.4964	0.5205	0.6059
1700	0.6242	0.04089	0.4339	0.6005	0.6307	0.654	0.7045
1720	0.578	0.03531	0.3972	0.5559	0.5811	0.6018	0.6638
1740	0.2727	0.03928	0.086	0.2555	0.2879	0.3005	0.3454
1760	0.4125	0.08326	0.1023	0.3596	0.4148	0.4653	0.6665
1780	0.3779	0.1267	0.07204	0.2803	0.3658	0.4727	0.7544
1800	0.6847	0.04073	0.528	0.6579	0.6851	0.7106	0.8242
1820	0.3627	0.07137	0.127	0.321	0.3753	0.4123	0.5366
1840	0.8075	0.07415	0.4788	0.7688	0.8209	0.8597	0.9579
1860	0.08145	0.03679	0.01898	0.05556	0.07487	0.09886	0.2743
1880	0.0008412	0.0007403	0.0001137	0.0004268	0.0006314	0.00101	0.01171
1900	0.0123	0.008963	0.001168	0.006433	0.01012	0.01551	0.09186
1920	0.05357	0.0222	0.01201	0.03758	0.05021	0.06541	0.1697
1940	0.2601	0.04141	0.1465	0.2314	0.2577	0.2883	0.4054
1960	0.3977	0.03906	0.2082	0.3725	0.397	0.4206	0.5234
1980	0.004954	0.003626	0.0005911	0.002587	0.004027	0.006072	0.02859
2000	0.204	0.0849	0.03361	0.1408	0.1927	0.2558	0.6107
2020	0.01111	0.009662	0.0007274	0.004867	0.008488	0.01408	0.09497
2040	0.1181	0.03968	0.028	0.08975	0.1142	0.1428	0.2736
2060	0.5044	0.02947	0.4174	0.4826	0.5034	0.5241	0.6077
2080	0.2636	0.07462	0.08445	0.2069	0.2634	0.3133	0.4874
2100	0.494	0.06465	0.2592	0.455	0.503	0.5421	0.6511
2120	0.5104	0.1057	0.1512	0.4361	0.5161	0.5935	0.7638
2140	0.00677	0.01057	0.0002483	0.00179	0.003933	0.007518	0.1559
2160	0.3185	0.03227	0.1758	0.301	0.3134	0.3328	0.4599
2180	0.5798	0.03919	0.4613	0.5534	0.5824	0.6083	0.6829
2200	0.2558	0.02484	0.1947	0.2392	0.2538	0.2696	0.3636
2220	0.00368	0.002592	0.000502	0.002006	0.003061	0.004524	0.03404
2240	0.3811	0.0611	0.1576	0.3426	0.3832	0.4218	0.5514
2260	0.7523	0.02607	0.6328	0.7361	0.7521	0.7708	0.865
2280	0.7896	0.02836	0.6691	0.7738	0.7912	0.8079	0.8755
2300	0.7648	0.02711	0.6714	0.7459	0.7639	0.7815	0.847
2320	0.6024	0.04239	0.4482	0.5767	0.6036	0.6308	0.7306
2340	0.04795	0.01926	0.01326	0.03373	0.04555	0.05846	0.1339
2360	0.5013	0.08369	0.1942	0.4544	0.5165	0.5627	0.6657
2380	0.3986	0.06606	0.1841	0.3547	0.402	0.4489	0.5409
2400	0.002522	0.001196	0.0006719	0.001762	0.002214	0.002985	0.01023
2420	0.7372	0.1109	0.2958	0.6726	0.7629	0.8226	0.9358
2440	0.4743	0.1394	0.1364	0.3721	0.473	0.571	0.8663
2460	0.6996	0.08512	0.3268	0.6471	0.7071	0.7627	0.9186
2480	0.2267	0.07011	0.06253	0.1781	0.219	0.2667	0.5854
2500	0.6216	0.01396	0.5765	0.612	0.6212	0.6299	0.6754
2520	0.6149	0.0631	0.3138	0.5785	0.6189	0.6553	0.7629
2540	0.6143	0.03713	0.4896	0.5903	0.6136	0.6418	0.7206
2560	0.6681	0.08491	0.3552	0.6182	0.6791	0.7273	0.8824
2580	0.1717	0.06422	0.0263	0.1268	0.1617	0.2125	0.4454
2600	0.1054	0.02949	0.02936	0.08492	0.1023	0.1233	0.2246
2620	0.2065	0.1043	0.02639	0.1301	0.1886	0.2664	0.6912
2640	0.1374	0.04671	0.0473	0.1023	0.1304	0.1634	0.3308
2660	0.6101	0.01866	0.505	0.6005	0.6108	0.6216	0.6775
2680	0.004753	0.002346	0.0008888	0.003152	0.004163	0.005823	0.01836
2700	0.208	0.07245	0.03194	0.1532	0.203	0.2607	0.4321
2720	0.5455	0.07173	0.2556	0.4995	0.5483	0.5954	0.7544
2740	0.2357	0.1228	0.03779	0.1405	0.2144	0.3073	0.7209
2760	0.3877	0.061	0.1999	0.3485	0.3879	0.4305	0.6023
2780	0.02907	0.01528	0.005513	0.01817	0.02596	0.03667	0.1391
2800	0.6144	0.03699	0.4514	0.5939	0.6168	0.6394	0.718
2820	0.2335	0.05426	0.06619	0.1953	0.2303	0.2714	0.4033
2840	0.1209	0.01404	0.08595	0.1109	0.1203	0.1301	0.1672
2860	0.7828	0.02664	0.7008	0.7642	0.7836	0.8023	0.8521
2880	0.3946	0.02706	0.3199	0.3758	0.3945	0.4131	0.4707
2900	0.4289	0.04092	0.3189	0.4015	0.4281	0.4564	0.5601
2920	0.7145	0.05191	0.4661	0.683	0.7226	0.7545	0.827
2940	0.4168	0.1071	0.08192	0.3447	0.4343	0.5081	0.6146
2960	0.5191	0.08574	0.2382	0.4624	0.5279	0.5842	0.7119
2980	0.04457	0.03094	0.003807	0.02381	0.03585	0.05494	0.2345
3000	0.2077	0.02917	0.1278	0.1878	0.2058	0.227	0.3049
3020	0.1121	0.05925	0.01565	0.07002	0.09793	0.1425	0.4417
3040	0.001179	0.000566	0.0002105	0.0007729	0.001049	0.001455	0.003821
3060	0.1244	0.04697	0.03362	0.09008	0.1176	0.1483	0.3528
3080	0.2162	0.07977	0.05665	0.1591	0.2047	0.2655	0.5209
3100	0.2912	0.02581	0.2244	0.2734	0.2901	0.3079	0.4172
3120	0.6688	0.0235	0.5873	0.6533	0.667	0.6849	0.7487
3140	0.1997	0.04341	0.07258	0.1707	0.1992	0.2279	0.4241
3160	0.5781	0.0401	0.3981	0.5564	0.5858	0.6059	0.6689
3180	0.7479	0.04094	0.6068	0.7241	0.7517	0.7769	0.8663
3200	0.2819	0.05312	0.144	0.2421	0.2787	0.3168	0.4883
3220	0.5836	0.05346	0.3127	0.5548	0.5897	0.6203	0.6981
3240	0.8361	0.04045	0.5544	0.8109	0.839	0.8664	0.9285
3260	0.04924	0.02387	0.01226	0.03212	0.04423	0.06063	0.1957
3280	0.3793	0.03094	0.2929	0.3567	0.3759	0.3984	0.5118
3300	0.6427	0.06606	0.3407	0.6081	0.6595	0.6909	0.7563
3320	0.7086	0.06073	0.3847	0.6715	0.715	0.7539	0.8232
3340	0.6449	0.04194	0.4645	0.62	0.6497	0.6738	0.745
3360	0.6424	0.03397	0.5013	0.6243	0.6484	0.6652	0.7384
3380	0.007087	0.004719	0.001064	0.004017	0.005822	0.008479	0.04553
3400	0.7121	0.1034	0.2593	0.6477	0.7251	0.7907	0.9165
3420	0.657	0.04464	0.5202	0.6261	0.657	0.6853	0.7773
3440	0.7601	0.02819	0.657	0.7426	0.7604	0.7801	0.8354
3460	0.004787	0.004789	0.0003538	0.001818	0.003386	0.005841	0.03893
3480	0.1569	0.0221	0.09387	0.1415	0.1566	0.1712	0.2268
3500	0.2155	0.07744	0.02509	0.1573	0.21	0.2679	0.5335
3520	0.0002605	0.0002157	2.511e-05	0.0001207	0.0001974	0.0003261	0.001696
3540	0.5691	0.04299	0.3757	0.5418	0.5693	0.5976	0.7096
3560	0.4782	0.07656	0.1697	0.4353	0.4866	0.5275	0.7405
3580	0.4491	0.08513	0.2198	0.386	0.4375	0.5033	0.7494
3600	0.5894	0.07679	0.2556	0.5447	0.6003	0.6435	0.7749
3620	0.6502	0.09642	0.1757	0.6132	0.6797	0.7129	0.8004
3640	0.6338	0.01706	0.5762	0.6221	0.6333	0.6452	0.6898
3660	0.2543	0.04015	0.09379	0.2316	0.2612	0.2847	0.3529
3680	0.7153	0.04479	0.5307	0.6869	0.7187	0.748	0.8294
3700	0.3161	0.01717	0.2604	0.3053	0.3152	0.3261	0.3802
3720	0.1909	0.0547	0.0499	0.1523	0.1875	0.2246	0.3734
3740	0.01308	0.007474	0.00187	0.007836	0.01117	0.01642	0.06075
3760	0.03509	0.02137	0.003904	0.01958	0.02986	0.04431	0.1547
3780	0.6978	0.01683	0.6431	0.6864	0.6971	0.7098	0.7525
3800	0.5583	0.1067	0.1756	0.4823	0.5574	0.6295	0.8917
3820	0.5512	0.06248	0.3647	0.5066	0.5509	0.5957	0.7313
3840	0.5864	0.03005	0.4723	0.567	0.5869	0.6075	0.6802
3860	0.006013	0.00447	0.0007121	0.003266	0.004708	0.007275	0.04519
3880	0.6843	0.02964	0.5889	0.6675	0.6866	0.7042	0.7766
3900	0.3649	0.02281	0.2788	0.3529	0.3667	0.38	0.4286
3920	0.8019	0.06196	0.5118	0.7697	0.812	0.8449	0.9228
3940	0.7721	0.03973	0.5999	0.7494	0.7768	0.7998	0.887
3960	0.3532	0.04962	0.1749	0.3218	0.3573	0.3893	0.4726
3980	0.8228	0.03583	0.6901	0.8006	0.8263	0.8482	0.9019
4000	0.7925	0.0647	0.5583	0.7519	0.8036	0.8416	0.9112
4020	0.336	0.07775	0.1235	0.2817	0.3347	0.3845	0.6076
4040	0.0009285	0.0005123	0.0001598	0.0005722	0.000813	0.001145	0.003642
4060	0.444	0.04937	0.2474	0.4166	0.456	0.4825	0.5275
4080	0.02357	0.01491	0.003565	0.01303	0.02005	0.02951	0.1528
4100	0.03659	0.01042	0.01432	0.02946	0.03492	0.04307	0.08247
4120	0.0383	0.02073	0.007267	0.02444	0.03299	0.04684	0.1778
4140	0.3936	0.03565	0.2817	0.3685	0.3939	0.42	0.4785
4160	0.2094	0.06525	0.04441	0.1627	0.205	0.2529	0.4225
4180	0.3055	0.05272	0.132	0.273	0.31	0.3409	0.5311
4200	0.6158	0.02696	0.5443	0.597	0.6161	0.6359	0.707
4220	0.3614	0.04501	0.2464	0.33	0.3596	0.3907	0.492
4240	0.3512	0.1069	0.06677	0.2709	0.3489	0.4287	0.641
4260	0.07525	0.03958	0.01021	0.04611	0.06749	0.09794	0.2709
4280	0.4836	0.06965	0.1907	0.4493	0.4967	0.5318	0.6067
4300	0.2964	0.04851	0.1446	0.2615	0.2948	0.3275	0.4587
4320	0.3462	0.1061	0.06352	0.2701	0.3534	0.4265	0.5905
4340	0.0881	0.04211	0.00687	0.05721	0.08284	0.1143	0.2313
4360	0.4723	0.0481	0.3076	0.4431	0.477	0.5052	0.5935
4380	0.04914	0.02765	0.01172	0.02951	0.042	0.06122	0.2357
4400	0.7888	0.02417	0.6805	0.7737	0.7899	0.8045	0.8815
4420	0.6178	0.08378	0.3073	0.569	0.6171	0.6713	0.8785
4440	0.626	0.08356	0.1934	0.5997	0.6484	0.6816	0.7545
4460	0.008062	0.008338	0.0004789	0.003181	0.005316	0.009891	0.06608
4480	0.004714	0.004176	0.0004473	0.002239	0.003583	0.005704	0.04245
4500	0.4892	0.03042	0.3692	0.469	0.4905	0.5095	0.5981
4520	0.6669	0.03749	0.5265	0.6427	0.6689	0.695	0.7956
4540	0.1166	0.0482	0.01932	0.0812	0.1069	0.1424	0.3765
4560	0.01933	0.01494	0.001267	0.00941	0.01505	0.02448	0.1089
4580	0.5644	0.02955	0.4858	0.5433	0.5617	0.5833	0.6784
4600	0.2436	0.09368	0.036	0.171	0.237	0.3104	0.5205
4620	0.4458	0.02879	0.3366	0.4297	0.4473	0.4642	0.5445
4640	0.5466	0.04654	0.3181	0.5206	0.5525	0.5779	0.6731
4660	0.5562	0.1315	0.1617	0.4628	0.5704	0.6633	0.8285
4680	0.1309	0.06593	0.01137	0.0782	0.1258	0.1751	0.3019
4700	0.8065	0.05329	0.4892	0.7753	0.8131	0.8436	0.9261
4720	0.2801	0.02695	0.1207	0.2688	0.2889	0.3009	0.312
4740	0.6194	0.04107	0.4653	0.5972	0.6257	0.65	0.708
4760	0.6396	0.04625	0.43	0.6151	0.6474	0.6728	0.7432
4780	0.3756	0.08521	0.1516	0.3145	0.3699	0.4378	0.6119
4800	0.0003214	0.0001823	5.732e-05	0.0001899	0.00027	0.0004107	0.00109
4820	0.4245	0.03299	0.3462	0.4018	0.4217	0.4448	0.5326
4840	0.004529	0.002781	0.0008069	0.00264	0.0038	0.005538	0.0218
4860	0.2328	0.04098	0.117	0.2045	0.2313	0.2591	0.3748
4880	0.291	0.1295	0.03763	0.1903	0.2775	0.3782	0.659
4900	0.5104	0.03994	0.3011	0.4912	0.5173	0.5353	0.6506
4920	0.05604	0.03182	0.009199	0.03346	0.04782	0.07039	0.2951
4940	0.478	0.07481	0.1725	0.4287	0.4851	0.534	0.6453
4960	0.6303	0.03788	0.4819	0.6088	0.636	0.6576	0.7103
4980	0.2248	0.06075	0.0932	0.1828	0.2195	0.2628	0.5347
5000	0.004601	0.001678	0.001071	0.003396	0.004364	0.005486	0.0126
5020	0.1156	0.04104	0.03084	0.08631	0.109	0.1388	0.3211
5040	0.2186	0.04169	0.1212	0.1892	0.2132	0.2432	0.4204
5060	0.6615	0.04149	0.4948	0.6344	0.6628	0.6894	0.7844
5080	0.1517	0.05505	0.03768	0.1105	0.145	0.1875	0.318
5100	0.2638	0.05198	0.1386	0.2282	0.2581	0.2964	0.4548
5120	0.1513	0.0707	0.02447	0.09771	0.1386	0.1957	0.3725
5140	0.1404	0.03357	0.06328	0.1153	0.1382	0.1636	0.258
5160	0.236	0.06606	0.05461	0.191	0.2347	0.2801	0.4549
5180	0.8454	0.06235	0.5608	0.8101	0.8578	0.8934	0.9514
5200	0.1546	0.02215	0.095	0.1385	0.1538	0.1691	0.2462
5220	0.3119	0.1078	0.07852	0.2269	0.3048	0.3884	0.6397
5240	0.1392	0.06266	0.03112	0.09226	0.129	0.1782	0.4568
5260	0.05719	0.01739	0.01894	0.0444	0.05569	0.06774	0.1277
5280	0.5439	0.09906	0.1754	0.4818	0.5596	0.6168	0.716
5300	0.1936	0.08599	0.0259	0.1291	0.1837	0.2455	0.5638
5320	0.004516	0.003205	0.0005305	0.00241	0.003783	0.005634	0.03203
5340	0.5602	0.05922	0.3387	0.5277	0.5715	0.6027	0.6982
5360	0.004211	0.002776	0.0005714	0.002317	0.003538	0.005195	0.02463
5380	0.1658	0.05732	0.04553	0.1233	0.1615	0.2086	0.3081
5400	0.0674	0.03966	0.006982	0.03998	0.05694	0.08521	0.2915
5420	0.2873	0.0497	0.1565	0.2527	0.2862	0.3193	0.434
5440	0.0001054	7.591e-05	8.737e-06	5.222e-05	8.676e-05	0.0001361	0.0006903
5460	0.008168	0.006002	0.0008583	0.004211	0.006398	0.01022	0.05828
5480	0.1179	0.06004	0.01457	0.07494	0.105	0.1476	0.4169
5500	0.1802	0.06276	0.06582	0.1347	0.1696	0.2172	0.4971
5520	0.4908	0.06582	0.2184	0.4619	0.5024	0.5336	0.6377
5540	0.7278	0.02185	0.6257	0.7165	0.7284	0.7408	0.8099
5560	0.5547	0.01951	0.4796	0.5413	0.5559	0.5685	0.6141
5580	0.5274	0.01597	0.4799	0.5166	0.5265	0.5379	0.5819
5600	0.8265	0.05627	0.5899	0.7904	0.8308	0.8683	0.9562
5620	0.6218	0.02651	0.4902	0.6073	0.6251	0.6408	0.6778
5640	0.5545	0.05863	0.2937	0.5206	0.5625	0.594	0.7018
5660	0.3158	0.05506	0.1558	0.2749	0.3152	0.3523	0.4956
5680	0.4714	0.06096	0.1927	0.4366	0.4794	0.5129	0.6199
5700	0.5412	0.06358	0.3404	0.5001	0.5424	0.5862	0.7428
5720	0.01359	0.007605	0.001856	0.0086	0.01164	0.01654	0.06471
5740	0.5838	0.01738	0.5393	0.5726	0.5819	0.5943	0.6529
5760	0.6934	0.02899	0.5945	0.6746	0.6949	0.7126	0.7835
5780	0.04361	0.02471	0.006975	0.02586	0.03765	0.05571	0.1686
5800	0.1662	0.04481	0.04616	0.1341	0.1633	0.1948	0.391
5820	0.5957	0.05114	0.4313	0.5615	0.5947	0.6324	0.736
5840	0.7069	0.04286	0.4734	0.6815	0.7114	0.7374	0.8079
5860	0.3211	0.08195	0.06404	0.261	0.3281	0.3791	0.5313
5880	0.02352	0.01348	0.003937	0.01378	0.02005	0.03027	0.09136
5900	0.7854	0.01989	0.6633	0.7769	0.7876	0.7984	0.8435
5920	0.0006213	0.0004469	8.925e-05	0.0003246	0.0005006	0.0007642	0.003383
5940	0.5715	0.1221	0.1794	0.4866	0.579	0.6669	0.8026
5960	0.6625	0.04222	0.4831	0.6366	0.6675	0.6909	0.7861
5980	0.006919	0.004843	0.001177	0.003908	0.005738	0.008138	0.05021
6000	0.5175	0.06295	0.2942	0.4739	0.515	0.5579	0.7892
6020	0.328	0.05983	0.1469	0.2879	0.3242	0.3643	0.523
6040	0.6927	0.05945	0.414	0.658	0.6988	0.7362	0.8225
6060	0.7235	0.02418	0.635	0.707	0.7233	0.7392	0.797
6080	0.1295	0.04885	0.02054	0.09285	0.1245	0.1613	0.292
6100	0.07883	0.03631	0.01017	0.05204	0.07154	0.09833	0.2337
6120	0.1959	0.03299	0.09655	0.1744	0.1952	0.2178	0.296
6140	0.02269	0.01333	0.00176	0.01343	0.01959	0.02881	0.09964
6160	0.6124	0.08708	0.2366	0.5665	0.6275	0.6746	0.8
6180	0.3497	0.1032	0.09878	0.2743	0.3446	0.4262	0.6156
6200	0.4118	0.05643	0.2632	0.3701	0.409	0.4485	0.5892
6220	0.6566	0.03827	0.4658	0.638	0.6637	0.6839	0.7322
6240	0.6247	0.06909	0.3447	0.5834	0.6337	0.6741	0.8105
6260	0.8176	0.06395	0.4389	0.7823	0.8323	0.8637	0.9425
6280	0.6381	0.07556	0.4121	0.5848	0.6365	0.6967	0.8534
6300	0.1898	0.07436	0.03097	0.1342	0.1784	0.2337	0.512
6320	0.04092	0.0158	0.01108	0.02994	0.03835	0.04886	0.156
6340	0.5083	0.04377	0.3708	0.4773	0.5066	0.5379	0.657
6360	0.6095	0.02271	0.5164	0.5943	0.6093	0.6241	0.6894
6380	0.7058	0.04376	0.551	0.6754	0.7039	0.736	0.8475
6400	0.2756	0.09989	0.03742	0.2009	0.2913	0.3515	0.4869
6420	0.0287	0.01736	0.004253	0.01687	0.02462	0.03556	0.1514
6440	0.8302	0.05636	0.4923	0.8043	0.8406	0.8668	0.9395
6460	0.5209	0.04837	0.2328	0.4924	0.5284	0.5523	0.6406
6480	0.2652	0.1388	0.03019	0.1547	0.2393	0.3519	0.6451
6500	0.8246	0.06494	0.6071	0.7818	0.83	0.8732	0.968
6520	0.5259	0.01785	0.4308	0.5168	0.5293	0.5378	0.5674
6540	0.06547	0.02525	0.01653	0.04742	0.06154	0.07988	0.2219
6560	0.4856	0.04741	0.3277	0.4543	0.4848	0.5175	0.6207
6580	0.4671	0.1746	0.05286	0.3296	0.4669	0.6097	0.8279
6600	0.001413	0.0006645	0.0003514	0.0009308	0.001287	0.001727	0.00487
6620	0.07674	0.03955	0.01318	0.04902	0.06734	0.09578	0.2937
6640	0.2418	0.03217	0.1436	0.2199	0.2419	0.2647	0.3285
6660	0.147	0.03682	0.06367	0.1201	0.1441	0.1694	0.2718
6680	0.3736	0.02045	0.3152	0.3597	0.3713	0.3866	0.4382
6700	0.3273	0.06959	0.1144	0.2796	0.3257	0.3749	0.584
6720	0.5485	0.02517	0.4522	0.5322	0.5496	0.5653	0.6263
6740	0.5826	0.01736	0.5218	0.5715	0.5833	0.5935	0.6392
6760	0.344	0.06181	0.1793	0.2986	0.3379	0.3868	0.4861
6780	0.1086	0.03639	0.02802	0.08172	0.1031	0.1301	0.2496
6800	0.5829	0.03401	0.4272	0.5631	0.585	0.6073	0.6712
6820	0.0005302	0.000484	2.599e-05	0.0002344	0.0003909	0.0006511	0.005186
6840	0.05028	0.03164	0.005708	0.02777	0.04296	0.06284	0.2161
6860	0.3115	0.05932	0.1553	0.2686	0.3094	0.3531	0.4673
6880	0.02042	0.01109	0.003535	0.01312	0.01823	0.02527	0.1021
6900	0.2405	0.05049	0.1254	0.2046	0.2361	0.2713	0.4298
6920	0.5391	0.02361	0.4597	0.5234	0.5393	0.5554	0.6096
6940	2.277e-05	1.434e-05	4.025e-06	1.335e-05	1.922e-05	2.869e-05	0.000125
6960	0.2087	0.1151	0.01667	0.1181	0.1869	0.2829	0.5355
6980	0.544	0.05802	0.3138	0.5083	0.5537	0.5879	0.6728
7000	0.6611	0.05206	0.4881	0.6259	0.6612	0.6969	0.8165
7020	0.001821	0.001219	0.0002712	0.001017	0.001525	0.002235	0.01298
7040	0.7866	0.07336	0.4568	0.7433	0.7936	0.8401	0.9276
7060	0.03531	0.01707	0.00848	0.02276	0.03112	0.04348	0.1335
7080	0.7954	0.0325	0.6802	0.7744	0.7987	0.8186	0.8786
7100	0.6163	0.02846	0.509	0.5989	0.6191	0.6353	0.7061
7120	0.2076	0.05838	0.06061	0.1642	0.2071	0.2492	0.3502
7140	0.6505	0.03533	0.5189	0.6271	0.6496	0.6695	0.8198
7160	0.2721	0.05842	0.09669	0.2316	0.2691	0.3079	0.4823
7180	0.4453	0.04379	0.2305	0.4173	0.4467	0.476	0.5702
7200	0.6491	0.02013	0.562	0.6369	0.6515	0.6624	0.7008
7220	0.01941	0.0131	0.002288	0.01041	0.01591	0.02474	0.1016
7240	0.6093	0.05634	0.3992	0.5719	0.6092	0.6449	0.7936
7260	0.02229	0.01406	0.003846	0.01315	0.0184	0.02696	0.1053
7280	0.4807	0.119	0.156	0.3989	0.4783	0.5629	0.7777
7300	0.4981	0.03687	0.341	0.4729	0.4995	0.5222	0.6003
7320	0.2617	0.03843	0.1137	0.2379	0.2681	0.2951	0.3172
7340	0.7442	0.02719	0.6344	0.7289	0.7465	0.7631	0.8238
7360	0.1923	0.07161	0.04006	0.1399	0.1825	0.2357	0.4949
7380	0.1635	0.05989	0.05205	0.1201	0.1537	0.197	0.426
7400	0.4109	0.03331	0.3245	0.3874	0.4083	0.4316	0.5225
7420	0.6137	0.05787	0.3812	0.5788	0.6182	0.6562	0.7466
7440	0.6551	0.04741	0.444	0.6245	0.6606	0.691	0.7572
7460	0.139	0.01841	0.09458	0.1265	0.1386	0.1504	0.2175
7480	0.1866	0.1437	0.007757	0.07891	0.1395	0.2614	0.6924
7500	0.003943	0.001237	0.001543	0.003087	0.003764	0.004575	0.01141
7520	0.6587	0.01817	0.5895	0.6469	0.6593	0.67	0.7206
7540	0.03557	0.01533	0.01008	0.02433	0.0322	0.04391	0.1246
7560	0.2282	0.06358	0.0862	0.1821	0.2204	0.2653	0.4793
7580	0.295	0.05272	0.1641	0.2586	0.2912	0.3318	0.5221
7600	0.7038	0.08143	0.3755	0.6564	0.7119	0.7634	0.8918
7620	0.381	0.06147	0.2123	0.3379	0.3765	0.4209	0.5936
7640	0.3438	0.05247	0.1133	0.3215	0.3477	0.374	0.5781
7660	0.7397	0.07939	0.4645	0.6871	0.7486	0.795	0.9055
7680	0.5315	0.04261	0.3233	0.5107	0.5353	0.5586	0.6813
7700	0.3812	0.05848	0.2068	0.3419	0.3836	0.4224	0.5515
7720	0.5281	0.04942	0.3632	0.4968	0.5285	0.5615	0.6701
7740	0.6632	0.01906	0.5591	0.6525	0.6644	0.6765	0.7128
7760	0.5866	0.0805	0.277	0.5402	0.5942	0.6393	0.7933
7780	0.5362	0.09897	0.211	0.4717	0.5314	0.6017	0.8567
7800	0.3504	0.05286	0.2157	0.3119	0.3452	0.3833	0.5592
7820	0.5716	0.05212	0.3487	0.5425	0.5787	0.6068	0.7271
7840	0.0001503	0.0001385	1.406e-05	7.266e-05	0.0001129	0.0001783	0.001613
7860	0.1043	0.06476	0.01729	0.05859	0.08994	0.1316	0.4895
7880	0.0922	0.04346	0.0152	0.05956	0.08443	0.1172	0.2783
7900	0.5768	0.1127	0.2204	0.4965	0.6013	0.6705	0.7526
7920	0.2224	0.1435	0.02109	0.1107	0.1885	0.2992	0.7655
7940	0.595	0.02554	0.5184	0.5769	0.5939	0.6131	0.6887
7960	0.3333	0.07957	0.1077	0.2775	0.3301	0.3824	0.6192
7980	0.6625	0.04605	0.5238	0.6333	0.6629	0.6941	0.7935
8000	0.0196	0.01454	0.001707	0.009978	0.01552	0.02434	0.1048
8020	0.575	0.04575	0.4173	0.5475	0.5782	0.6069	0.6998
8040	0.2199	0.08775	0.04808	0.1557	0.2064	0.2729	0.5527
8060	0.5559	0.03681	0.3735	0.5323	0.5587	0.5816	0.6635
8080	0.7031	0.01879	0.6406	0.6908	0.7029	0.7149	0.769
8100	0.3446	0.06119	0.1415	0.3034	0.3459	0.3882	0.508
8120	0.3263	0.05031	0.08186	0.3053	0.338	0.3577	0.4838
8140	0.7866	0.02047	0.7267	0.7726	0.7857	0.7998	0.858
8160	0.01954	0.0104	0.002322	0.01191	0.01754	0.02439	0.06995
8180	0.5933	0.02072	0.5454	0.5786	0.5913	0.6059	0.6623
8200	0.6729	0.08951	0.3265	0.6225	0.6953	0.744	0.7995
8220	0.7566	0.05012	0.5846	0.7249	0.7586	0.7911	0.9202
8240	0.02268	0.009458	0.006222	0.01583	0.02093	0.02763	0.07635
8260	0.0005214	0.0002946	9.252e-05	0.0003232	0.0004612	0.0006296	0.002354
8280	0.6982	0.03298	0.5888	0.6753	0.6976	0.7206	0.8099
8300	0.7082	0.03673	0.5605	0.6851	0.7133	0.735	0.7886
8320	0.5956	0.06029	0.4013	0.5552	0.5985	0.6398	0.7506
8340	0.4155	0.03873	0.2726	0.3892	0.4172	0.4411	0.5463
8360	0.01202	0.007384	0.002005	0.007332	0.01052	0.01474	0.07371
8380	0.01905	0.007634	0.004279	0.01352	0.01759	0.0232	0.06717
8400	0.4466	0.05654	0.2202	0.4102	0.4495	0.486	0.6007
8420	0.6032	0.03936	0.4237	0.5779	0.6037	0.6303	0.714
8440	0.5758	0.03812	0.3972	0.5511	0.5759	0.6019	0.703
8460	0.2289	0.03911	0.1277	0.2032	0.2264	0.2521	0.4017
8480	0.7507	0.03462	0.61	0.728	0.7493	0.7743	0.891
8500	0.486	0.0355	0.4123	0.4611	0.4795	0.5055	0.6139
8520	0.07441	0.03837	0.009694	0.04807	0.06639	0.09285	0.3164
8540	0.64	0.01866	0.582	0.6271	0.6386	0.6523	0.7145
8560	0.0163	0.006651	0.004844	0.01166	0.01495	0.01975	0.04592
8580	0.3264	0.046	0.1765	0.2943	0.3344	0.3621	0.442
8600	0.4746	0.05581	0.3521	0.4336	0.4701	0.5106	0.6437
8620	0.7478	0.03701	0.6308	0.7214	0.7466	0.772	0.8569
8640	0.01584	0.02035	0.0004755	0.004762	0.008511	0.01775	0.1667
8660	0.08584	0.04017	0.0162	0.05793	0.07796	0.1057	0.2843
8680	0.8373	0.04537	0.6485	0.8085	0.8412	0.8713	0.9418
8700	0.4772	0.02825	0.3998	0.4566	0.4773	0.4962	0.5571
8720	0.2066	0.02735	0.1211	0.189	0.2052	0.2235	0.3
8740	0.7053	0.03642	0.5088	0.688	0.7098	0.7281	0.7987
8760	0.01512	0.01038	0.001673	0.008508	0.01236	0.0187	0.1032
8780	0.6873	0.03707	0.5344	0.6643	0.6884	0.7117	0.789
8800	0.08403	0.02116	0.03089	0.06912	0.0824	0.09746	0.1576
8820	0.002318	0.001383	0.0003605	0.001352	0.002004	0.002968	0.01184
8840	0.5515	0.08048	0.2766	0.5031	0.5626	0.6097	0.7369
8860	0.1007	0.04601	0.02197	0.06776	0.0908	0.122	0.3688
8880	0.006256	0.007052	0.0002228	0.002075	0.003887	0.007516	0.0535
8900	0.4206	0.04912	0.2499	0.3846	0.4186	0.4532	0.5571
8920	0.5134	0.03904	0.3529	0.4882	0.5171	0.5404	0.6164
8940	0.339	0.0236	0.2637	0.3233	0.3357	0.3522	0.4598
8960	0.4342	0.04241	0.3242	0.4045	0.4296	0.4609	0.5786
8980	0.007659	0.004214	0.001298	0.004803	0.006754	0.009505	0.03525
9000	0.005149	0.003156	0.0006123	0.002987	0.004424	0.006445	0.02359
9020	0.004864	0.003543	0.0005819	0.002638	0.003969	0.005892	0.04432
9040	0.3207	0.02742	0.2246	0.3022	0.3205	0.3385	0.4138
9060	0.1602	0.1027	0.0116	0.08126	0.1358	0.2188	0.6363
9080	0.5418	0.03817	0.3947	0.5173	0.5434	0.5673	0.6691
9100	0.3701	0.08627	0.1382	0.3153	0.3649	0.42	0.6579
9120	0.5644	0.06861	0.3707	0.5196	0.566	0.6083	0.7557
9140	0.4336	0.1736	0.08957	0.3	0.4024	0.5486	0.9225
9160	0.4545	0.02421	0.379	0.4379	0.4545	0.4714	0.5342
9180	0.1611	0.02409	0.098	0.1445	0.1601	0.1767	0.239
9200	0.2896	0.02527	0.2063	0.2721	0.2886	0.305	0.377
9220	0.03094	0.01076	0.008048	0.02327	0.02957	0.03709	0.08415
9240	0.2815	0.05234	0.1285	0.2452	0.2787	0.3156	0.4848
9260	0.4709	0.03341	0.3455	0.4499	0.4721	0.4953	0.5569
9280	0.2274	0.09468	0.04116	0.1522	0.2171	0.2965	0.5353
9300	0.4861	0.04152	0.3598	0.4571	0.4863	0.5139	0.6123
9320	0.01416	0.01213	0.0009953	0.006256	0.01062	0.01806	0.1108
9340	7.614e-06	5.241e-06	7.226e-07	4.236e-06	6.374e-06	9.503e-06	7.371e-05
9360	0.1336	0.06913	0.02104	0.08275	0.1199	0.1707	0.4149
9380	0.4012	0.03456	0.3065	0.3771	0.4007	0.4244	0.5179
9400	0.4311	0.04267	0.2658	0.4048	0.4328	0.4609	0.5561
9420	0.3193	0.0644	0.1556	0.2737	0.3146	0.3593	0.568
9440	0.01381	0.009237	0.001915	0.007276	0.01167	0.01787	0.08595
9460	0.6889	0.04658	0.4233	0.6652	0.6971	0.7199	0.7876
9480	0.6212	0.03121	0.4931	0.6034	0.6237	0.6425	0.7046
9500	0.1303	0.05137	0.02283	0.09299	0.1227	0.1572	0.4518
9520	0.001864	0.00163	0.0001855	0.0008471	0.001455	0.002353	0.01895
9540	0.3157	0.02853	0.2277	0.2994	0.3127	0.3288	0.5074
9560	0.6897	0.108	0.2553	0.6255	0.7099	0.7702	0.8901
9580	0.02436	0.02535	0.0006902	0.008823	0.0167	0.02996	0.2138
9600	0.2692	0.01917	0.1704	0.2576	0.2719	0.2833	0.3032
9620	0.1937	0.06419	0.05754	0.1459	0.1874	0.2335	0.454
9640	0.1371	0.04935	0.0467	0.1038	0.1271	0.1567	0.4135
9660	0.007048	0.003077	0.00161	0.004848	0.006378	0.008596	0.02274
9680	0.1732	0.0502	0.053	0.1376	0.1705	0.205	0.35
9700	0.4165	0.07479	0.1829	0.3667	0.4202	0.4646	0.6284
9720	0.6776	0.1049	0.3018	0.6095	0.6767	0.7505	0.9356
9740	0.6424	0.0202	0.5677	0.6302	0.6436	0.6567	0.7161
9760	0.3611	0.1254	0.08511	0.2644	0.3529	0.4555	0.7082
9780	0.605	0.01887	0.5247	0.5928	0.6045	0.6174	0.6759
9800	8.91e-06	6.318e-06	1.162e-06	4.715e-06	7.171e-06	1.108e-05	5.873e-05
9820	0.566	0.09151	0.1983	0.508	0.5735	0.6319	0.7989
9840	0.5197	0.04357	0.3218	0.4963	0.5271	0.5498	0.6035
9860	0.7316	0.03976	0.5571	0.7065	0.7344	0.7606	0.8182
9880	0.4716	0.1433	0.04801	0.3749	0.5169	0.5859	0.6993
9900	0.105	0.04017	0.01635	0.07466	0.09996	0.1302	0.2463
9920	0.3419	0.06012	0.1612	0.3008	0.3443	0.3823	0.5357
9940	0.4114	0.09303	0.1641	0.344	0.4189	0.4823	0.6089
9960	0.02159	0.00991	0.006154	0.015	0.01968	0.02589	0.09612
9980	0.002248	0.0012	0.0004479	0.001421	0.001998	0.002776	0.009484
