idx	mean	std	min	25 percentile	50 percentile	75 percentile	max
0	0.5778	0.1054	0.2309	0.5135	0.5856	0.6491	0.811
100	0.2063	0.05521	0.04507	0.1647	0.2067	0.2513	0.3263
200	0.6968	0.08925	0.2524	0.6513	0.7102	0.7585	0.8688
300	0.2138	0.0762	0.05047	0.1582	0.2044	0.2501	0.5175
400	0.51	0.1645	0.06232	0.4031	0.5436	0.6344	0.809
500	0.04808	0.04161	0.001051	0.01652	0.03649	0.06674	0.2368
600	0.5784	0.1032	0.09492	0.524	0.5998	0.6501	0.7614
700	0.03216	0.0472	0.0004014	0.006316	0.01555	0.03423	0.3691
800	0.3173	0.1631	0.01504	0.1795	0.3098	0.4495	0.6589
900	0.4043	0.1081	0.1257	0.3237	0.4007	0.4857	0.6983
1000	0.4847	0.1635	0.04375	0.3712	0.511	0.6163	0.8057
1100	0.2305	0.04485	0.07302	0.2035	0.2347	0.2618	0.3792
1200	0.003723	0.009461	1.754e-05	0.0004285	0.001071	0.002837	0.1401
1300	0.4706	0.1368	0.1002	0.3626	0.469	0.5749	0.7931
1400	0.6081	0.08191	0.1757	0.5656	0.6249	0.6664	0.7515
1500	0.2622	0.1065	0.02455	0.1806	0.2606	0.3359	0.5429
1600	0.4187	0.1038	0.1372	0.3472	0.4194	0.4938	0.6867
1700	0.606	0.08292	0.2878	0.5525	0.6165	0.6684	0.7705
1800	0.1283	0.02356	0.06043	0.1159	0.1269	0.1375	0.2904
1900	0.3761	0.09652	0.1075	0.3147	0.3837	0.4409	0.6644
2000	0.4951	0.07042	0.2521	0.4602	0.4992	0.5384	0.6706
2100	0.5473	0.118	0.1117	0.4926	0.5674	0.6266	0.7928
2200	0.2776	0.08586	0.06453	0.2134	0.2735	0.3407	0.5366
2300	0.1764	0.05996	0.08739	0.1288	0.1644	0.2095	0.4636
2400	0.7099	0.08837	0.2656	0.6611	0.7239	0.7742	0.8882
2500	0.4115	0.09685	0.117	0.3531	0.4233	0.4755	0.6495
2600	0.2296	0.06437	0.06825	0.1852	0.222	0.2615	0.5958
2700	0.1123	0.0531	0.01672	0.07553	0.1018	0.1412	0.2954
2800	0.05976	0.0351	0.009036	0.03516	0.05209	0.07529	0.3884
2900	0.5237	0.07958	0.2113	0.476	0.5292	0.5767	0.7049
3000	0.1463	0.04704	0.03234	0.1104	0.1419	0.1798	0.2729
3100	0.2215	0.0768	0.04366	0.1677	0.2132	0.2726	0.4749
3200	0.2392	0.07381	0.1037	0.1842	0.2236	0.2799	0.5471
3300	0.5539	0.1178	0.04485	0.4952	0.5767	0.6402	0.7393
3400	0.2307	0.09055	0.02453	0.1597	0.2309	0.3047	0.4625
3500	0.02289	0.01941	0.001174	0.0102	0.01779	0.02972	0.2012
3600	0.369	0.1224	0.1192	0.2701	0.3488	0.4438	0.7429
3700	0.4638	0.1113	0.09715	0.3932	0.4752	0.5452	0.7577
3800	0.6249	0.08214	0.2496	0.5776	0.6363	0.6845	0.7775
3900	0.2317	0.05743	0.06963	0.1941	0.2366	0.2732	0.3631
4000	0.006755	0.009729	0.0001672	0.001744	0.003497	0.006797	0.09764
4100	0.2298	0.07309	0.09768	0.1834	0.2175	0.2616	0.5684
4200	0.6109	0.1302	0.1483	0.5475	0.6345	0.6999	0.8437
4300	0.2885	0.1142	0.08935	0.1954	0.2611	0.3631	0.6724
4400	0.3871	0.1196	0.05761	0.3021	0.4017	0.4728	0.6454
4500	0.2011	0.1527	0.003375	0.05963	0.1644	0.3345	0.5857
4600	0.4116	0.144	0.04656	0.3147	0.4269	0.5301	0.6971
4700	0.06142	0.03532	0.003345	0.03246	0.05615	0.08786	0.1588
4800	0.0002501	0.0002321	1.769e-05	0.000113	0.0001796	0.0003001	0.001727
4900	0.5633	0.09516	0.219	0.5037	0.5799	0.6289	0.776
5000	0.01228	0.01169	0.000576	0.004702	0.008382	0.01602	0.09701
5100	0.3332	0.1302	0.006205	0.2473	0.3386	0.4289	0.6442
5200	0.2028	0.06949	0.06678	0.1498	0.1928	0.2462	0.4435
5300	0.1266	0.08758	0.009952	0.06286	0.1044	0.1704	0.4835
5400	0.6236	0.1036	0.1405	0.5694	0.6377	0.6944	0.8199
5500	0.08238	0.03701	0.01513	0.05792	0.07867	0.1003	0.2876
5600	0.6826	0.09509	0.1069	0.6496	0.7017	0.7457	0.8431
5700	0.3924	0.1277	0.05865	0.2998	0.413	0.4844	0.6525
5800	0.04304	0.03702	0.00239	0.01764	0.03302	0.05882	0.3214
5900	0.19	0.0777	0.04796	0.1373	0.1752	0.2296	0.4589
6000	0.4899	0.09098	0.1788	0.4392	0.4996	0.5529	0.6936
6100	0.2198	0.1048	0.03351	0.1383	0.2073	0.2837	0.5708
6200	0.5919	0.05929	0.3629	0.5532	0.5977	0.6345	0.7357
6300	0.4245	0.1092	0.03699	0.3661	0.4525	0.5046	0.6349
6400	0.05101	0.02387	0.009293	0.03302	0.04756	0.0635	0.1927
6500	0.1922	0.07222	0.00876	0.1456	0.2026	0.2433	0.4029
6600	0.09684	0.0364	0.0166	0.06875	0.09405	0.1228	0.1967
6700	0.4633	0.138	0.09978	0.3665	0.4712	0.5754	0.7512
6800	1.011e-05	3.995e-05	9.123e-08	1.127e-06	2.445e-06	6.47e-06	0.0006365
6900	0.08829	0.06037	0.001012	0.03677	0.08076	0.1245	0.3081
7000	0.01142	0.009142	0.0008132	0.005383	0.008812	0.01501	0.06449
7100	0.2321	0.08832	0.05117	0.1703	0.2208	0.2902	0.6448
7200	0.188	0.1068	0.03767	0.1089	0.1551	0.2369	0.6751
7300	0.5456	0.0832	0.2074	0.4964	0.5577	0.6071	0.7264
7400	0.03236	0.0355	0.001478	0.01096	0.0214	0.04093	0.3475
7500	0.5082	0.1109	0.1317	0.4391	0.5195	0.5871	0.7834
7600	0.06801	0.05979	0.007015	0.03587	0.05685	0.08647	0.6287
7700	0.2772	0.08524	0.08319	0.2151	0.267	0.3291	0.5696
7800	0.05347	0.03021	0.004426	0.02971	0.04839	0.07164	0.2064
7900	0.4484	0.09493	0.1549	0.3896	0.4443	0.5041	0.7382
8000	0.125	0.05648	0.01072	0.08452	0.124	0.1593	0.3689
8100	0.3917	0.08846	0.1263	0.3382	0.399	0.4507	0.6271
8200	0.4722	0.1197	0.1369	0.4006	0.4648	0.5464	0.8173
8300	0.2178	0.03919	0.1196	0.1908	0.2123	0.235	0.3719
8400	0.7056	0.07095	0.3822	0.6783	0.7194	0.7562	0.8344
8500	0.4437	0.1081	0.1586	0.3751	0.4334	0.5051	0.8352
8600	0.3736	0.07026	0.2066	0.3212	0.3715	0.417	0.599
8700	0.2263	0.09393	0.04036	0.1553	0.2097	0.2875	0.498
8800	0.2293	0.07883	0.04115	0.1715	0.2346	0.2835	0.4544
8900	0.0616	0.04079	0.003614	0.03136	0.05359	0.08452	0.2654
9000	0.5007	0.07862	0.2568	0.4515	0.4959	0.5492	0.7419
9100	0.6586	0.06956	0.4249	0.621	0.6669	0.714	0.7876
9200	0.555	0.0713	0.185	0.5118	0.5628	0.6033	0.7331
9300	0.2323	0.05503	0.05342	0.1912	0.2299	0.2675	0.3974
9400	0.4379	0.09179	0.07228	0.3876	0.4551	0.4992	0.6655
9500	0.0273	0.01835	0.004512	0.01499	0.02273	0.03402	0.132
9600	0.5235	0.06315	0.23	0.4885	0.5297	0.568	0.6766
9700	0.5485	0.08655	0.226	0.5009	0.5669	0.6098	0.7195
9800	0.3336	0.05982	0.1547	0.2963	0.3284	0.3704	0.5212
9900	0.3085	0.09679	0.06712	0.2395	0.3148	0.374	0.7182
10000	0.3718	0.07383	0.1393	0.3194	0.3788	0.4221	0.6055
10100	0.2625	0.04669	0.1059	0.2327	0.2621	0.2934	0.41
10200	0.1073	0.01911	0.04083	0.0963	0.1082	0.1178	0.2014
10300	0.247	0.06628	0.04228	0.2108	0.2502	0.2892	0.4127
10400	0.4506	0.097	0.1782	0.3802	0.4441	0.5113	0.7755
10500	0.4494	0.1349	0.0982	0.3565	0.4526	0.5484	0.7445
10600	0.2671	0.07169	0.06631	0.2217	0.2619	0.3043	0.5942
10700	0.4214	0.07636	0.1181	0.3758	0.4196	0.4687	0.7722
10800	0.4217	0.09509	0.06173	0.3695	0.4386	0.4909	0.6238
10900	0.07285	0.02219	0.02744	0.05609	0.07075	0.0872	0.1683
11000	0.3304	0.1882	0.04213	0.1749	0.2931	0.4806	0.7676
11100	0.4405	0.07963	0.1009	0.3977	0.4477	0.494	0.6292
11200	0.62	0.06658	0.3331	0.5799	0.619	0.6644	0.7997
11300	0.2283	0.07627	0.04657	0.176	0.2275	0.2825	0.4731
11400	0.3545	0.1201	0.02399	0.269	0.3518	0.4456	0.6368
11500	0.1008	0.02161	0.05412	0.09396	0.1003	0.105	0.4414
11600	0.2686	0.05201	0.1373	0.2335	0.2618	0.3047	0.4363
11700	0.3312	0.06155	0.1442	0.2912	0.3271	0.3744	0.5164
11800	0.6365	0.06775	0.1972	0.6015	0.6461	0.6863	0.7679
11900	0.1655	0.01686	0.1222	0.154	0.1634	0.1755	0.2409
12000	0.205	0.06288	0.08454	0.1548	0.1964	0.248	0.3735
12100	0.3585	0.05598	0.1478	0.3239	0.3652	0.4003	0.4762
12200	0.1916	0.1358	0.00904	0.08144	0.1474	0.2844	0.6756
12300	0.3978	0.07196	0.1541	0.3629	0.4075	0.4442	0.5813
12400	0.1562	0.01095	0.1243	0.1493	0.1574	0.1626	0.1941
12500	0.6585	0.095	0.3088	0.5995	0.6699	0.7288	0.8656
12600	0.458	0.0589	0.1632	0.4195	0.4586	0.5001	0.6187
12700	0.4413	0.09866	0.06122	0.3994	0.4534	0.501	0.6934
12800	0.1103	0.04467	0.02736	0.07883	0.1019	0.1324	0.2642
12900	0.4213	0.08797	0.1068	0.3718	0.4237	0.4785	0.6422
13000	0.03742	0.03341	0.001321	0.01327	0.02585	0.05293	0.2504
13100	0.1124	0.08387	0.0135	0.05152	0.08831	0.1421	0.4526
13200	0.2486	0.05778	0.1078	0.207	0.2394	0.284	0.4293
13300	0.2268	0.05628	0.1153	0.1822	0.2235	0.2674	0.3691
13400	0.4207	0.1334	0.04952	0.3265	0.4369	0.5259	0.7111
13500	0.1628	0.07184	0.03591	0.1081	0.1517	0.2041	0.4679
13600	0.3077	0.06225	0.1257	0.2705	0.3073	0.3462	0.4934
13700	0.1516	0.09763	0.004842	0.08182	0.1242	0.196	0.6061
13800	0.04236	0.04293	0.002436	0.01597	0.02886	0.05296	0.3821
13900	0.1979	0.06448	0.1001	0.1502	0.1862	0.231	0.5683
14000	0.2894	0.1828	0.02317	0.134	0.252	0.4243	0.792
14100	0.1545	0.007251	0.1055	0.152	0.1562	0.1587	0.1693
14200	0.00109	0.001674	3.94e-05	0.0003272	0.000649	0.001206	0.02514
14300	0.02706	0.02887	0.001053	0.008779	0.0171	0.03372	0.2078
14400	0.185	0.1253	0.05626	0.1113	0.1362	0.1952	0.7683
14500	0.08018	0.02197	0.01383	0.06443	0.08161	0.09772	0.1396
14600	0.071	0.01848	0.02126	0.05784	0.07128	0.08719	0.1019
14700	0.1582	0.1196	0.009869	0.06459	0.1231	0.2188	0.6518
14800	0.44	0.1354	0.1065	0.3331	0.4437	0.5438	0.7549
14900	0.6292	0.07643	0.3268	0.588	0.6341	0.6834	0.807
15000	0.05739	0.05812	0.0007492	0.01663	0.03572	0.08252	0.392
15100	0.2737	0.06182	0.06776	0.24	0.2755	0.3089	0.4921
15200	0.3793	0.1078	0.06029	0.3058	0.3993	0.458	0.5895
15300	0.3865	0.1161	0.08871	0.3083	0.371	0.4566	0.7326
15400	0.2478	0.04792	0.06417	0.2151	0.2511	0.281	0.3753
15500	0.2124	0.09662	0.02779	0.1382	0.2064	0.275	0.4951
15600	0.7288	0.09583	0.2887	0.6872	0.7505	0.7961	0.8851
15700	0.1716	0.04288	0.06445	0.1403	0.1717	0.2016	0.2987
15800	0.1119	0.07442	0.009501	0.05657	0.09345	0.1557	0.3918
15900	0.4367	0.1128	0.08556	0.3683	0.4366	0.5181	0.6886
16000	0.05481	0.05458	0.009214	0.02693	0.04049	0.05807	0.5198
16100	0.4164	0.0905	0.1849	0.35	0.3998	0.4755	0.7241
16200	0.05376	0.03358	0.005876	0.03277	0.04541	0.06377	0.2339
16300	0.07772	0.02323	0.01122	0.06268	0.08169	0.09726	0.1487
16400	0.03338	0.0306	0.004204	0.01617	0.02604	0.04017	0.3417
16500	0.4496	0.09685	0.05677	0.3971	0.4653	0.5132	0.6817
16600	0.4086	0.07462	0.1268	0.3627	0.406	0.4541	0.6707
16700	0.4577	0.163	0.03565	0.3508	0.5056	0.5878	0.7361
16800	0.2953	0.08965	0.06409	0.2347	0.3002	0.3593	0.5813
16900	0.5914	0.06393	0.3806	0.5554	0.5952	0.6388	0.7309
17000	0.000434	0.0004037	2.975e-05	0.000203	0.0003342	0.0005168	0.004636
17100	0.3511	0.09786	0.07186	0.2829	0.3555	0.4207	0.5943
17200	0.3017	0.1207	0.04233	0.2131	0.2873	0.3805	0.7289
17300	0.4142	0.08373	0.1296	0.3654	0.4153	0.4691	0.6512
17400	0.1826	0.05352	0.05671	0.1507	0.1737	0.2039	0.4448
17500	0.002289	0.002713	5.519e-05	0.0006628	0.00134	0.002637	0.01916
17600	0.5887	0.1126	0.09891	0.535	0.6169	0.6687	0.7742
17700	0.3045	0.08706	0.06959	0.2451	0.3027	0.3518	0.5915
17800	0.5547	0.07804	0.2706	0.5114	0.5664	0.6083	0.7346
17900	0.167	0.03932	0.1004	0.1414	0.1591	0.1829	0.3532
18000	0.289	0.1269	0.03018	0.1956	0.2882	0.3745	0.6371
18100	0.00148	0.001881	2.221e-05	0.0003143	0.0007967	0.00175	0.01158
18200	0.2629	0.1473	0.01881	0.1505	0.2412	0.3619	0.684
18300	0.3986	0.1279	0.04616	0.3088	0.3767	0.49	0.7634
18400	0.311	0.08617	0.07179	0.2494	0.3059	0.3621	0.604
18500	0.0936	0.04576	0.01585	0.05898	0.08848	0.1229	0.2711
18600	0.4289	0.1225	0.1275	0.3359	0.437	0.5138	0.7132
18700	0.5886	0.1248	0.2515	0.5108	0.6115	0.6902	0.8351
18800	0.2156	0.1261	0.004612	0.1111	0.2028	0.3016	0.6374
18900	0.638	0.09873	0.3512	0.5753	0.6426	0.7145	0.8181
19000	0.3044	0.07967	0.0975	0.2472	0.3036	0.352	0.5689
19100	0.2121	0.1561	0.01091	0.0827	0.1709	0.3124	0.7123
19200	0.4937	0.07308	0.1597	0.4568	0.4994	0.537	0.6879
19300	0.2752	0.08874	0.1365	0.2018	0.26	0.3287	0.5715
19400	0.3413	0.1803	0.02385	0.184	0.3325	0.4928	0.7329
19500	0.1574	0.05866	0.03968	0.1223	0.1475	0.1856	0.4563
19600	0.1967	0.1123	0.01918	0.108	0.175	0.2593	0.622
19700	0.6499	0.0678	0.3202	0.6192	0.6658	0.6947	0.7719
19800	0.001304	0.002468	1.616e-05	0.0002474	0.0005517	0.001389	0.03679
19900	0.4221	0.1894	0.04039	0.2703	0.4283	0.5789	0.8138
20000	0.464	0.1109	0.1695	0.3938	0.4636	0.5448	0.7135
20100	0.4622	0.1462	0.1186	0.3509	0.473	0.5709	0.772
20200	0.133	0.09341	0.007787	0.0663	0.105	0.1756	0.5074
20300	0.3707	0.1088	0.0807	0.2972	0.3867	0.4473	0.5979
20400	0.5599	0.09754	0.08895	0.5	0.577	0.6285	0.7398
20500	0.5752	0.1055	0.1305	0.5285	0.5904	0.6424	0.7917
20600	0.4786	0.1062	0.1422	0.4078	0.478	0.5522	0.7818
20700	0.2272	0.07525	0.0596	0.1726	0.2223	0.2831	0.4581
20800	0.05212	0.02306	0.01394	0.03521	0.0474	0.0648	0.1789
20900	0.258	0.06361	0.1135	0.2132	0.2522	0.3035	0.4787
21000	0.7352	0.05143	0.4518	0.7075	0.7426	0.7692	0.8451
21100	0.7503	0.0542	0.4467	0.7325	0.7608	0.785	0.8423
21200	0.4834	0.08591	0.2781	0.4148	0.4802	0.5461	0.6965
21300	0.0847	0.0754	0.006053	0.03322	0.06384	0.1067	0.6726
21400	0.13	0.09863	0.00174	0.05271	0.1031	0.1908	0.5483
21500	0.4383	0.1583	0.09057	0.3239	0.4447	0.5631	0.7975
21600	0.448	0.1295	0.04026	0.384	0.4798	0.5473	0.6669
21700	0.4623	0.06229	0.2417	0.424	0.4666	0.5068	0.6177
21800	0.1507	0.06611	0.03096	0.105	0.1393	0.1839	0.4269
21900	0.3877	0.07069	0.06057	0.3522	0.3971	0.4366	0.5251
22000	0.6144	0.06202	0.2712	0.5863	0.624	0.6569	0.7324
22100	0.1492	0.06355	0.03152	0.1042	0.1386	0.1854	0.4221
22200	0.7409	0.06809	0.3574	0.7126	0.7555	0.7874	0.8497
22300	0.6378	0.06346	0.3799	0.6026	0.6463	0.6843	0.7706
22400	0.3404	0.08218	0.1204	0.2836	0.352	0.4005	0.5308
22500	0.583	0.07766	0.1772	0.5478	0.5978	0.6352	0.7583
22600	0.6238	0.05338	0.3876	0.5982	0.6333	0.659	0.722
22700	0.2042	0.02342	0.09552	0.1917	0.208	0.2203	0.2586
22800	0.5715	0.06561	0.2557	0.5329	0.5794	0.6197	0.7279
22900	0.3566	0.07933	0.149	0.3023	0.3502	0.4058	0.5832
23000	0.2817	0.0712	0.1266	0.2335	0.2662	0.3215	0.6843
23100	0.6891	0.08529	0.2378	0.65	0.7082	0.7471	0.8257
23200	0.5517	0.05744	0.3027	0.5216	0.5593	0.5924	0.6808
23300	0.05402	0.07125	0.00169	0.01311	0.02729	0.06344	0.5054
23400	0.1423	0.03941	0.04363	0.1118	0.1403	0.1682	0.2854
23500	0.5706	0.1042	0.123	0.512	0.5819	0.646	0.8033
23600	0.09359	0.01899	0.03755	0.08062	0.0939	0.1053	0.219
23700	0.4464	0.08559	0.1167	0.399	0.4565	0.503	0.6951
23800	0.3187	0.1503	0.01404	0.1984	0.327	0.4308	0.6552
23900	0.3637	0.03969	0.1192	0.3395	0.3654	0.3876	0.4831
24000	0.3841	0.1009	0.0426	0.3266	0.4014	0.4525	0.6188
24100	0.4847	0.07083	0.2892	0.4399	0.4846	0.5344	0.7182
24200	0.07187	0.02926	0.02013	0.05182	0.06667	0.08588	0.2374
24300	0.08771	0.01681	0.03394	0.07684	0.08836	0.09934	0.1547
24400	0.6002	0.1091	0.1788	0.5559	0.6293	0.679	0.7892
24500	0.5396	0.09289	0.1552	0.4837	0.5618	0.6069	0.7084
24600	0.4158	0.1189	0.07099	0.3306	0.4319	0.5078	0.681
24700	0.2811	0.08699	0.0687	0.2198	0.2819	0.3503	0.4711
24800	0.4426	0.07663	0.1647	0.3947	0.4435	0.495	0.6777
24900	0.1498	0.09078	0.01342	0.08367	0.1292	0.1964	0.5233
25000	0.07508	0.113	0.0001327	0.007645	0.02801	0.08651	0.6561
25100	0.3293	0.09235	0.09717	0.2614	0.3241	0.3957	0.5442
25200	0.6692	0.06009	0.2442	0.6407	0.6777	0.7046	0.7887
25300	0.4671	0.1605	0.03243	0.3405	0.4932	0.5937	0.7604
25400	0.07766	0.01796	0.03871	0.06523	0.07651	0.08936	0.1381
25500	0.204	0.07246	0.04354	0.1492	0.1985	0.2555	0.4741
25600	0.5747	0.06117	0.2666	0.5426	0.5795	0.6192	0.7122
25700	0.0002619	0.00029	1.046e-05	9.127e-05	0.0001765	0.0003232	0.002664
25800	0.644	0.08866	0.1346	0.6046	0.6577	0.7024	0.8029
25900	0.02841	0.02335	0.003283	0.01368	0.02031	0.03534	0.1864
26000	0.3606	0.12	0.05851	0.2829	0.3584	0.4344	0.7314
26100	0.4553	0.1497	0.04545	0.3546	0.4855	0.5754	0.7298
26200	0.6675	0.05022	0.428	0.6406	0.6741	0.6996	0.7687
26300	0.3374	0.03079	0.2484	0.317	0.3333	0.3569	0.4367
26400	0.6153	0.07047	0.3609	0.5769	0.6217	0.6643	0.7932
26500	0.5597	0.0681	0.1656	0.522	0.5642	0.604	0.7165
26600	0.3042	0.1186	0.06648	0.2097	0.3004	0.3888	0.6078
26700	0.7758	0.04617	0.4673	0.7537	0.7823	0.8056	0.8701
26800	0.3301	0.1143	0.0624	0.2497	0.3362	0.4054	0.6748
26900	0.1129	0.05605	0.01777	0.07202	0.1012	0.1416	0.3601
27000	0.1192	0.09687	0.008721	0.05111	0.08957	0.1656	0.6697
27100	0.5953	0.076	0.2605	0.5568	0.6046	0.65	0.7352
27200	0.2417	0.08777	0.03766	0.1802	0.2391	0.292	0.5443
27300	0.1345	0.08936	0.01652	0.07068	0.1085	0.1687	0.533
27400	0.1514	0.1071	0.01319	0.06893	0.1177	0.2129	0.5334
27500	0.1032	0.03665	0.02736	0.08784	0.1014	0.1106	0.4235
27600	0.002374	0.003943	4.584e-05	0.0007131	0.001387	0.002684	0.06352
27700	0.2269	0.1746	0.004139	0.08958	0.1762	0.3215	0.7884
27800	0.224	0.041	0.07429	0.1987	0.2255	0.2503	0.3806
27900	0.4602	0.08459	0.1982	0.4058	0.4558	0.5163	0.7676
28000	0.1962	0.05303	0.0767	0.1612	0.1886	0.2218	0.3976
28100	0.2209	0.1118	0.03266	0.1288	0.2055	0.2942	0.5443
28200	0.6809	0.08725	0.2612	0.643	0.6987	0.7403	0.8482
28300	0.5854	0.1107	0.09948	0.5277	0.5997	0.6699	0.7854
28400	0.2953	0.07506	0.1144	0.2449	0.3004	0.3491	0.4706
28500	0.5439	0.05517	0.3731	0.5083	0.5436	0.5829	0.6992
28600	0.2703	0.05868	0.1044	0.2303	0.2735	0.3081	0.4716
28700	0.001178	0.001084	7.055e-05	0.0004878	0.0008591	0.001467	0.008194
28800	0.6567	0.04081	0.4686	0.6335	0.6591	0.684	0.7542
28900	0.6152	0.1083	0.1425	0.5493	0.635	0.6993	0.8426
29000	0.483	0.1186	0.1194	0.4012	0.4905	0.5681	0.7686
29100	0.6501	0.09474	0.2626	0.5995	0.672	0.7209	0.8129
29200	0.5357	0.06493	0.1692	0.5055	0.5441	0.5787	0.6717
29300	0.1422	0.063	0.01293	0.1091	0.138	0.1653	0.5726
29400	0.2591	0.09024	0.02795	0.1989	0.2557	0.3224	0.458
29500	0.2443	0.03013	0.1364	0.2285	0.2482	0.2644	0.3329
29600	0.3407	0.08165	0.09707	0.29	0.3387	0.3986	0.5868
29700	0.585	0.06642	0.1685	0.5551	0.5954	0.629	0.7239
29800	0.461	0.1128	0.1064	0.3861	0.4759	0.5436	0.6893
29900	0.3366	0.03078	0.2439	0.3174	0.3354	0.3556	0.4889
30000	0.4808	0.08571	0.1269	0.4315	0.4926	0.5428	0.6546
30100	0.08354	0.04123	0.01799	0.05427	0.0744	0.1043	0.2872
30200	0.6816	0.05421	0.2905	0.6568	0.6899	0.7181	0.7902
30300	0.2523	0.1375	0.02162	0.1441	0.2304	0.3447	0.6035
30400	0.477	0.1211	0.08203	0.4015	0.4984	0.5633	0.7197
30500	0.5586	0.07824	0.2013	0.5136	0.5695	0.6117	0.7279
30600	0.008747	0.01221	0.0002698	0.002639	0.004651	0.009947	0.1364
30700	0.6302	0.09529	0.1943	0.5858	0.6517	0.6962	0.7897
30800	0.646	0.09791	0.01545	0.6056	0.6665	0.7105	0.8093
30900	0.5972	0.07858	0.3228	0.5477	0.5932	0.6536	0.7896
31000	0.5746	0.05002	0.3808	0.5443	0.5781	0.6093	0.6966
31100	0.0005287	0.00063	1.941e-05	0.0001604	0.0003096	0.0006237	0.004495
31200	0.6717	0.0584	0.4026	0.6377	0.6797	0.7135	0.7978
31300	0.6885	0.02553	0.5556	0.6727	0.69	0.7065	0.7543
31400	0.7337	0.03742	0.5794	0.7146	0.7399	0.7589	0.817
31500	0.6043	0.0892	0.1977	0.5598	0.6233	0.6701	0.764
31600	0.192	0.03749	0.09226	0.166	0.1939	0.2197	0.2767
31700	0.2039	0.0921	0.0253	0.1372	0.1921	0.2597	0.5655
31800	0.09315	0.008515	0.05857	0.08911	0.09591	0.09915	0.1124
31900	0.1673	0.05486	0.06807	0.1322	0.1623	0.1926	0.5243
32000	0.01847	0.05687	9.894e-05	0.001587	0.003803	0.01077	0.69
32100	0.1429	0.05917	0.02198	0.09721	0.1389	0.1834	0.316
32200	0.02948	0.02135	0.003649	0.01472	0.02316	0.03732	0.1557
32300	0.1319	0.06745	0.01437	0.08421	0.1221	0.1697	0.4199
32400	0.3895	0.08081	0.1878	0.3325	0.3824	0.4374	0.6453
32500	0.7227	0.07106	0.4495	0.6869	0.7324	0.7726	0.9109
32600	0.2514	0.1195	0.05412	0.1635	0.2331	0.3106	0.7637
32700	0.1766	0.03201	0.08345	0.1547	0.1754	0.198	0.2807
32800	0.2484	0.03205	0.1375	0.2291	0.2506	0.2709	0.3291
32900	0.01164	0.009035	0.001322	0.006122	0.009226	0.01429	0.08815
33000	0.3538	0.09665	0.1347	0.2806	0.3558	0.4179	0.6148
33100	0.5883	0.04424	0.3508	0.5634	0.5905	0.6153	0.7034
33200	0.4057	0.07755	0.2442	0.3491	0.3997	0.4589	0.6534
33300	0.2766	0.05956	0.08656	0.2365	0.2802	0.3161	0.4806
33400	0.5449	0.08293	0.2988	0.4908	0.5509	0.6057	0.7264
33500	0.1407	0.06965	0.03108	0.08856	0.1274	0.178	0.4706
33600	0.2966	0.06077	0.07661	0.2578	0.295	0.3345	0.4569
33700	0.5212	0.1057	0.04501	0.4603	0.5327	0.5943	0.7401
33800	0.6197	0.06053	0.267	0.5919	0.6313	0.6615	0.7241
33900	0.3288	0.1776	0.004718	0.1806	0.327	0.4764	0.7003
34000	0.8637	0.04892	0.4787	0.854	0.8759	0.8908	0.9171
34100	0.2856	0.08136	0.07244	0.236	0.282	0.3326	0.5884
34200	0.3336	0.08788	0.08542	0.273	0.3313	0.3989	0.5749
34300	0.6146	0.08062	0.2098	0.5743	0.6241	0.6669	0.7955
34400	0.01163	0.01651	0.000211	0.002802	0.00629	0.01353	0.1625
34500	0.3515	0.1626	0.04011	0.2131	0.3433	0.4688	0.7468
34600	0.5353	0.0488	0.3135	0.5151	0.5408	0.5647	0.6922
34700	2.853e-06	1.187e-05	1.703e-08	4.25e-07	1.071e-06	2.411e-06	0.0002348
34800	0.7223	0.07627	0.338	0.6874	0.7368	0.7698	0.8653
34900	0.1173	0.04245	0.03822	0.0886	0.1099	0.14	0.3515
35000	0.3434	0.1001	0.07883	0.279	0.3489	0.4191	0.5632
35100	0.1875	0.03814	0.09892	0.1583	0.1829	0.2131	0.3504
35200	0.4552	0.1471	0.03705	0.3522	0.4698	0.5719	0.7421
35300	0.3026	0.07537	0.1215	0.2478	0.2989	0.3515	0.522
35400	0.105	0.06891	0.006971	0.05394	0.08525	0.142	0.4028
35500	0.5459	0.0627	0.2642	0.5109	0.5562	0.5891	0.6905
35600	0.5289	0.04026	0.3948	0.5058	0.5322	0.5553	0.6551
35700	0.1274	0.09794	0.003745	0.05077	0.102	0.1898	0.4606
35800	0.266	0.09307	0.03373	0.1972	0.28	0.3371	0.4901
35900	0.4572	0.09069	0.1748	0.3943	0.4546	0.5189	0.7499
36000	0.3214	0.06836	0.1255	0.2714	0.3147	0.3645	0.5849
36100	0.0986	0.1187	0.00294	0.0209	0.04695	0.127	0.5702
36200	0.04114	0.01273	0.0156	0.03256	0.03967	0.04752	0.148
36300	0.3845	0.1333	0.06159	0.2796	0.3831	0.4822	0.7412
36400	0.5154	0.06105	0.2842	0.4804	0.524	0.5601	0.6521
36500	0.4135	0.09832	0.1828	0.3386	0.4068	0.4868	0.707
36600	0.1853	0.07294	0.02951	0.1365	0.1787	0.2281	0.587
36700	0.161	0.06452	0.0372	0.1113	0.1574	0.2067	0.364
36800	0.0009179	0.002688	4.745e-07	4.979e-05	0.000182	0.0005265	0.02773
36900	0.5412	0.1674	0.08018	0.421	0.5686	0.6808	0.8105
37000	0.717	0.05733	0.4769	0.6881	0.7307	0.7541	0.8499
37100	0.6731	0.1183	0.1493	0.6271	0.6955	0.7559	0.8563
37200	0.2376	0.09191	0.04521	0.1754	0.2306	0.2945	0.5493
37300	4.962e-06	7.09e-06	7.711e-08	1.259e-06	2.543e-06	5.516e-06	7.288e-05
37400	0.3314	0.05509	0.1946	0.2917	0.3263	0.3685	0.5016
37500	0.4607	0.07794	0.2396	0.4121	0.4601	0.5121	0.7508
37600	0.5692	0.1138	0.1056	0.5056	0.5867	0.6505	0.8066
37700	0.5281	0.06097	0.3119	0.4891	0.5238	0.571	0.715
37800	0.1213	0.07638	0.01551	0.06462	0.09966	0.1601	0.4141
37900	0.6287	0.06621	0.3879	0.5896	0.6313	0.6753	0.7887
38000	0.3405	0.09105	0.1244	0.2781	0.3458	0.4058	0.6049
38100	0.5448	0.07541	0.2801	0.503	0.5479	0.5979	0.7318
38200	0.543	0.0944	0.2444	0.4809	0.5437	0.6047	0.7838
38300	0.004788	0.007074	7.756e-05	0.0009538	0.002423	0.005447	0.058
38400	0.5462	0.06027	0.3494	0.5048	0.5473	0.5889	0.7038
38500	0.5843	0.07309	0.2259	0.5466	0.5945	0.6348	0.7538
38600	0.5435	0.04608	0.3304	0.5191	0.5455	0.5764	0.655
38700	0.5716	0.09946	0.2644	0.5064	0.5856	0.6437	0.782
38800	0.458	0.08657	0.1314	0.4033	0.4705	0.5147	0.6419
38900	0.2854	0.1137	0.02756	0.2028	0.276	0.3632	0.62
39000	0.1707	0.03435	0.06478	0.1471	0.1685	0.1908	0.3307
39100	0.4638	0.05349	0.2608	0.4328	0.4665	0.5024	0.5826
39200	0.5037	0.04736	0.3152	0.4755	0.5041	0.5366	0.6405
39300	0.4354	0.07812	0.1771	0.3912	0.4456	0.4911	0.6199
39400	0.5122	0.1122	0.1971	0.4352	0.5221	0.6011	0.7732
39500	0.1604	0.05897	0.02721	0.1189	0.1559	0.1957	0.3737
39600	0.5292	0.06583	0.2514	0.4836	0.5366	0.5782	0.6907
39700	0.1572	0.09474	0.01546	0.0796	0.1402	0.2103	0.464
39800	0.01534	0.01912	0.000923	0.005776	0.009898	0.01813	0.2458
39900	0.2135	0.05053	0.07658	0.1844	0.2191	0.2485	0.4278
40000	0.2224	0.1249	0.01075	0.1164	0.2051	0.3121	0.6218
40100	0.2128	0.09533	0.03874	0.1461	0.199	0.2619	0.6605
40200	0.572	0.05258	0.3789	0.5401	0.5787	0.6117	0.6897
40300	0.3043	0.08011	0.1004	0.249	0.2934	0.3506	0.5786
40400	0.6072	0.07057	0.2972	0.5716	0.62	0.656	0.7588
40500	0.09978	0.001158	0.08986	0.09935	0.1002	0.1005	0.1014
40600	0.0006092	0.001167	1.726e-06	8.899e-05	0.0002465	0.0006618	0.0122
40700	0.3525	0.05792	0.1329	0.3181	0.353	0.3935	0.4924
40800	0.224	0.1136	0.007031	0.131	0.218	0.3153	0.5063
40900	0.3944	0.07069	0.1121	0.35	0.398	0.443	0.6144
41000	0.6383	0.0665	0.2911	0.6082	0.6426	0.6833	0.7948
41100	0.04261	0.05684	0.0004907	0.007997	0.02009	0.05567	0.4433
41200	0.7115	0.07653	0.3819	0.6735	0.7218	0.7671	0.8705
41300	0.1337	0.03559	0.06597	0.1108	0.1259	0.1467	0.306
41400	0.2912	0.1043	0.04714	0.212	0.3001	0.373	0.5516
41500	0.7518	0.04194	0.4967	0.7324	0.7588	0.7818	0.8305
41600	0.2768	0.05582	0.1052	0.2416	0.2695	0.3036	0.5604
41700	0.4943	0.05545	0.2607	0.4567	0.4955	0.5349	0.6341
41800	0.6721	0.06569	0.4117	0.6366	0.6822	0.7169	0.8099
41900	0.6212	0.07037	0.3718	0.581	0.6275	0.6719	0.7959
42000	0.592	0.07782	0.07128	0.5576	0.6078	0.6451	0.7189
42100	0.421	0.1446	0.06856	0.311	0.4223	0.538	0.7138
42200	0.1978	0.1056	0.02133	0.1181	0.1784	0.2624	0.5339
42300	0.4573	0.08891	0.1128	0.4039	0.4814	0.522	0.6091
42400	0.6197	0.05369	0.3903	0.5886	0.6251	0.6585	0.7373
42500	0.3239	0.1003	0.09727	0.2453	0.3179	0.3972	0.6075
42600	0.01834	0.02271	0.002318	0.007195	0.01173	0.02185	0.2534
42700	0.6956	0.0842	0.2718	0.6583	0.7138	0.7533	0.8346
42800	0.6012	0.09807	0.25	0.5486	0.6214	0.6738	0.7693
42900	0.7483	0.04806	0.3777	0.7258	0.7555	0.7814	0.8541
43000	0.3766	0.0607	0.142	0.3479	0.3811	0.4178	0.5017
43100	0.407	0.0586	0.1494	0.377	0.4132	0.4468	0.5415
43200	0.6177	0.1012	0.2274	0.5616	0.6314	0.6957	0.8053
43300	0.6878	0.0803	0.3345	0.651	0.7006	0.7446	0.8176
43400	0.4825	0.05507	0.2539	0.4503	0.4885	0.5207	0.6406
43500	0.5723	0.07667	0.2546	0.5289	0.5783	0.6249	0.7554
43600	0.4765	0.09062	0.2	0.4157	0.4797	0.5408	0.711
43700	0.02425	0.02139	0.0009673	0.01124	0.01785	0.02933	0.2029
43800	0.5083	0.1394	0.1113	0.409	0.5146	0.6074	0.8314
43900	0.1444	0.05033	0.06555	0.107	0.1339	0.1671	0.3532
44000	0.465	0.1022	0.172	0.3912	0.4584	0.5421	0.7332
44100	0.5995	0.07135	0.3472	0.5559	0.6067	0.6508	0.7772
44200	0.3725	0.1871	0.0515	0.2156	0.3652	0.5099	0.8007
44300	0.3407	0.07039	0.07154	0.2967	0.3405	0.3884	0.535
44400	0.3276	0.1268	0.1066	0.2306	0.3002	0.4201	0.6978
44500	0.1975	0.1332	0.01025	0.09328	0.1711	0.2719	0.6346
44600	0.235	0.1036	0.01963	0.1464	0.2381	0.3031	0.5666
44700	0.2626	0.08243	0.06621	0.2026	0.2539	0.3116	0.6059
44800	0.6826	0.0861	0.2986	0.6386	0.6981	0.7411	0.8351
44900	0.4317	0.1059	0.127	0.366	0.4372	0.5135	0.7139
45000	0.0588	0.0835	0.00012	0.006238	0.01924	0.07596	0.4085
45100	0.09219	0.03187	0.02438	0.06848	0.09081	0.1136	0.2188
45200	0.3727	0.1074	0.08801	0.2955	0.3805	0.4492	0.677
45300	0.06498	0.04978	0.001149	0.02221	0.05026	0.1028	0.2022
45400	0.1926	0.03657	0.1205	0.1654	0.185	0.2107	0.3393
45500	0.08206	0.0502	0.008936	0.04828	0.07174	0.1013	0.4215
45600	0.4816	0.117	0.0955	0.4038	0.4896	0.5653	0.7444
45700	0.0782	0.06585	0.003569	0.03462	0.06272	0.09933	0.5132
45800	0.01041	0.008007	0.0007085	0.005222	0.008267	0.01284	0.06875
45900	0.1632	0.1669	0.0003287	0.02687	0.09646	0.2573	0.6929
46000	0.7069	0.05846	0.3422	0.682	0.7163	0.7467	0.8289
46100	0.1517	0.07718	0.03104	0.09353	0.1384	0.1986	0.4875
46200	0.1576	0.0849	0.01054	0.09143	0.1509	0.2112	0.514
46300	0.04849	0.02846	0.007714	0.02962	0.04252	0.05945	0.2575
46400	0.5086	0.1042	0.08217	0.4472	0.5227	0.58	0.7263
46500	0.1818	0.07415	0.02877	0.1243	0.1738	0.2291	0.4224
46600	0.2691	0.07568	0.05764	0.2183	0.2757	0.323	0.5009
46700	0.3925	0.05046	0.1547	0.3663	0.3924	0.4209	0.5359
46800	0.2622	0.1437	0.02892	0.1524	0.2284	0.3572	0.6622
46900	0.3845	0.1121	0.1312	0.3047	0.3678	0.4548	0.7354
47000	0.5685	0.09337	0.2224	0.5124	0.583	0.6352	0.7583
47100	0.03529	0.01988	0.006788	0.02155	0.03084	0.04401	0.1479
47200	0.07518	0.03187	0.02925	0.05243	0.06888	0.08867	0.2463
47300	0.04198	0.01328	0.01652	0.0322	0.0408	0.04923	0.1117
47400	0.09298	0.04808	0.007065	0.05454	0.08615	0.1243	0.2444
47500	0.1605	0.07733	0.01374	0.09933	0.1573	0.2165	0.3324
47600	0.00383	0.004089	0.0001526	0.001129	0.002388	0.00531	0.0383
47700	0.6873	0.0775	0.3004	0.6492	0.7085	0.7409	0.8257
47800	0.07535	0.04429	0.005838	0.03971	0.07291	0.1026	0.2536
47900	0.1244	0.06302	0.01884	0.07758	0.1139	0.155	0.4224
48000	0.5467	0.09291	0.08736	0.5051	0.5595	0.6079	0.7501
48100	0.5635	0.087	0.307	0.5081	0.5767	0.629	0.7415
48200	0.6402	0.1012	0.2726	0.5861	0.6539	0.7098	0.8394
48300	0.5843	0.09074	0.1752	0.5348	0.5952	0.6496	0.7726
48400	0.3791	0.1232	0.1115	0.2838	0.381	0.4781	0.6404
48500	0.1159	0.05518	0.02212	0.07707	0.1036	0.1424	0.3574
48600	0.3279	0.08126	0.1219	0.2723	0.3207	0.378	0.5831
48700	0.01387	0.02512	0.000321	0.003274	0.006423	0.01273	0.2343
48800	0.4952	0.08937	0.2631	0.4319	0.48	0.5463	0.7764
48900	0.6113	0.08658	0.2999	0.5627	0.6222	0.6754	0.7917
49000	0.01887	0.02198	0.0004182	0.005394	0.0111	0.02358	0.1838
49100	0.622	0.07118	0.2851	0.5813	0.6334	0.6711	0.7576
49200	0.002251	0.002109	9.562e-05	0.0009521	0.001619	0.002707	0.01556
49300	3.259e-05	4.872e-05	5.023e-07	8.43e-06	1.589e-05	3.439e-05	0.0003938
49400	0.3517	0.09294	0.04789	0.2905	0.3546	0.4155	0.6214
49500	0.2314	0.04409	0.1234	0.1992	0.2288	0.2567	0.3917
49600	0.1121	0.08083	0.008948	0.04792	0.09384	0.1526	0.53
49700	0.0311	0.03837	0.0005699	0.007682	0.01574	0.03782	0.3033
49800	0.4728	0.1439	0.1128	0.3696	0.4909	0.587	0.7946
49900	0.09206	0.004689	0.07305	0.08944	0.0927	0.09546	0.1004
