idx	label	predict	radius	correct	unperturbed predict	unperturbed correct	time
0	0	-1	0.0	0	394	0	0:02:54.412430
100	2	2	1.35	1	2	1	0:02:51.953446
200	4	-1	0.0	0	-1	0	0:02:51.668988
300	6	6	0.654	1	6	1	0:02:52.011261
400	8	8	0.23	1	8	1	0:02:51.636632
500	10	10	2.24	1	10	1	0:02:51.945043
600	12	835	0.153	0	835	0	0:02:52.036704
700	14	14	3.29	1	14	1	0:02:52.887824
800	16	16	1.16	1	16	1	0:02:51.796362
900	18	99	0.569	0	99	0	0:02:51.618854
1000	20	20	1.68	1	20	1	0:02:51.378545
1100	22	21	0.671	0	21	0	0:02:51.430768
1200	24	24	3.79	1	24	1	0:02:51.392125
1300	26	26	0.333	1	26	1	0:02:51.901499
1400	28	-1	0.0	0	76	0	0:02:51.544724
1500	30	30	1.72	1	30	1	0:02:51.475388
1600	32	103	0.0991	0	103	0	0:02:51.539162
1700	34	-1	0.0	0	76	0	0:02:51.666270
1800	36	35	1.21	0	35	0	0:02:51.481790
1900	38	44	1.27	0	44	0	0:02:51.606100
2000	40	-1	0.0	0	46	0	0:02:51.126853
2100	42	48	0.433	0	48	0	0:02:51.774597
2200	44	44	1.18	1	44	1	0:02:51.470700
2300	46	40	2.36	0	40	0	0:02:51.278224
2400	48	-1	0.0	0	69	0	0:02:51.200668
2500	50	47	0.43	0	47	0	0:02:51.737339
2600	52	329	0.219	0	329	0	0:02:51.733984
2700	54	57	3.11	0	57	0	0:02:51.373762
2800	56	56	3.23	1	56	1	0:02:51.202746
2900	58	-1	0.0	0	114	0	0:02:51.176952
3000	60	61	1.91	0	61	0	0:02:51.885922
3100	62	61	1.56	0	61	0	0:02:51.698590
3200	64	64	1.59	1	64	1	0:02:51.456372
3300	66	-1	0.0	0	42	0	0:02:51.532814
3400	68	111	1.91	0	111	0	0:02:51.206939
3500	70	70	3.72	1	70	1	0:02:51.433907
3600	72	72	2.02	1	72	1	0:02:51.509967
3700	74	-1	0.0	0	78	0	0:02:51.226619
3800	76	-1	0.0	0	76	1	0:02:51.409363
3900	78	78	0.427	1	78	1	0:02:51.635749
4000	80	80	3.63	1	80	1	0:02:51.524399
4100	82	82	0.813	1	82	1	0:02:51.413645
4200	84	-1	0.0	0	-1	0	0:02:51.721002
4300	86	-1	0.0	0	83	0	0:02:51.615223
4400	88	954	0.743	0	954	0	0:02:51.940664
4500	90	90	1.65	1	90	1	0:02:51.495441
4600	92	14	0.309	0	14	0	0:02:51.412254
4700	94	94	2.11	1	94	1	0:02:51.530908
4800	96	96	3.79	1	96	1	0:02:51.669600
4900	98	-1	0.0	0	484	0	0:02:51.638400
5000	100	100	3.58	1	100	1	0:02:51.454788
5100	102	-1	0.0	0	316	0	0:02:50.882783
5200	104	342	1.48	0	342	0	0:02:49.890737
5300	106	106	2.47	1	106	1	0:02:49.502737
5400	108	470	0.381	0	470	0	0:02:49.384031
5500	110	110	1.93	1	110	1	0:02:49.554858
5600	112	-1	0.0	0	112	1	0:02:49.218785
5700	114	113	1.14	0	113	0	0:02:49.569113
5800	116	116	2.66	1	116	1	0:02:49.395621
5900	118	118	1.04	1	118	1	0:02:49.032816
6000	120	316	0.0824	0	316	0	0:02:49.711885
6100	122	122	2.75	1	122	1	0:02:49.532772
6200	124	-1	0.0	0	314	0	0:02:50.139150
6300	126	-1	0.0	0	363	0	0:02:49.301443
6400	128	128	3.13	1	128	1	0:02:49.339194
6500	130	130	0.332	1	130	1	0:02:49.306053
6600	132	132	1.88	1	132	1	0:02:48.863190
6700	134	132	0.312	0	132	0	0:02:49.121074
6800	136	136	3.79	1	136	1	0:02:48.894487
6900	138	138	1.08	1	138	1	0:02:49.318980
7000	140	140	3.79	1	140	1	0:02:49.413189
7100	142	133	0.685	0	133	0	0:02:49.759455
7200	144	331	1.47	0	331	0	0:02:49.079226
7300	146	-1	0.0	0	83	0	0:02:49.710097
7400	148	148	3.63	1	148	1	0:02:49.147228
7500	150	360	0.0523	0	360	0	0:02:49.584087
7600	152	152	1.85	1	152	1	0:02:49.406455
7700	154	260	0.788	0	260	0	0:02:49.518076
7800	156	156	2.5	1	156	1	0:02:48.883874
7900	158	158	0.119	1	158	1	0:02:49.180208
8000	160	160	0.904	1	160	1	0:02:49.601296
8100	162	162	0.701	1	162	1	0:02:49.877650
8200	164	217	0.272	0	217	0	0:02:49.896007
8300	166	162	0.715	0	162	0	0:02:49.982743
8400	168	-1	0.0	0	739	0	0:02:49.072015
8500	170	-1	0.0	0	176	0	0:02:49.138928
8600	172	172	0.222	1	172	1	0:02:49.037757
8700	174	254	0.374	0	254	0	0:02:48.906176
8800	176	176	1.23	1	176	1	0:02:50.419247
8900	178	178	2.21	1	178	1	0:02:50.019806
9000	180	-1	0.0	0	243	0	0:02:49.741179
9100	182	760	0.743	0	760	0	0:02:50.193268
9200	184	-1	0.0	0	189	0	0:02:50.002922
9300	186	192	0.28	0	192	0	0:02:49.678769
9400	188	-1	0.0	0	181	0	0:02:50.421511
9500	190	190	3.79	1	190	1	0:02:49.903951
9600	192	-1	0.0	0	199	0	0:02:49.158248
9700	194	-1	0.0	0	385	0	0:02:50.570521
9800	196	199	0.23	0	199	0	0:02:49.252498
9900	198	194	0.345	0	194	0	0:02:49.080310
10000	200	200	0.515	1	200	1	0:02:48.929050
10100	202	202	0.783	1	202	1	0:02:48.765465
10200	204	204	1.3	1	204	1	0:02:49.041943
10300	206	-1	0.0	0	213	0	0:02:49.757679
10400	208	-1	0.0	0	210	0	0:02:49.309211
10500	210	210	1.06	1	210	1	0:02:49.503716
10600	212	-1	0.0	0	-1	0	0:02:49.034596
10700	214	197	0.158	0	197	0	0:02:49.044196
10800	216	216	0.0899	1	216	1	0:02:49.441858
10900	218	218	3.37	1	218	1	0:02:49.429124
11000	220	220	1.47	1	220	1	0:02:49.313041
11100	222	-1	0.0	0	296	0	0:02:49.017414
11200	224	-1	0.0	0	-1	0	0:02:49.035644
11300	226	226	1.01	1	226	1	0:02:49.110289
11400	228	228	0.236	1	228	1	0:02:49.079424
11500	230	230	1.19	1	230	1	0:02:49.452435
11600	232	232	0.0429	1	232	1	0:02:49.170799
11700	234	205	0.722	0	205	0	0:02:48.943847
11800	236	-1	0.0	0	522	0	0:02:49.200744
11900	238	241	0.0898	0	241	0	0:02:49.034539
12000	240	238	1.79	0	238	0	0:02:49.237862
12100	242	172	0.228	0	172	0	0:02:49.580885
12200	244	244	2.07	1	244	1	0:02:49.461297
12300	246	212	0.0663	0	212	0	0:02:50.083501
12400	248	248	1.52	1	248	1	0:02:50.120744
12500	250	-1	0.0	0	269	0	0:02:50.446398
12600	252	-1	0.0	0	252	1	0:02:49.625181
12700	254	-1	0.0	0	-1	0	0:02:50.239496
12800	256	256	3.18	1	256	1	0:02:49.361379
12900	258	-1	0.0	0	232	0	0:02:49.610885
13000	260	260	2.12	1	260	1	0:02:49.871285
13100	262	262	2.41	1	262	1	0:02:50.304398
13200	264	264	0.515	1	264	1	0:02:50.181488
13300	266	266	1.27	1	266	1	0:02:50.439914
13400	268	268	1.24	1	268	1	0:02:50.010882
13500	270	270	1.75	1	270	1	0:02:49.819271
13600	272	-1	0.0	0	277	0	0:02:49.588762
13700	274	274	2.01	1	274	1	0:02:49.346363
13800	276	276	2.64	1	276	1	0:02:49.254886
13900	278	278	0.954	1	278	1	0:02:48.873048
14000	280	280	1.44	1	280	1	0:02:48.836635
14100	282	-1	0.0	0	281	0	0:02:49.013172
14200	284	284	3.79	1	284	1	0:02:49.207850
14300	286	286	3.08	1	286	1	0:02:49.141368
14400	288	288	0.479	1	288	1	0:02:49.034091
14500	290	290	1.55	1	290	1	0:02:49.778188
14600	292	290	1.94	0	290	0	0:02:49.242451
14700	294	294	2.61	1	294	1	0:02:49.094744
14800	296	-1	0.0	0	296	1	0:02:48.923223
14900	298	-1	0.0	0	346	0	0:02:49.626487
15000	300	300	1.67	1	300	1	0:02:49.848213
15100	302	-1	0.0	0	310	0	0:02:50.282893
15200	304	989	0.166	0	989	0	0:02:50.076366
15300	306	-1	0.0	0	316	0	0:02:49.348635
15400	308	303	0.359	0	303	0	0:02:49.167914
15500	310	310	1.23	1	310	1	0:02:50.068578
15600	312	-1	0.0	0	183	0	0:02:49.745570
15700	314	304	1.72	0	304	0	0:02:49.923973
15800	316	316	1.77	1	316	1	0:02:49.713928
15900	318	-1	0.0	0	324	0	0:02:49.651376
16000	320	320	3.51	1	320	1	0:02:48.917866
16100	322	-1	0.0	0	309	0	0:02:49.494898
16200	324	324	3.79	1	324	1	0:02:48.898641
16300	326	326	1.21	1	326	1	0:02:49.805351
16400	328	328	3.79	1	328	1	0:02:49.527417
16500	330	-1	0.0	0	343	0	0:02:49.985444
16600	332	265	0.387	0	265	0	0:02:50.155497
16700	334	334	0.495	1	334	1	0:02:49.984715
16800	336	373	0.647	0	373	0	0:02:50.035916
16900	338	617	0.225	0	617	0	0:02:50.195123
17000	340	340	3.79	1	340	1	0:02:50.567982
17100	342	373	0.482	0	373	0	0:02:49.571526
17200	344	344	0.439	1	344	1	0:02:49.627100
17300	346	-1	0.0	0	346	1	0:02:50.243289
17400	348	350	0.0366	0	350	0	0:02:50.298778
17500	350	350	3.79	1	350	1	0:02:49.637172
17600	352	352	0.317	1	352	1	0:02:49.781832
17700	354	354	0.165	1	354	1	0:02:49.979442
17800	356	-1	0.0	0	329	0	0:02:49.967001
17900	358	359	0.913	0	359	0	0:02:49.504536
18000	360	360	0.546	1	360	1	0:02:50.117092
18100	362	362	3.79	1	362	1	0:02:49.591201
18200	364	364	1.72	1	364	1	0:02:50.179563
18300	366	-1	0.0	0	366	1	0:02:49.693885
18400	368	-1	0.0	0	368	1	0:02:49.804431
18500	370	370	2.46	1	370	1	0:02:49.922295
18600	372	372	0.0497	1	372	1	0:02:49.466745
18700	374	-1	0.0	0	367	0	0:02:49.789867
18800	376	376	1.25	1	376	1	0:02:50.066294
18900	378	-1	0.0	0	244	0	0:02:49.861675
19000	380	380	0.835	1	380	1	0:02:49.964268
19100	382	382	1.68	1	382	1	0:02:49.351948
19200	384	-1	0.0	0	284	0	0:02:49.260950
19300	386	101	0.627	0	101	0	0:02:49.500199
19400	388	388	1.45	1	388	1	0:02:49.770642
19500	390	392	0.433	0	392	0	0:02:49.541203
19600	392	397	2.57	0	397	0	0:02:48.866299
19700	394	-1	0.0	0	858	0	0:02:49.302287
19800	396	396	3.79	1	396	1	0:02:49.546094
19900	398	398	2.19	1	398	1	0:02:50.062402
20000	400	400	0.338	1	400	1	0:02:49.664878
20100	402	990	0.0294	0	990	0	0:02:49.489411
20200	404	404	2.39	1	404	1	0:02:49.541858
20300	406	406	0.0893	1	406	1	0:02:50.015669
20400	408	-1	0.0	0	825	0	0:02:49.457423
20500	410	-1	0.0	0	849	0	0:02:49.181921
20600	412	412	1.06	1	412	1	0:02:49.217287
20700	414	414	1.53	1	414	1	0:02:49.602583
20800	416	416	3.79	1	416	1	0:02:49.360809
20900	418	563	0.769	0	563	0	0:02:49.256701
21000	420	-1	0.0	0	457	0	0:02:49.333590
21100	422	-1	0.0	0	604	0	0:02:49.477361
21200	424	-1	0.0	0	424	1	0:02:49.317596
21300	426	426	2.94	1	426	1	0:02:49.060164
21400	428	428	1.62	1	428	1	0:02:50.079082
21500	430	430	0.542	1	430	1	0:02:50.294021
21600	432	432	0.441	1	432	1	0:02:49.642284
21700	434	452	0.342	0	452	0	0:02:50.096913
21800	436	436	3.07	1	436	1	0:02:49.274604
21900	438	521	0.368	0	521	0	0:02:49.480170
22000	440	-1	0.0	0	-1	0	0:02:49.278738
22100	442	442	3.67	1	442	1	0:02:49.332974
22200	444	808	0.00735	0	808	0	0:02:49.023507
22300	446	-1	0.0	0	718	0	0:02:50.003909
22400	448	694	0.0318	0	694	0	0:02:50.570980
22500	450	-1	0.0	0	757	0	0:02:50.412817
22600	452	-1	0.0	0	452	1	0:02:50.465857
22700	454	-1	0.0	0	-1	0	0:02:49.994208
22800	456	522	0.801	0	522	0	0:02:50.360159
22900	458	-1	0.0	0	827	0	0:02:49.146003
23000	460	976	1.17	0	976	0	0:02:50.025769
23100	462	-1	0.0	0	500	0	0:02:49.362317
23200	464	-1	0.0	0	439	0	0:02:49.448362
23300	466	466	3.17	1	466	1	0:02:50.264656
23400	468	468	3.21	1	468	1	0:02:49.722020
23500	470	410	0.125	0	410	0	0:02:50.018778
23600	472	472	2.48	1	472	1	0:02:50.652173
23700	474	-1	0.0	0	394	0	0:02:50.007358
23800	476	476	0.739	1	476	1	0:02:49.951223
23900	478	-1	0.0	0	478	1	0:02:49.768943
24000	480	877	1.56	0	877	0	0:02:49.553528
24100	482	788	0.389	0	788	0	0:02:49.971905
24200	484	871	3.58	0	871	0	0:02:49.837472
24300	486	486	1.79	1	486	1	0:02:49.359753
24400	488	483	0.0537	0	483	0	0:02:49.135500
24500	490	-1	0.0	0	293	0	0:02:49.377533
24600	492	565	0.00612	0	565	0	0:02:49.515078
24700	494	878	0.814	0	878	0	0:02:50.005986
24800	496	-1	0.0	0	591	0	0:02:50.145325
24900	498	498	2.95	1	498	1	0:02:50.185092
25000	500	500	2.52	1	500	1	0:02:49.618410
25100	502	502	1.48	1	502	1	0:02:49.623915
25200	504	-1	0.0	0	766	0	0:02:49.661773
25300	506	506	0.894	1	506	1	0:02:49.906605
25400	508	508	3.34	1	508	1	0:02:49.739599
25500	510	510	1.56	1	510	1	0:02:50.221074
25600	512	488	0.0855	0	488	0	0:02:49.517575
25700	514	514	3.79	1	514	1	0:02:49.650485
25800	516	-1	0.0	0	938	0	0:02:49.938363
25900	518	518	3.79	1	518	1	0:02:50.494559
26000	520	520	0.282	1	520	1	0:02:49.959008
26100	522	522	1.04	1	522	1	0:02:50.202014
26200	524	-1	0.0	0	760	0	0:02:50.569197
26300	526	-1	0.0	0	673	0	0:02:50.013616
26400	528	478	0.792	0	478	0	0:02:49.719398
26500	530	-1	0.0	0	531	0	0:02:50.017054
26600	532	846	1.33	0	846	0	0:02:49.802860
26700	534	-1	0.0	0	534	1	0:02:50.275890
26800	536	403	1.02	0	403	0	0:02:50.208262
26900	538	538	3.42	1	538	1	0:02:50.265015
27000	540	540	2.29	1	540	1	0:02:52.376467
27100	542	-1	0.0	0	-1	0	0:02:52.962913
27200	544	926	0.842	0	926	0	0:02:52.522035
27300	546	546	3.1	1	546	1	0:02:52.716443
27400	548	548	2.07	1	548	1	0:02:52.566191
27500	550	550	0.22	1	550	1	0:02:52.840397
27600	552	552	3.79	1	552	1	0:02:52.286210
27700	554	554	1.95	1	554	1	0:02:52.893476
27800	556	516	0.26	0	516	0	0:02:52.570743
27900	558	257	0.783	0	257	0	0:02:52.142765
28000	560	560	0.181	1	560	1	0:02:52.535425
28100	562	562	1.75	1	562	1	0:02:53.077471
28200	564	-1	0.0	0	669	0	0:02:52.788990
28300	566	-1	0.0	0	711	0	0:02:52.541583
28400	568	399	1.09	0	399	0	0:02:52.707709
28500	570	-1	0.0	0	-1	0	0:02:52.363860
28600	572	840	0.0384	0	840	0	0:02:52.470712
28700	574	574	3.79	1	574	1	0:02:52.399726
28800	576	-1	0.0	0	972	0	0:02:52.066088
28900	578	-1	0.0	0	578	1	0:02:52.994818
29000	580	-1	0.0	0	738	0	0:02:52.228316
29100	582	-1	0.0	0	-1	0	0:02:52.658087
29200	584	-1	0.0	0	551	0	0:02:52.582957
29300	586	586	0.707	1	586	1	0:02:51.888048
29400	588	588	1.95	1	588	1	0:02:51.938591
29500	590	782	0.00705	0	782	0	0:02:52.958594
29600	592	592	0.0537	1	592	1	0:02:51.680062
29700	594	-1	0.0	0	476	0	0:02:52.331207
29800	596	825	1.88	0	825	0	0:02:52.156705
29900	598	598	0.442	1	598	1	0:02:52.296256
30000	600	417	0.167	0	417	0	0:02:52.681378
30100	602	602	3.53	1	602	1	0:02:52.484938
30200	604	799	0.214	0	799	0	0:02:52.146401
30300	606	606	2.54	1	606	1	0:02:52.582345
30400	608	523	0.717	0	523	0	0:02:52.697499
30500	610	610	0.828	1	610	1	0:02:52.267069
30600	612	612	3.79	1	612	1	0:02:52.419745
30700	614	-1	0.0	0	614	1	0:02:52.445019
30800	616	594	0.0906	0	594	0	0:02:52.650426
30900	618	-1	0.0	0	823	0	0:02:52.282908
31000	620	-1	0.0	0	617	0	0:02:52.690066
31100	622	622	3.79	1	622	1	0:02:52.184273
31200	624	-1	0.0	0	453	0	0:02:51.649142
31300	626	692	0.771	0	692	0	0:02:52.303229
31400	628	624	0.574	0	624	0	0:02:50.753378
31500	630	703	0.103	0	703	0	0:02:49.977182
31600	632	632	2.67	1	632	1	0:02:49.139432
31700	634	489	2.25	0	489	0	0:02:49.574788
31800	636	636	1.43	1	636	1	0:02:49.498203
31900	638	445	2.51	0	445	0	0:02:49.412122
32000	640	640	3.32	1	640	1	0:02:49.183136
32100	642	642	2.39	1	642	1	0:02:49.194329
32200	644	644	3.46	1	644	1	0:02:48.847061
32300	646	545	2.45	0	545	0	0:02:49.490447
32400	648	-1	0.0	0	651	0	0:02:49.372343
32500	650	-1	0.0	0	546	0	0:02:49.260196
32600	652	652	1.01	1	652	1	0:02:48.981321
32700	654	656	2.61	0	656	0	0:02:48.936438
32800	656	656	0.66	1	656	1	0:02:48.775070
32900	658	658	3.79	1	658	1	0:02:49.246190
33000	660	660	1.92	1	660	1	0:02:49.481646
33100	662	-1	0.0	0	549	0	0:02:49.426345
33200	664	-1	0.0	0	598	0	0:02:49.454846
33300	666	666	0.214	1	666	1	0:02:48.826982
33400	668	123	0.137	0	123	0	0:02:47.890678
33500	670	670	1.8	1	670	1	0:02:48.482723
33600	672	979	1.08	0	979	0	0:02:48.507191
33700	674	448	0.202	0	448	0	0:02:48.285237
33800	676	-1	0.0	0	960	0	0:02:48.192290
33900	678	678	1.3	1	678	1	0:02:48.730666
34000	680	-1	0.0	0	438	0	0:02:48.010983
34100	682	682	0.428	1	682	1	0:02:48.051274
34200	684	684	1.48	1	684	1	0:02:48.097085
34300	686	758	0.258	0	758	0	0:02:48.189989
34400	688	688	3.79	1	688	1	0:02:48.186810
34500	690	690	1.49	1	690	1	0:02:48.214794
34600	692	-1	0.0	0	571	0	0:02:48.068835
34700	694	694	3.79	1	694	1	0:02:48.653997
34800	696	-1	0.0	0	34	0	0:02:47.782717
34900	698	663	3.24	0	663	0	0:02:48.482548
35000	700	831	1.23	0	831	0	0:02:48.068507
35100	702	602	0.379	0	602	0	0:02:47.998940
35200	704	877	0.175	0	877	0	0:02:48.135124
35300	706	536	1.71	0	536	0	0:02:48.585358
35400	708	682	2.03	0	682	0	0:02:48.332253
35500	710	-1	0.0	0	414	0	0:02:48.684447
35600	712	-1	0.0	0	891	0	0:02:48.379272
35700	714	714	2.4	1	714	1	0:02:48.306615
35800	716	716	0.222	1	716	1	0:02:48.404323
35900	718	-1	0.0	0	425	0	0:02:48.344748
36000	720	951	0.38	0	951	0	0:02:48.370351
36100	722	722	2.45	1	722	1	0:02:49.058270
36200	724	780	3.79	0	780	0	0:02:49.159152
36300	726	726	0.864	1	726	1	0:02:49.130955
36400	728	728	0.64	1	728	1	0:02:49.562415
36500	730	-1	0.0	0	-1	0	0:02:49.252718
36600	732	732	1.13	1	732	1	0:02:49.277358
36700	734	734	1.94	1	734	1	0:02:48.823345
36800	736	736	3.79	1	736	1	0:02:49.084856
36900	738	738	0.901	1	738	1	0:02:49.299401
37000	740	-1	0.0	0	450	0	0:02:49.808959
37100	742	-1	0.0	0	859	0	0:02:49.686731
37200	744	442	1.39	0	442	0	0:02:49.993383
37300	746	746	3.79	1	746	1	0:02:50.251085
37400	748	748	0.712	1	748	1	0:02:49.616645
37500	750	257	0.0897	0	257	0	0:02:50.290638
37600	752	-1	0.0	0	765	0	0:02:49.749105
37700	754	-1	0.0	0	754	1	0:02:50.591369
37800	756	756	3.79	1	756	1	0:02:49.710840
37900	758	726	0.156	0	726	0	0:02:50.210570
38000	760	799	1.53	0	799	0	0:02:50.115810
38100	762	762	1.07	1	762	1	0:02:49.543348
38200	764	650	0.181	0	650	0	0:02:50.127281
38300	766	766	3.58	1	766	1	0:02:49.665232
38400	768	-1	0.0	0	890	0	0:02:48.659924
38500	770	-1	0.0	0	-1	0	0:02:48.925884
38600	772	-1	0.0	0	419	0	0:02:48.672196
38700	774	-1	0.0	0	514	0	0:02:49.282204
38800	776	-1	0.0	0	843	0	0:02:48.910179
38900	778	747	2.15	0	747	0	0:02:48.994056
39000	780	914	0.804	0	914	0	0:02:49.164775
39100	782	598	0.232	0	598	0	0:02:49.655038
39200	784	-1	0.0	0	828	0	0:02:49.699704
39300	786	-1	0.0	0	665	0	0:02:49.827589
39400	788	-1	0.0	0	702	0	0:02:49.471307
39500	790	830	1.35	0	830	0	0:02:49.073938
39600	792	792	1.44	1	792	1	0:02:48.976602
39700	794	794	2.13	1	794	1	0:02:49.157443
39800	796	796	3.63	1	796	1	0:02:49.853148
39900	798	798	0.364	1	798	1	0:02:49.756323
40000	800	800	1.68	1	800	1	0:02:49.787697
40100	802	802	0.863	1	802	1	0:02:49.930833
40200	804	844	0.361	0	844	0	0:02:49.689960
40300	806	-1	0.0	0	806	1	0:02:49.666492
40400	808	-1	0.0	0	502	0	0:02:49.767394
40500	810	810	0.866	1	810	1	0:02:50.066054
40600	812	812	3.79	1	812	1	0:02:49.827731
40700	814	-1	0.0	0	628	0	0:02:49.942840
40800	816	816	1.45	1	816	1	0:02:49.573802
40900	818	-1	0.0	0	745	0	0:02:49.122274
41000	820	-1	0.0	0	498	0	0:02:48.641606
41100	822	822	3.08	1	822	1	0:02:48.952729
41200	824	-1	0.0	0	824	1	0:02:48.828104
41300	826	531	1.39	0	531	0	0:02:49.056718
41400	828	818	1.65	0	818	0	0:02:48.908691
41500	830	-1	0.0	0	171	0	0:02:48.696277
41600	832	-1	0.0	0	832	1	0:02:48.859925
41700	834	417	0.17	0	417	0	0:02:49.003342
41800	836	-1	0.0	0	444	0	0:02:49.090855
41900	838	478	0.142	0	478	0	0:02:49.750544
42000	840	-1	0.0	0	-1	0	0:02:49.365203
42100	842	842	0.845	1	842	1	0:02:50.213695
42200	844	844	2.31	1	844	1	0:02:49.424240
42300	846	-1	0.0	0	532	0	0:02:49.053957
42400	848	-1	0.0	0	-1	0	0:02:49.490372
42500	850	584	0.503	0	584	0	0:02:50.308951
42600	852	852	3.67	1	852	1	0:02:49.773795
42700	854	-1	0.0	0	-1	0	0:02:49.665832
42800	856	-1	0.0	0	856	1	0:02:49.274239
42900	858	-1	0.0	0	-1	0	0:02:49.766044
43000	860	941	0.0731	0	941	0	0:02:49.627810
43100	862	-1	0.0	0	498	0	0:02:49.832323
43200	864	-1	0.0	0	595	0	0:02:49.931018
43300	866	-1	0.0	0	866	1	0:02:50.094252
43400	868	-1	0.0	0	967	0	0:02:49.821847
43500	870	-1	0.0	0	433	0	0:02:49.059840
43600	872	-1	0.0	0	840	0	0:02:49.167036
43700	874	874	3.79	1	874	1	0:02:49.730533
43800	876	648	1.51	0	648	0	0:02:49.806465
43900	878	878	2.05	1	878	1	0:02:49.891101
44000	880	-1	0.0	0	621	0	0:02:50.085948
44100	882	-1	0.0	0	760	0	0:02:49.501982
44200	884	884	1.34	1	884	1	0:02:48.962054
44300	886	886	1.17	1	886	1	0:02:48.871255
44400	888	718	0.372	0	718	0	0:02:48.991710
44500	890	890	1.85	1	890	1	0:02:49.176846
44600	892	858	1.41	0	858	0	0:02:49.293584
44700	894	894	2.09	1	894	1	0:02:49.206940
44800	896	-1	0.0	0	430	0	0:02:48.900079
44900	898	-1	0.0	0	458	0	0:02:49.319719
45000	900	900	2.01	1	900	1	0:02:49.215613
45100	902	902	2.3	1	902	1	0:02:49.101692
45200	904	905	2.16	0	905	0	0:02:48.836970
45300	906	906	1.61	1	906	1	0:02:49.042710
45400	908	895	1.06	0	895	0	0:02:49.303774
45500	910	641	2.72	0	641	0	0:02:50.065363
45600	912	730	0.389	0	730	0	0:02:49.577018
45700	914	914	2.65	1	914	1	0:02:49.843737
45800	916	916	3.79	1	916	1	0:02:49.396946
45900	918	918	1.87	1	918	1	0:02:49.874075
46000	920	-1	0.0	0	672	0	0:02:49.823428
46100	922	922	2.6	1	922	1	0:02:50.210229
46200	924	924	1.19	1	924	1	0:02:49.758989
46300	926	926	3.79	1	926	1	0:02:49.654286
46400	928	-1	0.0	0	332	0	0:02:49.966983
46500	930	964	2.28	0	964	0	0:02:49.672026
46600	932	932	0.939	1	932	1	0:02:49.804794
46700	934	937	0.0795	0	937	0	0:02:49.266241
46800	936	936	1.13	1	936	1	0:02:49.936363
46900	938	937	1.23	0	937	0	0:02:49.993372
47000	940	-1	0.0	0	-1	0	0:02:49.646935
47100	942	942	3.45	1	942	1	0:02:49.077605
47200	944	946	2.99	0	946	0	0:02:49.805535
47300	946	946	3.79	1	946	1	0:02:49.442133
47400	948	948	1.84	1	948	1	0:02:49.350971
47500	950	950	1.55	1	950	1	0:02:49.108100
47600	952	90	3.79	0	90	0	0:02:48.899237
47700	954	-1	0.0	0	955	0	0:02:49.627268
47800	956	956	1.73	1	956	1	0:02:49.679796
47900	958	483	3.04	0	483	0	0:02:50.099524
48000	960	-1	0.0	0	213	0	0:02:49.436043
48100	962	962	0.0317	1	962	1	0:02:49.701149
48200	964	-1	0.0	0	961	0	0:02:49.984407
48300	966	-1	0.0	0	630	0	0:02:49.650257
48400	968	968	0.984	1	968	1	0:02:49.370902
48500	970	795	2.58	0	795	0	0:02:49.895622
48600	972	979	1.49	0	979	0	0:02:49.718618
48700	974	974	3.79	1	974	1	0:02:49.466590
48800	976	-1	0.0	0	780	0	0:02:49.824327
48900	978	-1	0.0	0	693	0	0:02:49.756529
49000	980	980	3.79	1	980	1	0:02:49.469940
49100	982	982	0.624	1	982	1	0:02:50.228955
49200	984	984	3.79	1	984	1	0:02:50.429237
49300	986	986	3.79	1	986	1	0:02:49.486720
49400	988	-1	0.0	0	112	0	0:02:48.892257
49500	990	952	0.639	0	952	0	0:02:49.469139
49600	992	992	1.64	1	992	1	0:02:49.318980
49700	994	994	2.96	1	994	1	0:02:49.682499
49800	996	996	0.411	1	996	1	0:02:49.323313
49900	998	987	2.87	0	987	0	0:02:49.623113
