idx	predict	radius	unperturbed predict	time
0	0	3.79	0	0:02:54.412430
100	0	3.79	0	0:02:51.953446
200	0	3.79	0	0:02:51.668988
300	0	3.79	0	0:02:52.011261
400	0	3.79	0	0:02:51.636632
500	0	0.456	0	0:02:51.945043
600	0	3.79	0	0:02:52.036704
700	1	0.301	1	0:02:52.887824
800	0	2.78	0	0:02:51.796362
900	0	3.79	0	0:02:51.618854
1000	0	3.55	0	0:02:51.378545
1100	0	3.72	0	0:02:51.430768
1200	1	1.84	1	0:02:51.392125
1300	0	3.79	0	0:02:51.901499
1400	0	3.79	0	0:02:51.544724
1500	0	3.48	0	0:02:51.475388
1600	0	3.79	0	0:02:51.539162
1700	0	3.79	0	0:02:51.666270
1800	0	3.79	0	0:02:51.481790
1900	0	3.79	0	0:02:51.606100
2000	0	3.79	0	0:02:51.126853
2100	0	3.72	0	0:02:51.774597
2200	0	3.79	0	0:02:51.470700
2300	0	3.79	0	0:02:51.278224
2400	0	3.79	0	0:02:51.200668
2500	0	3.79	0	0:02:51.737339
2600	0	3.79	0	0:02:51.733984
2700	0	2.85	0	0:02:51.373762
2800	0	1.49	0	0:02:51.202746
2900	0	3.79	0	0:02:51.176952
3000	0	3.6	0	0:02:51.885922
3100	0	3.79	0	0:02:51.698590
3200	0	3.79	0	0:02:51.456372
3300	0	3.79	0	0:02:51.532814
3400	0	3.28	0	0:02:51.206939
3500	1	0.161	1	0:02:51.433907
3600	0	3.79	0	0:02:51.509967
3700	0	3.72	0	0:02:51.226619
3800	0	3.79	0	0:02:51.409363
3900	0	3.67	0	0:02:51.635749
4000	1	1.53	1	0:02:51.524399
4100	0	3.79	0	0:02:51.413645
4200	0	3.79	0	0:02:51.721002
4300	0	3.79	0	0:02:51.615223
4400	0	3.48	0	0:02:51.940664
4500	0	1.52	0	0:02:51.495441
4600	0	3.01	0	0:02:51.412254
4700	0	1.26	0	0:02:51.530908
4800	1	3.79	1	0:02:51.669600
4900	0	3.79	0	0:02:51.638400
5000	1	0.913	1	0:02:51.454788
5100	0	2.68	0	0:02:50.882783
5200	0	3.79	0	0:02:49.890737
5300	0	2.25	0	0:02:49.502737
5400	0	3.79	0	0:02:49.384031
5500	0	2.74	0	0:02:49.554858
5600	0	3.79	0	0:02:49.218785
5700	0	3.72	0	0:02:49.569113
5800	0	0.515	0	0:02:49.395621
5900	0	3.79	0	0:02:49.032816
6000	0	3.79	0	0:02:49.711885
6100	0	3.79	0	0:02:49.532772
6200	0	3.79	0	0:02:50.139150
6300	0	3.1	0	0:02:49.301443
6400	0	1.72	0	0:02:49.339194
6500	0	2.54	0	0:02:49.306053
6600	0	2.88	0	0:02:48.863190
6700	0	3.79	0	0:02:49.121074
6800	1	3.79	1	0:02:48.894487
6900	0	1.01	0	0:02:49.318980
7000	1	1.03	1	0:02:49.413189
7100	0	3.6	0	0:02:49.759455
7200	0	3.79	0	0:02:49.079226
7300	0	3.79	0	0:02:49.710097
7400	-1	0.0	-1	0:02:49.147228
7500	0	3.79	0	0:02:49.584087
7600	0	1.49	0	0:02:49.406455
7700	0	3.79	0	0:02:49.518076
7800	0	1.26	0	0:02:48.883874
7900	0	3.79	0	0:02:49.180208
8000	0	2.3	0	0:02:49.601296
8100	0	3.79	0	0:02:49.877650
8200	0	3.79	0	0:02:49.896007
8300	0	3.79	0	0:02:49.982743
8400	0	3.79	0	0:02:49.072015
8500	0	3.79	0	0:02:49.138928
8600	0	3.79	0	0:02:49.037757
8700	0	3.63	0	0:02:48.906176
8800	0	3.63	0	0:02:50.419247
8900	0	1.35	0	0:02:50.019806
9000	0	3.79	0	0:02:49.741179
9100	0	3.79	0	0:02:50.193268
9200	0	3.79	0	0:02:50.002922
9300	0	3.79	0	0:02:49.678769
9400	0	3.79	0	0:02:50.421511
9500	0	0.25	0	0:02:49.903951
9600	0	3.79	0	0:02:49.158248
9700	0	3.79	0	0:02:50.570521
9800	0	3.79	0	0:02:49.252498
9900	0	3.72	0	0:02:49.080310
10000	0	3.79	0	0:02:48.929050
10100	0	3.79	0	0:02:48.765465
10200	0	3.79	0	0:02:49.041943
10300	0	3.63	0	0:02:49.757679
10400	0	3.79	0	0:02:49.309211
10500	0	3.79	0	0:02:49.503716
10600	0	3.79	0	0:02:49.034596
10700	0	3.79	0	0:02:49.044196
10800	0	3.79	0	0:02:49.441858
10900	0	3.4	0	0:02:49.429124
11000	0	3.21	0	0:02:49.313041
11100	0	3.79	0	0:02:49.017414
11200	0	3.79	0	0:02:49.035644
11300	0	3.72	0	0:02:49.110289
11400	0	3.4	0	0:02:49.079424
11500	0	3.79	0	0:02:49.452435
11600	0	3.79	0	0:02:49.170799
11700	0	3.79	0	0:02:48.943847
11800	0	3.79	0	0:02:49.200744
11900	0	3.79	0	0:02:49.034539
12000	0	3.79	0	0:02:49.237862
12100	0	3.79	0	0:02:49.580885
12200	0	2.23	0	0:02:49.461297
12300	0	3.79	0	0:02:50.083501
12400	0	3.79	0	0:02:50.120744
12500	0	3.79	0	0:02:50.446398
12600	0	3.79	0	0:02:49.625181
12700	0	3.67	0	0:02:50.239496
12800	0	3.72	0	0:02:49.361379
12900	0	3.79	0	0:02:49.610885
13000	0	0.303	0	0:02:49.871285
13100	0	1.77	0	0:02:50.304398
13200	0	3.79	0	0:02:50.181488
13300	0	3.79	0	0:02:50.439914
13400	0	3.67	0	0:02:50.010882
13500	0	3.67	0	0:02:49.819271
13600	0	3.79	0	0:02:49.588762
13700	0	2.67	0	0:02:49.346363
13800	0	0.513	0	0:02:49.254886
13900	0	3.79	0	0:02:48.873048
14000	0	3.0	0	0:02:48.836635
14100	0	3.79	0	0:02:49.013172
14200	1	3.27	1	0:02:49.207850
14300	1	0.0672	1	0:02:49.141368
14400	0	3.79	0	0:02:49.034091
14500	0	2.96	0	0:02:49.778188
14600	0	3.0	0	0:02:49.242451
14700	0	2.0	0	0:02:49.094744
14800	0	3.79	0	0:02:48.923223
14900	0	3.79	0	0:02:49.626487
15000	0	0.456	0	0:02:49.848213
15100	0	3.79	0	0:02:50.282893
15200	0	3.72	0	0:02:50.076366
15300	0	3.79	0	0:02:49.348635
15400	0	3.79	0	0:02:49.167914
15500	0	3.04	0	0:02:50.068578
15600	0	3.79	0	0:02:49.745570
15700	0	3.79	0	0:02:49.923973
15800	0	1.71	0	0:02:49.713928
15900	0	3.6	0	0:02:49.651376
16000	0	1.14	0	0:02:48.917866
16100	0	3.79	0	0:02:49.494898
16200	0	1.49	0	0:02:48.898641
16300	0	2.36	0	0:02:49.805351
16400	0	0.318	0	0:02:49.527417
16500	0	3.79	0	0:02:49.985444
16600	0	3.79	0	0:02:50.155497
16700	0	2.97	0	0:02:49.984715
16800	0	3.72	0	0:02:50.035916
16900	0	3.79	0	0:02:50.195123
17000	1	3.79	1	0:02:50.567982
17100	0	3.79	0	0:02:49.571526
17200	0	3.26	0	0:02:49.627100
17300	0	3.79	0	0:02:50.243289
17400	0	3.79	0	0:02:50.298778
17500	1	2.63	1	0:02:49.637172
17600	0	3.79	0	0:02:49.781832
17700	0	3.6	0	0:02:49.979442
17800	0	3.79	0	0:02:49.967001
17900	0	3.79	0	0:02:49.504536
18000	0	3.09	0	0:02:50.117092
18100	1	2.64	1	0:02:49.591201
18200	0	2.59	0	0:02:50.179563
18300	0	3.72	0	0:02:49.693885
18400	0	3.67	0	0:02:49.804431
18500	0	2.17	0	0:02:49.922295
18600	0	3.79	0	0:02:49.466745
18700	0	3.79	0	0:02:49.789867
18800	0	2.23	0	0:02:50.066294
18900	0	3.79	0	0:02:49.861675
19000	0	3.79	0	0:02:49.964268
19100	0	2.13	0	0:02:49.351948
19200	0	3.79	0	0:02:49.260950
19300	0	3.79	0	0:02:49.500199
19400	0	2.7	0	0:02:49.770642
19500	0	3.49	0	0:02:49.541203
19600	0	2.92	0	0:02:48.866299
19700	0	3.79	0	0:02:49.302287
19800	1	2.81	1	0:02:49.546094
19900	0	2.99	0	0:02:50.062402
20000	0	3.79	0	0:02:49.664878
20100	0	3.79	0	0:02:49.489411
20200	0	2.14	0	0:02:49.541858
20300	0	3.79	0	0:02:50.015669
20400	0	3.79	0	0:02:49.457423
20500	0	3.79	0	0:02:49.181921
20600	0	3.79	0	0:02:49.217287
20700	0	3.79	0	0:02:49.602583
20800	0	1.89	0	0:02:49.360809
20900	0	3.79	0	0:02:49.256701
21000	0	3.79	0	0:02:49.333590
21100	0	3.79	0	0:02:49.477361
21200	0	3.79	0	0:02:49.317596
21300	0	1.34	0	0:02:49.060164
21400	0	1.37	0	0:02:50.079082
21500	0	3.79	0	0:02:50.294021
21600	0	3.79	0	0:02:49.642284
21700	0	3.79	0	0:02:50.096913
21800	0	3.72	0	0:02:49.274604
21900	0	3.79	0	0:02:49.480170
22000	0	3.79	0	0:02:49.278738
22100	0	3.3	0	0:02:49.332974
22200	0	3.79	0	0:02:49.023507
22300	0	3.79	0	0:02:50.003909
22400	0	3.79	0	0:02:50.570980
22500	0	3.79	0	0:02:50.412817
22600	0	3.79	0	0:02:50.465857
22700	0	3.79	0	0:02:49.994208
22800	0	3.79	0	0:02:50.360159
22900	0	3.79	0	0:02:49.146003
23000	0	3.79	0	0:02:50.025769
23100	0	3.79	0	0:02:49.362317
23200	0	3.79	0	0:02:49.448362
23300	0	0.378	0	0:02:50.264656
23400	0	3.79	0	0:02:49.722020
23500	0	3.79	0	0:02:50.018778
23600	0	3.79	0	0:02:50.652173
23700	0	3.79	0	0:02:50.007358
23800	0	2.41	0	0:02:49.951223
23900	0	3.79	0	0:02:49.768943
24000	0	3.79	0	0:02:49.553528
24100	0	3.79	0	0:02:49.971905
24200	0	3.16	0	0:02:49.837472
24300	0	3.72	0	0:02:49.359753
24400	0	3.79	0	0:02:49.135500
24500	0	3.79	0	0:02:49.377533
24600	0	3.79	0	0:02:49.515078
24700	0	3.79	0	0:02:50.005986
24800	0	3.79	0	0:02:50.145325
24900	0	2.6	0	0:02:50.185092
25000	0	0.125	0	0:02:49.618410
25100	0	3.79	0	0:02:49.623915
25200	0	3.79	0	0:02:49.661773
25300	0	3.19	0	0:02:49.906605
25400	0	3.63	0	0:02:49.739599
25500	0	3.58	0	0:02:50.221074
25600	0	3.79	0	0:02:49.517575
25700	1	3.79	1	0:02:49.650485
25800	0	3.79	0	0:02:49.938363
25900	-1	0.0	0	0:02:50.494559
26000	0	3.79	0	0:02:49.959008
26100	0	3.46	0	0:02:50.202014
26200	0	3.79	0	0:02:50.569197
26300	0	3.79	0	0:02:50.013616
26400	0	3.79	0	0:02:49.719398
26500	0	3.79	0	0:02:50.017054
26600	0	3.79	0	0:02:49.802860
26700	0	3.79	0	0:02:50.275890
26800	0	3.6	0	0:02:50.208262
26900	0	2.76	0	0:02:50.265015
27000	0	1.53	0	0:02:52.376467
27100	0	3.79	0	0:02:52.962913
27200	0	3.67	0	0:02:52.522035
27300	0	2.58	0	0:02:52.716443
27400	0	2.18	0	0:02:52.566191
27500	0	3.37	0	0:02:52.840397
27600	1	2.48	1	0:02:52.286210
27700	0	1.88	0	0:02:52.893476
27800	0	3.79	0	0:02:52.570743
27900	0	3.79	0	0:02:52.142765
28000	0	3.79	0	0:02:52.535425
28100	0	2.93	0	0:02:53.077471
28200	0	3.79	0	0:02:52.788990
28300	0	3.79	0	0:02:52.541583
28400	0	3.79	0	0:02:52.707709
28500	0	3.79	0	0:02:52.363860
28600	0	3.79	0	0:02:52.470712
28700	1	3.17	1	0:02:52.399726
28800	0	3.79	0	0:02:52.066088
28900	0	3.79	0	0:02:52.994818
29000	0	3.67	0	0:02:52.228316
29100	0	3.79	0	0:02:52.658087
29200	0	3.79	0	0:02:52.582957
29300	0	2.94	0	0:02:51.888048
29400	0	3.49	0	0:02:51.938591
29500	0	3.79	0	0:02:52.958594
29600	0	3.79	0	0:02:51.680062
29700	0	3.79	0	0:02:52.331207
29800	0	3.79	0	0:02:52.156705
29900	0	3.79	0	0:02:52.296256
30000	0	3.79	0	0:02:52.681378
30100	0	2.96	0	0:02:52.484938
30200	0	3.79	0	0:02:52.146401
30300	0	2.87	0	0:02:52.582345
30400	0	3.67	0	0:02:52.697499
30500	0	3.79	0	0:02:52.267069
30600	1	1.37	1	0:02:52.419745
30700	0	3.79	0	0:02:52.445019
30800	0	3.72	0	0:02:52.650426
30900	0	3.79	0	0:02:52.282908
31000	0	3.79	0	0:02:52.690066
31100	1	3.46	1	0:02:52.184273
31200	0	3.79	0	0:02:51.649142
31300	0	3.79	0	0:02:52.303229
31400	0	3.79	0	0:02:50.753378
31500	0	3.79	0	0:02:49.977182
31600	0	3.79	0	0:02:49.139432
31700	0	3.42	0	0:02:49.574788
31800	0	3.79	0	0:02:49.498203
31900	0	3.79	0	0:02:49.412122
32000	1	1.11	1	0:02:49.183136
32100	0	3.11	0	0:02:49.194329
32200	0	0.258	0	0:02:48.847061
32300	0	2.48	0	0:02:49.490447
32400	0	3.79	0	0:02:49.372343
32500	0	3.79	0	0:02:49.260196
32600	0	3.63	0	0:02:48.981321
32700	0	3.79	0	0:02:48.936438
32800	0	3.79	0	0:02:48.775070
32900	1	1.15	1	0:02:49.246190
33000	0	3.79	0	0:02:49.481646
33100	0	3.79	0	0:02:49.426345
33200	0	3.79	0	0:02:49.454846
33300	0	3.79	0	0:02:48.826982
33400	0	3.79	0	0:02:47.890678
33500	0	3.6	0	0:02:48.482723
33600	0	3.6	0	0:02:48.507191
33700	0	3.72	0	0:02:48.285237
33800	0	3.79	0	0:02:48.192290
33900	0	2.43	0	0:02:48.730666
34000	0	3.79	0	0:02:48.010983
34100	0	3.72	0	0:02:48.051274
34200	0	3.79	0	0:02:48.097085
34300	0	3.79	0	0:02:48.189989
34400	1	1.03	1	0:02:48.186810
34500	0	3.79	0	0:02:48.214794
34600	0	3.79	0	0:02:48.068835
34700	1	3.79	1	0:02:48.653997
34800	0	3.79	0	0:02:47.782717
34900	0	3.79	0	0:02:48.482548
35000	0	3.79	0	0:02:48.068507
35100	0	3.79	0	0:02:47.998940
35200	0	3.58	0	0:02:48.135124
35300	0	3.79	0	0:02:48.585358
35400	0	1.79	0	0:02:48.332253
35500	0	3.79	0	0:02:48.684447
35600	0	3.79	0	0:02:48.379272
35700	0	1.45	0	0:02:48.306615
35800	0	3.43	0	0:02:48.404323
35900	0	3.79	0	0:02:48.344748
36000	0	3.79	0	0:02:48.370351
36100	0	0.748	0	0:02:49.058270
36200	0	2.15	0	0:02:49.159152
36300	0	3.67	0	0:02:49.130955
36400	0	3.79	0	0:02:49.562415
36500	0	3.79	0	0:02:49.252718
36600	0	3.34	0	0:02:49.277358
36700	0	3.63	0	0:02:48.823345
36800	1	2.44	1	0:02:49.084856
36900	0	3.79	0	0:02:49.299401
37000	0	3.79	0	0:02:49.808959
37100	0	3.79	0	0:02:49.686731
37200	0	3.79	0	0:02:49.993383
37300	1	3.79	1	0:02:50.251085
37400	0	3.79	0	0:02:49.616645
37500	0	3.79	0	0:02:50.290638
37600	0	3.79	0	0:02:49.749105
37700	0	3.79	0	0:02:50.591369
37800	0	2.46	0	0:02:49.710840
37900	0	3.79	0	0:02:50.210570
38000	0	3.79	0	0:02:50.115810
38100	0	3.79	0	0:02:49.543348
38200	0	3.79	0	0:02:50.127281
38300	1	1.72	1	0:02:49.665232
38400	0	3.79	0	0:02:48.659924
38500	0	3.79	0	0:02:48.925884
38600	0	3.79	0	0:02:48.672196
38700	0	3.79	0	0:02:49.282204
38800	0	3.79	0	0:02:48.910179
38900	0	3.48	0	0:02:48.994056
39000	0	3.79	0	0:02:49.164775
39100	0	3.79	0	0:02:49.655038
39200	0	3.79	0	0:02:49.699704
39300	0	3.79	0	0:02:49.827589
39400	0	3.79	0	0:02:49.471307
39500	0	3.58	0	0:02:49.073938
39600	0	3.79	0	0:02:48.976602
39700	0	2.36	0	0:02:49.157443
39800	1	0.852	1	0:02:49.853148
39900	0	3.79	0	0:02:49.756323
40000	0	2.28	0	0:02:49.787697
40100	0	3.48	0	0:02:49.930833
40200	0	3.79	0	0:02:49.689960
40300	0	3.79	0	0:02:49.666492
40400	0	3.79	0	0:02:49.767394
40500	0	3.79	0	0:02:50.066054
40600	1	2.77	1	0:02:49.827731
40700	0	3.79	0	0:02:49.942840
40800	0	2.48	0	0:02:49.573802
40900	0	3.79	0	0:02:49.122274
41000	0	3.79	0	0:02:48.641606
41100	-1	0.0	-1	0:02:48.952729
41200	0	3.79	0	0:02:48.828104
41300	0	3.79	0	0:02:49.056718
41400	0	3.51	0	0:02:48.908691
41500	0	3.79	0	0:02:48.696277
41600	0	3.79	0	0:02:48.859925
41700	0	3.79	0	0:02:49.003342
41800	0	3.79	0	0:02:49.090855
41900	0	3.79	0	0:02:49.750544
42000	0	3.79	0	0:02:49.365203
42100	0	3.79	0	0:02:50.213695
42200	0	3.02	0	0:02:49.424240
42300	0	3.79	0	0:02:49.053957
42400	0	3.79	0	0:02:49.490372
42500	0	3.79	0	0:02:50.308951
42600	1	0.588	1	0:02:49.773795
42700	0	3.79	0	0:02:49.665832
42800	0	3.79	0	0:02:49.274239
42900	0	3.79	0	0:02:49.766044
43000	0	3.79	0	0:02:49.627810
43100	0	3.79	0	0:02:49.832323
43200	0	3.79	0	0:02:49.931018
43300	0	3.79	0	0:02:50.094252
43400	0	3.79	0	0:02:49.821847
43500	0	3.79	0	0:02:49.059840
43600	0	3.79	0	0:02:49.167036
43700	1	0.126	1	0:02:49.730533
43800	0	3.79	0	0:02:49.806465
43900	0	3.79	0	0:02:49.891101
44000	0	3.79	0	0:02:50.085948
44100	0	3.79	0	0:02:49.501982
44200	0	3.51	0	0:02:48.962054
44300	0	3.79	0	0:02:48.871255
44400	0	3.79	0	0:02:48.991710
44500	0	2.03	0	0:02:49.176846
44600	0	2.66	0	0:02:49.293584
44700	0	3.79	0	0:02:49.206940
44800	0	3.79	0	0:02:48.900079
44900	0	3.63	0	0:02:49.319719
45000	1	0.0492	1	0:02:49.215613
45100	0	2.86	0	0:02:49.101692
45200	0	3.79	0	0:02:48.836970
45300	0	0.661	0	0:02:49.042710
45400	0	3.79	0	0:02:49.303774
45500	0	1.97	0	0:02:50.065363
45600	0	3.79	0	0:02:49.577018
45700	0	1.34	0	0:02:49.843737
45800	1	1.23	1	0:02:49.396946
45900	0	0.844	0	0:02:49.874075
46000	0	3.79	0	0:02:49.823428
46100	0	3.0	0	0:02:50.210229
46200	0	2.23	0	0:02:49.758989
46300	0	1.41	0	0:02:49.654286
46400	0	3.72	0	0:02:49.966983
46500	0	3.53	0	0:02:49.672026
46600	0	3.79	0	0:02:49.804794
46700	0	3.79	0	0:02:49.266241
46800	0	2.82	0	0:02:49.936363
46900	0	3.79	0	0:02:49.993372
47000	0	3.79	0	0:02:49.646935
47100	0	0.786	0	0:02:49.077605
47200	0	3.09	0	0:02:49.805535
47300	0	1.92	0	0:02:49.442133
47400	0	2.08	0	0:02:49.350971
47500	0	2.42	0	0:02:49.108100
47600	1	2.05	1	0:02:48.899237
47700	0	3.79	0	0:02:49.627268
47800	0	1.43	0	0:02:49.679796
47900	0	2.97	0	0:02:50.099524
48000	0	3.79	0	0:02:49.436043
48100	0	3.79	0	0:02:49.701149
48200	0	3.79	0	0:02:49.984407
48300	0	3.67	0	0:02:49.650257
48400	0	3.79	0	0:02:49.370902
48500	0	3.15	0	0:02:49.895622
48600	0	3.79	0	0:02:49.718618
48700	1	0.992	1	0:02:49.466590
48800	0	3.79	0	0:02:49.824327
48900	0	3.79	0	0:02:49.756529
49000	1	0.527	1	0:02:49.469940
49100	0	3.79	0	0:02:50.228955
49200	1	2.8	1	0:02:50.429237
49300	1	3.79	1	0:02:49.486720
49400	0	3.72	0	0:02:48.892257
49500	0	3.79	0	0:02:49.469139
49600	0	1.84	0	0:02:49.318980
49700	1	0.146	1	0:02:49.682499
49800	0	3.79	0	0:02:49.323313
49900	0	3.79	0	0:02:49.623113
