idx	predict	radius	unperturbed predict	time
0	1	0.222	1	0:01:13.608153
20	1	0.947	1	0:01:21.573724
40	1	0.947	1	0:01:17.491801
60	1	0.284	1	0:01:17.397275
80	1	0.894	1	0:01:16.759074
100	0	0.35	0	0:01:39.634181
120	1	0.947	1	0:01:19.891119
140	0	0.93	0	0:01:22.197913
160	1	0.947	1	0:01:14.816127
180	1	0.878	1	0:01:13.995683
200	0	0.0641	0	0:01:16.544210
220	1	0.57	1	0:01:14.074427
240	1	0.947	1	0:01:14.089602
260	1	0.947	1	0:01:16.168681
280	1	0.947	1	0:01:14.710765
300	1	0.947	1	0:01:23.897250
320	0	0.874	0	0:01:17.635513
340	0	0.378	0	0:01:12.977895
360	1	0.163	1	0:01:13.716660
380	0	0.253	0	0:01:14.228222
400	1	0.947	1	0:01:11.961152
420	0	0.25	0	0:01:12.795783
440	1	0.909	1	0:01:18.472291
460	1	0.192	1	0:01:24.223585
480	1	0.947	1	0:01:16.289028
500	1	0.777	1	0:01:14.747933
520	1	0.574	1	0:01:18.194397
540	1	0.947	1	0:01:15.081986
560	1	0.947	1	0:01:16.291255
580	0	0.688	0	0:01:15.455039
600	1	0.93	1	0:01:14.547886
620	1	0.582	1	0:01:14.107414
640	0	0.918	0	0:01:16.069654
660	1	0.489	1	0:01:23.408772
680	1	0.947	1	0:01:20.538309
700	1	0.947	1	0:01:13.562184
720	1	0.795	1	0:01:20.968904
740	1	0.254	1	0:01:21.412598
760	1	0.477	1	0:01:12.982428
780	1	0.947	1	0:01:13.633884
800	1	0.947	1	0:01:12.917094
820	0	0.141	0	0:01:23.828007
840	1	0.947	1	0:01:18.092712
860	0	0.137	0	0:01:42.403074
880	1	0.947	1	0:01:45.056726
900	0	0.812	0	0:01:16.549031
920	0	0.581	0	0:01:19.793003
940	1	0.947	1	0:01:12.672853
960	1	0.947	1	0:01:16.111456
980	0	0.489	0	0:01:19.689626
1000	0	0.284	0	0:01:18.989394
1020	1	0.947	1	0:01:13.642279
1040	1	0.658	1	0:01:15.441083
1060	1	0.918	1	0:01:16.584869
1080	1	0.93	1	0:01:18.420111
1100	1	0.947	1	0:01:14.456199
1120	1	0.0988	1	0:01:27.040496
1140	0	0.725	0	0:01:32.346278
1160	1	0.947	1	0:01:16.456837
1180	0	0.573	0	0:01:27.287828
1200	1	0.947	1	0:01:13.148356
1220	1	0.533	1	0:01:13.209545
1240	0	0.0814	0	0:01:16.149127
1260	1	0.947	1	0:01:12.710803
1280	1	0.624	1	0:01:20.014941
1300	0	0.947	0	0:01:21.103877
1320	1	0.87	1	0:01:17.530348
1340	1	0.947	1	0:01:14.026406
1360	1	0.0398	1	0:01:15.893239
1380	0	0.166	0	0:01:15.282391
1400	0	0.739	0	0:01:13.049390
1420	1	0.909	1	0:01:13.214684
1440	1	0.894	1	0:01:13.922322
1460	1	0.792	1	0:01:14.644306
1480	1	0.947	1	0:01:12.594465
1500	1	0.947	1	0:01:23.798591
1520	0	0.476	0	0:01:15.581432
1540	1	0.798	1	0:01:13.880928
1560	1	0.947	1	0:01:15.719917
1580	1	0.947	1	0:01:14.662102
1600	1	0.237	1	0:01:25.439380
1620	1	0.947	1	0:01:12.636855
1640	1	0.947	1	0:01:13.701676
1660	1	0.538	1	0:01:17.664923
1680	0	0.254	0	0:01:13.095505
1700	0	0.479	0	0:01:20.424181
1720	1	0.888	1	0:01:21.280154
1740	1	0.947	1	0:01:24.968106
1760	1	0.396	1	0:01:17.667631
1780	1	0.677	1	0:01:17.883390
1800	1	0.712	1	0:01:45.640256
1820	1	0.947	1	0:01:52.914608
1840	1	0.229	1	0:01:36.727869
1860	1	0.947	1	0:01:21.845229
1880	1	0.947	1	0:01:25.295086
1900	1	0.947	1	0:01:41.168294
1920	1	0.947	1	0:01:29.657969
1940	1	0.711	1	0:01:43.282568
1960	1	0.859	1	0:01:30.111323
1980	1	0.947	1	0:01:44.507476
2000	1	0.538	1	0:01:45.283998
2020	1	0.947	1	0:01:44.508055
2040	1	0.947	1	0:01:44.062004
2060	0	0.1	0	0:01:44.882880
2080	1	0.947	1	0:01:44.241273
2100	1	0.406	1	0:01:16.247778
2120	1	0.947	1	0:01:34.811716
2140	1	0.947	1	0:01:21.620709
2160	1	0.947	1	0:01:30.776637
2180	0	0.947	0	0:01:44.322353
2200	1	0.808	1	0:01:44.405024
2220	1	0.947	1	0:01:44.569769
2240	1	0.947	1	0:01:44.188869
2260	1	0.507	1	0:01:44.798073
2280	0	0.473	0	0:01:42.546370
2300	0	0.654	0	0:01:24.875092
2320	1	0.552	1	0:01:20.489262
2340	1	0.947	1	0:01:27.416017
2360	1	0.947	1	0:01:16.063407
2380	1	0.947	1	0:01:16.848986
2400	1	0.947	1	0:01:16.741337
2420	1	0.947	1	0:01:37.339417
2440	1	0.947	1	0:01:19.713049
2460	1	0.0275	1	0:01:20.214501
2480	1	0.947	1	0:01:20.552522
2500	1	0.0332	1	0:01:22.028942
2520	1	0.947	1	0:01:20.834348
2540	-1	0.0	1	0:01:17.021487
2560	1	0.0554	1	0:01:22.684533
2580	1	0.789	1	0:01:28.006640
2600	1	0.947	1	0:01:34.329747
2620	1	0.947	1	0:01:27.710829
2640	1	0.225	1	0:01:44.346030
2660	1	0.0195	1	0:01:44.422863
2680	1	0.909	1	0:01:38.125174
2700	1	0.947	1	0:01:44.446985
2720	1	0.648	1	0:01:44.057679
2740	1	0.947	1	0:01:44.549411
2760	0	0.44	0	0:01:44.094018
2780	1	0.947	1	0:01:44.684129
2800	0	0.878	0	0:01:44.514735
2820	1	0.527	1	0:01:44.407667
2840	1	0.947	1	0:01:44.734969
2860	0	0.42	0	0:01:44.746475
2880	0	0.681	0	0:01:42.034274
2900	0	0.516	0	0:01:45.100151
2920	1	0.918	1	0:01:44.199760
2940	1	0.947	1	0:01:44.194378
2960	1	0.947	1	0:01:44.614164
2980	1	0.947	1	0:01:44.623769
3000	0	0.316	0	0:01:44.593079
3020	1	0.947	1	0:01:43.618793
3040	1	0.947	1	0:01:44.930115
3060	1	0.547	1	0:01:44.369594
3080	1	0.947	1	0:01:44.325824
3100	1	0.866	1	0:01:44.319036
3120	0	0.633	0	0:01:24.718349
3140	1	0.806	1	0:01:36.229685
3160	0	0.18	0	0:01:27.653311
3180	0	0.727	0	0:01:23.972810
3200	1	0.93	1	0:01:19.109736
3220	1	0.677	1	0:01:25.396191
3240	1	0.909	1	0:01:20.750173
3260	1	0.947	1	0:01:27.971869
3280	1	0.0842	1	0:01:19.230336
3300	1	0.759	1	0:01:14.529241
3320	1	0.73	1	0:01:21.120233
3340	0	0.0788	0	0:01:24.405464
3360	0	0.646	0	0:01:25.204808
3380	1	0.443	1	0:01:25.486108
3400	1	0.469	1	0:01:30.417696
3420	1	0.5	1	0:01:21.804740
3440	0	0.454	0	0:01:21.977144
3460	1	0.947	1	0:01:27.781954
3480	1	0.947	1	0:01:25.235533
3500	1	0.947	1	0:01:17.671141
3520	1	0.947	1	0:01:34.071573
3540	0	0.618	0	0:01:27.492632
3560	1	0.947	1	0:01:30.298817
3580	1	0.839	1	0:01:20.058569
3600	1	0.355	1	0:01:36.414277
3620	1	0.947	1	0:01:15.094733
3640	-1	0.0	0	0:01:14.943731
3660	1	0.947	1	0:01:28.333603
3680	0	0.468	0	0:01:33.608824
3700	0	0.901	0	0:01:30.273898
3720	1	0.111	1	0:01:22.170285
3740	1	0.947	1	0:01:29.696150
3760	1	0.947	1	0:01:34.373108
3780	0	0.241	0	0:01:13.822226
3800	1	0.852	1	0:01:17.456741
3820	1	0.0381	1	0:01:36.181464
3840	1	0.314	1	0:01:44.225420
3860	1	0.947	1	0:01:44.050498
3880	0	0.115	0	0:01:43.871312
3900	1	0.947	1	0:01:44.871014
3920	1	0.947	1	0:01:23.639098
3940	0	0.191	0	0:01:24.185391
3960	0	0.909	0	0:01:25.094578
3980	1	0.918	1	0:01:17.973699
4000	1	0.8	1	0:01:34.635617
4020	1	0.947	1	0:01:44.467096
4040	1	0.947	1	0:01:44.723089
4060	1	0.65	1	0:01:28.531912
4080	1	0.918	1	0:01:14.730783
4100	1	0.947	1	0:01:26.207460
4120	1	0.947	1	0:01:15.659983
4140	0	0.292	0	0:01:23.859931
4160	1	0.213	1	0:01:27.965994
4180	1	0.425	1	0:01:17.943502
4200	1	0.0515	1	0:01:21.140203
4220	1	0.947	1	0:01:21.564023
4240	1	0.947	1	0:01:44.415520
4260	1	0.947	1	0:01:44.353964
4280	1	0.947	1	0:01:43.697691
4300	1	0.619	1	0:01:44.789309
4320	1	0.947	1	0:01:37.547741
4340	1	0.947	1	0:01:23.993529
4360	1	0.93	1	0:01:20.087068
4380	1	0.947	1	0:01:25.609089
4400	0	0.623	0	0:01:26.742420
4420	1	0.269	1	0:01:18.469112
4440	0	0.443	0	0:01:19.729295
4460	1	0.947	1	0:01:17.547006
4480	1	0.856	1	0:01:24.675658
4500	0	0.19	0	0:01:24.527282
4520	1	0.947	1	0:01:34.602283
4540	1	0.0871	1	0:01:17.913727
4560	1	0.947	1	0:01:22.057102
4580	0	0.793	0	0:01:31.586756
4600	1	0.947	1	0:01:18.628834
4620	1	0.811	1	0:01:14.456712
4640	0	0.514	0	0:01:22.547083
4660	1	0.586	1	0:01:23.550817
4680	1	0.947	1	0:01:40.142601
4700	1	0.259	1	0:01:32.799702
4720	1	0.947	1	0:01:32.373064
4740	0	0.391	0	0:01:25.492136
4760	0	0.0137	0	0:01:33.442289
4780	1	0.718	1	0:01:20.095871
4800	1	0.947	1	0:01:17.418127
4820	0	0.273	0	0:01:33.011851
4840	1	0.947	1	0:01:20.393879
4860	1	0.319	1	0:01:24.784375
4880	1	0.947	1	0:01:26.799902
4900	1	0.947	1	0:01:20.887095
4920	1	0.947	1	0:01:14.802080
4940	0	0.669	0	0:01:17.679813
4960	0	0.379	0	0:01:44.737799
4980	1	0.766	1	0:01:45.247961
5000	1	0.947	1	0:01:45.222518
5020	1	0.947	1	0:01:44.150582
5040	1	0.947	1	0:01:44.421128
5060	0	0.351	0	0:01:45.231397
5080	1	0.947	1	0:01:45.243505
5100	1	0.18	1	0:01:44.121293
5120	1	0.947	1	0:01:44.957147
5140	1	0.883	1	0:01:44.809782
5160	1	0.947	1	0:01:44.766854
5180	1	0.198	1	0:01:44.108697
5200	0	0.318	0	0:01:44.601157
5220	1	0.947	1	0:01:44.867678
5240	1	0.697	1	0:01:43.441220
5260	1	0.947	1	0:01:43.526235
5280	1	0.947	1	0:01:43.767512
5300	1	0.947	1	0:01:44.493677
5320	1	0.947	1	0:01:44.419785
5340	1	0.445	1	0:01:44.860834
5360	1	0.947	1	0:01:45.188192
5380	1	0.947	1	0:01:45.600508
5400	1	0.947	1	0:01:39.737841
5420	1	0.269	1	0:01:44.219659
5440	1	0.947	1	0:01:45.055555
5460	1	0.947	1	0:01:32.286328
5480	1	0.837	1	0:01:16.350009
5500	1	0.947	1	0:01:19.381599
5520	0	0.287	0	0:01:44.370782
5540	0	0.432	0	0:01:45.598022
5560	0	0.609	0	0:01:44.964034
5580	0	0.207	0	0:01:44.815730
5600	1	0.19	1	0:01:45.385063
5620	1	0.298	1	0:01:42.250551
5640	0	0.0496	0	0:01:13.391184
5660	1	0.947	1	0:01:15.354308
5680	1	0.817	1	0:01:14.781338
5700	0	0.572	0	0:01:23.081583
5720	1	0.947	1	0:01:14.183488
5740	0	0.274	0	0:01:12.435366
5760	0	0.763	0	0:01:45.334055
5780	1	0.947	1	0:01:44.853989
5800	1	0.947	1	0:01:44.533564
5820	1	0.434	1	0:01:44.787464
5840	0	0.522	0	0:01:44.618226
5860	1	0.947	1	0:01:45.014076
5880	1	0.947	1	0:01:44.367512
5900	1	0.349	1	0:01:44.773169
5920	1	0.947	1	0:01:17.807451
5940	1	0.78	1	0:01:17.606533
5960	1	0.222	1	0:01:32.643467
5980	1	0.947	1	0:01:27.845400
6000	1	0.55	1	0:01:18.139645
6020	0	0.481	0	0:01:26.754779
6040	1	0.947	1	0:01:35.843076
6060	0	0.837	0	0:01:44.373291
6080	1	0.93	1	0:01:44.700952
6100	1	0.947	1	0:01:44.471623
6120	1	0.666	1	0:01:44.758551
6140	1	0.947	1	0:01:45.321864
6160	1	0.189	1	0:01:44.554563
6180	1	0.947	1	0:01:44.852205
6200	1	0.669	1	0:01:44.618861
6220	0	0.201	0	0:01:44.233951
6240	1	0.436	1	0:01:44.700948
6260	1	0.0785	1	0:01:45.211293
6280	1	0.837	1	0:01:44.780116
6300	1	0.947	1	0:01:44.991752
6320	1	0.947	1	0:01:45.020599
6340	1	0.554	1	0:01:44.301273
6360	0	0.761	0	0:01:43.595617
6380	1	0.202	1	0:01:45.148124
6400	1	0.947	1	0:01:44.550851
6420	1	0.411	1	0:01:43.967889
6440	1	0.518	1	0:01:45.315175
6460	1	0.947	1	0:01:43.702349
6480	1	0.947	1	0:01:44.620824
6500	1	0.832	1	0:01:37.598137
6520	0	0.544	0	0:01:14.541978
6540	1	0.93	1	0:01:13.658209
6560	1	0.72	1	0:01:15.483626
6580	1	0.93	1	0:01:13.087372
6600	1	0.947	1	0:01:13.774421
6620	1	0.817	1	0:01:13.212884
6640	1	0.947	1	0:01:15.727182
6660	1	0.947	1	0:01:15.375248
6680	1	0.289	1	0:01:13.673854
6700	1	0.947	1	0:01:15.841516
6720	0	0.617	0	0:01:13.438831
6740	0	0.61	0	0:01:14.554381
6760	0	0.128	0	0:01:15.021153
6780	1	0.715	1	0:01:15.817808
6800	0	0.354	0	0:01:22.288926
6820	1	0.947	1	0:01:14.765858
6840	1	0.947	1	0:01:14.606259
6860	1	0.947	1	0:01:14.597650
6880	1	0.947	1	0:01:19.573325
6900	1	0.947	1	0:01:25.992152
6920	0	0.324	0	0:01:15.992468
6940	1	0.947	1	0:01:12.814817
6960	1	0.947	1	0:01:15.467575
6980	1	0.947	1	0:01:25.167253
7000	0	0.0827	0	0:01:17.954554
7020	1	0.947	1	0:01:26.417336
7040	1	0.189	1	0:01:19.097023
7060	1	0.947	1	0:01:12.879390
7080	0	0.177	0	0:01:13.417793
7100	1	0.901	1	0:01:13.895044
7120	1	0.947	1	0:01:25.252882
7140	1	0.614	1	0:01:24.293638
7160	1	0.947	1	0:01:14.207320
7180	1	0.147	1	0:01:13.273535
7200	0	0.901	0	0:01:14.994372
7220	1	0.947	1	0:01:14.753968
7240	1	0.0364	1	0:01:16.149676
7260	1	0.947	1	0:01:17.050817
7280	1	0.856	1	0:01:15.296929
7300	1	0.244	1	0:01:14.270918
7320	1	0.947	1	0:01:12.759433
7340	0	0.61	0	0:01:13.256140
7360	1	0.279	1	0:01:19.492282
7380	1	0.0384	1	0:01:17.228967
7400	1	0.249	1	0:01:30.636511
7420	1	0.947	1	0:01:15.831825
7440	0	0.947	0	0:01:26.814260
7460	1	0.427	1	0:01:14.215482
7480	1	0.947	1	0:01:14.074835
7500	1	0.947	1	0:01:13.126929
7520	0	0.947	0	0:01:13.546535
7540	1	0.367	1	0:01:15.438601
7560	1	0.778	1	0:01:14.964378
7580	1	0.947	1	0:01:13.272190
7600	1	0.31	1	0:01:12.356807
7620	1	0.806	1	0:01:15.796912
7640	1	0.947	1	0:01:14.264568
7660	1	0.74	1	0:01:24.793009
7680	1	0.429	1	0:01:12.292641
7700	1	0.123	1	0:01:12.262475
7720	1	0.775	1	0:01:10.784961
7740	0	0.106	0	0:01:18.897250
7760	1	0.947	1	0:01:19.142316
7780	1	0.947	1	0:01:13.011344
7800	1	0.947	1	0:01:14.120794
7820	1	0.21	1	0:01:25.135579
7840	1	0.947	1	0:01:54.525851
7860	1	0.801	1	0:01:33.351329
7880	1	0.947	1	0:01:13.172014
7900	1	0.93	1	0:01:22.377701
7920	1	0.852	1	0:01:14.627713
7940	0	0.382	0	0:01:21.161887
7960	1	0.947	1	0:01:36.196432
7980	0	0.139	0	0:01:14.376061
8000	1	0.947	1	0:01:15.569734
8020	0	0.132	0	0:01:14.488238
8040	1	0.362	1	0:01:13.576151
8060	1	0.432	1	0:01:13.825443
8080	0	0.508	0	0:01:13.455450
8100	1	0.638	1	0:01:23.098344
8120	1	0.947	1	0:01:14.295187
8140	0	0.175	0	0:01:13.975301
8160	0	0.249	0	0:01:13.277793
8180	0	0.413	0	0:01:23.140113
8200	1	0.947	1	0:01:13.156908
8220	1	0.332	1	0:01:46.284860
8240	1	0.947	1	0:01:12.657874
8260	1	0.901	1	0:01:15.714712
8280	1	0.0785	1	0:01:13.308677
8300	0	0.658	0	0:01:16.306460
8320	1	0.145	1	0:01:21.030271
8340	1	0.23	1	0:01:13.507988
8360	1	0.198	1	0:01:14.115721
8380	1	0.947	1	0:01:13.517624
8400	1	0.947	1	0:01:13.413685
8420	0	0.124	0	0:01:21.676056
8440	1	0.685	1	0:01:29.525809
8460	1	0.422	1	0:01:26.136364
8480	0	0.233	0	0:01:13.925079
8500	1	0.168	1	0:01:14.561971
8520	1	0.947	1	0:01:13.804972
8540	0	0.398	0	0:01:13.493876
8560	1	0.947	1	0:01:23.800915
8580	1	0.901	1	0:01:13.424838
8600	1	0.178	1	0:01:13.954614
8620	1	0.172	1	0:01:15.497852
8640	1	0.947	1	0:01:15.067570
8660	0	0.379	0	0:01:15.022043
8680	0	0.433	0	0:01:13.515059
8700	1	0.0201	1	0:01:13.797172
8720	1	0.947	1	0:01:15.019034
8740	0	0.442	0	0:01:13.668211
8760	1	0.947	1	0:01:13.073390
8780	0	0.553	0	0:01:38.879449
8800	1	0.947	1	0:01:14.010967
8820	1	0.947	1	0:01:13.628999
8840	1	0.947	1	0:01:15.129825
8860	1	0.0688	1	0:01:15.803118
8880	1	0.947	1	0:01:20.544229
8900	1	0.154	1	0:01:46.204903
8920	0	0.759	0	0:01:14.011171
8940	1	0.947	1	0:01:19.019861
8960	0	0.17	0	0:01:23.007299
8980	1	0.947	1	0:01:14.664454
9000	1	0.947	1	0:01:12.965769
9020	1	0.947	1	0:01:13.214926
9040	0	0.501	0	0:01:14.006243
9060	1	0.947	1	0:01:13.001491
9080	1	0.608	1	0:01:17.170202
9100	1	0.444	1	0:01:15.093986
9120	1	0.826	1	0:01:14.716729
9140	1	0.754	1	0:01:16.486366
9160	1	0.287	1	0:01:15.405131
9180	1	0.699	1	0:01:14.292464
9200	1	0.947	1	0:01:11.594558
9220	1	0.947	1	0:01:16.109076
9240	1	0.663	1	0:01:17.585099
9260	1	0.402	1	0:01:13.447947
9280	1	0.947	1	0:01:12.613071
9300	1	0.0646	1	0:01:13.669440
9320	1	0.947	1	0:01:13.957881
9340	1	0.947	1	0:01:12.975510
9360	1	0.637	1	0:01:24.570449
9380	1	0.321	1	0:01:26.994606
9400	1	0.947	1	0:01:22.401529
9420	1	0.549	1	0:01:13.785299
9440	1	0.947	1	0:01:13.850535
9460	0	0.59	0	0:01:40.071458
9480	0	0.0707	0	0:01:45.402420
9500	1	0.367	1	0:01:45.397181
9520	1	0.947	1	0:01:45.424439
9540	1	0.918	1	0:01:45.266343
9560	1	0.947	1	0:01:45.362559
9580	1	0.947	1	0:01:45.368909
9600	1	0.947	1	0:01:45.012376
9620	1	0.47	1	0:01:44.927857
9640	1	0.883	1	0:01:44.708286
9660	1	0.947	1	0:01:30.723061
9680	1	0.947	1	0:01:18.848059
9700	1	0.947	1	0:01:14.104729
9720	1	0.0295	1	0:01:24.167518
9740	0	0.554	0	0:01:17.609356
9760	1	0.469	1	0:01:28.004465
9780	0	0.607	0	0:01:22.581794
9800	1	0.947	1	0:01:24.038149
9820	1	0.79	1	0:01:19.219421
9840	1	0.93	1	0:01:16.535969
9860	0	0.808	0	0:01:14.583805
9880	1	0.856	1	0:01:14.304799
9900	1	0.866	1	0:01:23.051675
9920	1	0.866	1	0:01:14.419794
9940	1	0.947	1	0:01:14.767386
9960	1	0.947	1	0:01:14.613374
9980	1	0.947	1	0:01:20.422913
