idx	predict	radius	unperturbed predict	time
0	0	0.633	0	0:01:13.608153
20	1	0.46	1	0:01:21.573724
40	1	0.93	1	0:01:17.491801
60	0	0.947	0	0:01:17.397275
80	0	0.307	0	0:01:16.759074
100	0	0.947	0	0:01:39.634181
120	0	0.0262	0	0:01:19.891119
140	0	0.947	0	0:01:22.197913
160	1	0.0474	1	0:01:14.816127
180	0	0.537	0	0:01:13.995683
200	0	0.947	0	0:01:16.544210
220	0	0.667	0	0:01:14.074427
240	1	0.883	1	0:01:14.089602
260	0	0.477	0	0:01:16.168681
280	1	0.947	1	0:01:14.710765
300	0	0.266	0	0:01:23.897250
320	0	0.947	0	0:01:17.635513
340	0	0.947	0	0:01:12.977895
360	0	0.703	0	0:01:13.716660
380	0	0.947	0	0:01:14.228222
400	1	0.65	1	0:01:11.961152
420	0	0.947	0	0:01:12.795783
440	0	0.0755	0	0:01:18.472291
460	0	0.947	0	0:01:24.223585
480	1	0.878	1	0:01:16.289028
500	0	0.42	0	0:01:14.747933
520	0	0.664	0	0:01:18.194397
540	1	0.947	1	0:01:15.081986
560	1	0.837	1	0:01:16.291255
580	0	0.947	0	0:01:15.455039
600	1	0.227	1	0:01:14.547886
620	0	0.814	0	0:01:14.107414
640	0	0.947	0	0:01:16.069654
660	0	0.618	0	0:01:23.408772
680	1	0.169	1	0:01:20.538309
700	1	0.0489	1	0:01:13.562184
720	0	0.253	0	0:01:20.968904
740	0	0.947	0	0:01:21.412598
760	0	0.918	0	0:01:12.982428
780	1	0.947	1	0:01:13.633884
800	1	0.569	1	0:01:12.917094
820	0	0.947	0	0:01:23.828007
840	1	0.947	1	0:01:18.092712
860	0	0.947	0	0:01:42.403074
880	1	0.909	1	0:01:45.056726
900	0	0.947	0	0:01:16.549031
920	0	0.947	0	0:01:19.793003
940	1	0.947	1	0:01:12.672853
960	1	0.947	1	0:01:16.111456
980	0	0.947	0	0:01:19.689626
1000	0	0.947	0	0:01:18.989394
1020	1	0.947	1	0:01:13.642279
1040	0	0.785	0	0:01:15.441083
1060	1	0.0788	1	0:01:16.584869
1080	0	0.643	0	0:01:18.420111
1100	1	0.668	1	0:01:14.456199
1120	0	0.947	0	0:01:27.040496
1140	0	0.947	0	0:01:32.346278
1160	1	0.386	1	0:01:16.456837
1180	0	0.947	0	0:01:27.287828
1200	1	0.7	1	0:01:13.148356
1220	0	0.93	0	0:01:13.209545
1240	0	0.947	0	0:01:16.149127
1260	1	0.515	1	0:01:12.710803
1280	0	0.726	0	0:01:20.014941
1300	0	0.947	0	0:01:21.103877
1320	0	0.114	0	0:01:17.530348
1340	1	0.947	1	0:01:14.026406
1360	0	0.947	0	0:01:15.893239
1380	0	0.947	0	0:01:15.282391
1400	0	0.947	0	0:01:13.049390
1420	0	0.266	0	0:01:13.214684
1440	1	0.081	1	0:01:13.922322
1460	0	0.736	0	0:01:14.644306
1480	1	0.947	1	0:01:12.594465
1500	1	0.947	1	0:01:23.798591
1520	0	0.947	0	0:01:15.581432
1540	0	0.266	0	0:01:13.880928
1560	1	0.134	1	0:01:15.719917
1580	1	0.21	1	0:01:14.662102
1600	0	0.788	0	0:01:25.439380
1620	0	0.67	0	0:01:12.636855
1640	1	0.453	1	0:01:13.701676
1660	0	0.692	0	0:01:17.664923
1680	0	0.947	0	0:01:13.095505
1700	0	0.947	0	0:01:20.424181
1720	0	0.143	0	0:01:21.280154
1740	1	0.947	1	0:01:24.968106
1760	0	0.485	0	0:01:17.667631
1780	0	0.725	0	0:01:17.883390
1800	0	0.151	0	0:01:45.640256
1820	1	0.947	1	0:01:52.914608
1840	0	0.741	0	0:01:36.727869
1860	1	0.93	1	0:01:21.845229
1880	1	0.947	1	0:01:25.295086
1900	1	0.947	1	0:01:41.168294
1920	0	0.13	0	0:01:29.657969
1940	0	0.859	0	0:01:43.282568
1960	0	0.518	0	0:01:30.111323
1980	1	0.828	1	0:01:44.507476
2000	0	0.373	0	0:01:45.283998
2020	1	0.947	1	0:01:44.508055
2040	1	0.947	1	0:01:44.062004
2060	0	0.947	0	0:01:44.882880
2080	1	0.538	1	0:01:44.241273
2100	0	0.947	0	0:01:16.247778
2120	0	0.508	0	0:01:34.811716
2140	1	0.0696	1	0:01:21.620709
2160	1	0.77	1	0:01:30.776637
2180	0	0.947	0	0:01:44.322353
2200	0	0.883	0	0:01:44.405024
2220	1	0.947	1	0:01:44.569769
2240	1	0.532	1	0:01:44.188869
2260	0	0.617	0	0:01:44.798073
2280	0	0.947	0	0:01:42.546370
2300	0	0.947	0	0:01:24.875092
2320	0	0.594	0	0:01:20.489262
2340	1	0.333	1	0:01:27.416017
2360	0	0.127	0	0:01:16.063407
2380	1	0.67	1	0:01:16.848986
2400	1	0.21	1	0:01:16.741337
2420	1	0.0532	1	0:01:37.339417
2440	1	0.548	1	0:01:19.713049
2460	0	0.947	0	0:01:20.214501
2480	1	0.182	1	0:01:20.552522
2500	0	0.93	0	0:01:22.028942
2520	1	0.707	1	0:01:20.834348
2540	0	0.947	0	0:01:17.021487
2560	0	0.844	0	0:01:22.684533
2580	0	0.734	0	0:01:28.006640
2600	1	0.947	1	0:01:34.329747
2620	1	0.0495	1	0:01:27.710829
2640	0	0.901	0	0:01:44.346030
2660	0	0.947	0	0:01:44.422863
2680	1	0.615	1	0:01:38.125174
2700	1	0.771	1	0:01:44.446985
2720	0	0.454	0	0:01:44.057679
2740	0	0.186	0	0:01:44.549411
2760	0	0.947	0	0:01:44.094018
2780	1	0.48	1	0:01:44.684129
2800	0	0.947	0	0:01:44.514735
2820	0	0.653	0	0:01:44.407667
2840	0	0.458	0	0:01:44.734969
2860	0	0.947	0	0:01:44.746475
2880	0	0.947	0	0:01:42.034274
2900	0	0.947	0	0:01:45.100151
2920	0	0.823	0	0:01:44.199760
2940	0	0.575	0	0:01:44.194378
2960	1	0.918	1	0:01:44.614164
2980	1	0.947	1	0:01:44.623769
3000	0	0.947	0	0:01:44.593079
3020	1	0.947	1	0:01:43.618793
3040	1	0.4	1	0:01:44.930115
3060	0	0.947	0	0:01:44.369594
3080	-1	0.0	-1	0:01:44.325824
3100	0	0.102	0	0:01:44.319036
3120	0	0.947	0	0:01:24.718349
3140	0	0.37	0	0:01:36.229685
3160	0	0.947	0	0:01:27.653311
3180	0	0.947	0	0:01:23.972810
3200	0	0.438	0	0:01:19.109736
3220	0	0.826	0	0:01:25.396191
3240	0	0.309	0	0:01:20.750173
3260	1	0.0712	1	0:01:27.971869
3280	0	0.947	0	0:01:19.230336
3300	0	0.93	0	0:01:14.529241
3320	0	0.616	0	0:01:21.120233
3340	0	0.909	0	0:01:24.405464
3360	0	0.947	0	0:01:25.204808
3380	0	0.624	0	0:01:25.486108
3400	0	0.93	0	0:01:30.417696
3420	0	0.636	0	0:01:21.804740
3440	0	0.947	0	0:01:21.977144
3460	1	0.947	1	0:01:27.781954
3480	0	0.293	0	0:01:25.235533
3500	1	0.704	1	0:01:17.671141
3520	1	0.947	1	0:01:34.071573
3540	0	0.947	0	0:01:27.492632
3560	1	0.947	1	0:01:30.298817
3580	0	0.74	0	0:01:20.058569
3600	0	0.947	0	0:01:36.414277
3620	0	0.737	0	0:01:15.094733
3640	0	0.947	0	0:01:14.943731
3660	1	0.758	1	0:01:28.333603
3680	0	0.947	0	0:01:33.608824
3700	0	0.947	0	0:01:30.273898
3720	0	0.947	0	0:01:22.170285
3740	1	0.947	1	0:01:29.696150
3760	0	0.346	0	0:01:34.373108
3780	0	0.947	0	0:01:13.822226
3800	0	0.188	0	0:01:17.456741
3820	0	0.93	0	0:01:36.181464
3840	0	0.947	0	0:01:44.225420
3860	1	0.177	1	0:01:44.050498
3880	0	0.947	0	0:01:43.871312
3900	1	0.947	1	0:01:44.871014
3920	1	0.117	1	0:01:23.639098
3940	0	0.947	0	0:01:24.185391
3960	0	0.947	0	0:01:25.094578
3980	0	0.0924	0	0:01:17.973699
4000	1	0.0696	1	0:01:34.635617
4020	1	0.947	1	0:01:44.467096
4040	1	0.947	1	0:01:44.723089
4060	0	0.459	0	0:01:28.531912
4080	1	0.221	1	0:01:14.730783
4100	1	0.72	1	0:01:26.207460
4120	1	0.458	1	0:01:15.659983
4140	0	0.947	0	0:01:23.859931
4160	0	0.947	0	0:01:27.965994
4180	0	0.626	0	0:01:17.943502
4200	0	0.947	0	0:01:21.140203
4220	1	0.559	1	0:01:21.564023
4240	1	0.839	1	0:01:44.415520
4260	1	0.465	1	0:01:44.353964
4280	1	0.909	1	0:01:43.697691
4300	0	0.155	0	0:01:44.789309
4320	1	0.247	1	0:01:37.547741
4340	1	0.566	1	0:01:23.993529
4360	0	0.33	0	0:01:20.087068
4380	0	0.0975	0	0:01:25.609089
4400	0	0.947	0	0:01:26.742420
4420	0	0.883	0	0:01:18.469112
4440	0	0.947	0	0:01:19.729295
4460	1	0.806	1	0:01:17.547006
4480	1	0.0552	1	0:01:24.675658
4500	0	0.947	0	0:01:24.527282
4520	0	0.521	0	0:01:34.602283
4540	0	0.785	0	0:01:17.913727
4560	1	0.355	1	0:01:22.057102
4580	0	0.947	0	0:01:31.586756
4600	0	0.479	0	0:01:18.628834
4620	0	0.93	0	0:01:14.456712
4640	0	0.947	0	0:01:22.547083
4660	0	0.414	0	0:01:23.550817
4680	1	0.474	1	0:01:40.142601
4700	0	0.901	0	0:01:32.799702
4720	1	0.947	1	0:01:32.373064
4740	0	0.947	0	0:01:25.492136
4760	0	0.947	0	0:01:33.442289
4780	0	0.059	0	0:01:20.095871
4800	1	0.947	1	0:01:17.418127
4820	0	0.947	0	0:01:33.011851
4840	1	0.947	1	0:01:20.393879
4860	0	0.947	0	0:01:24.784375
4880	0	0.752	0	0:01:26.799902
4900	0	0.878	0	0:01:20.887095
4920	1	0.509	1	0:01:14.802080
4940	0	0.947	0	0:01:17.679813
4960	0	0.947	0	0:01:44.737799
4980	0	0.477	0	0:01:45.247961
5000	0	0.083	0	0:01:45.222518
5020	1	0.433	1	0:01:44.150582
5040	0	0.947	0	0:01:44.421128
5060	0	0.947	0	0:01:45.231397
5080	1	0.947	1	0:01:45.243505
5100	0	0.947	0	0:01:44.121293
5120	1	0.683	1	0:01:44.957147
5140	1	0.295	1	0:01:44.809782
5160	1	0.574	1	0:01:44.766854
5180	0	0.817	0	0:01:44.108697
5200	0	0.947	0	0:01:44.601157
5220	1	0.223	1	0:01:44.867678
5240	0	0.56	0	0:01:43.441220
5260	1	0.28	1	0:01:43.526235
5280	1	0.93	1	0:01:43.767512
5300	1	0.487	1	0:01:44.493677
5320	1	0.253	1	0:01:44.419785
5340	0	0.856	0	0:01:44.860834
5360	0	0.0103	0	0:01:45.188192
5380	1	0.947	1	0:01:45.600508
5400	1	0.947	1	0:01:39.737841
5420	0	0.947	0	0:01:44.219659
5440	1	0.947	1	0:01:45.055555
5460	0	0.391	0	0:01:32.286328
5480	1	0.104	1	0:01:16.350009
5500	1	0.309	1	0:01:19.381599
5520	0	0.947	0	0:01:44.370782
5540	0	0.947	0	0:01:45.598022
5560	0	0.947	0	0:01:44.964034
5580	0	0.947	0	0:01:44.815730
5600	0	0.814	0	0:01:45.385063
5620	0	0.947	0	0:01:42.250551
5640	0	0.947	0	0:01:13.391184
5660	1	0.371	1	0:01:15.354308
5680	0	0.761	0	0:01:14.781338
5700	0	0.947	0	0:01:23.081583
5720	1	0.947	1	0:01:14.183488
5740	0	0.947	0	0:01:12.435366
5760	0	0.947	0	0:01:45.334055
5780	1	0.947	1	0:01:44.853989
5800	1	0.586	1	0:01:44.533564
5820	0	0.839	0	0:01:44.787464
5840	0	0.947	0	0:01:44.618226
5860	1	0.947	1	0:01:45.014076
5880	1	0.842	1	0:01:44.367512
5900	0	0.947	0	0:01:44.773169
5920	1	0.0211	1	0:01:17.807451
5940	0	0.558	0	0:01:17.606533
5960	0	0.947	0	0:01:32.643467
5980	1	0.66	1	0:01:27.845400
6000	0	0.269	0	0:01:18.139645
6020	0	0.947	0	0:01:26.754779
6040	0	0.362	0	0:01:35.843076
6060	0	0.947	0	0:01:44.373291
6080	0	0.413	0	0:01:44.700952
6100	1	0.207	1	0:01:44.471623
6120	0	0.823	0	0:01:44.758551
6140	1	0.909	1	0:01:45.321864
6160	0	0.658	0	0:01:44.554563
6180	0	0.0404	0	0:01:44.852205
6200	0	0.835	0	0:01:44.618861
6220	0	0.947	0	0:01:44.233951
6240	0	0.475	0	0:01:44.700948
6260	0	0.856	0	0:01:45.211293
6280	0	0.662	0	0:01:44.780116
6300	1	0.625	1	0:01:44.991752
6320	1	0.121	1	0:01:45.020599
6340	0	0.947	0	0:01:44.301273
6360	0	0.947	0	0:01:43.595617
6380	0	0.947	0	0:01:45.148124
6400	1	0.909	1	0:01:44.550851
6420	0	0.781	0	0:01:43.967889
6440	0	0.696	0	0:01:45.315175
6460	1	0.716	1	0:01:43.702349
6480	1	0.435	1	0:01:44.620824
6500	0	0.366	0	0:01:37.598137
6520	0	0.947	0	0:01:14.541978
6540	0	0.735	0	0:01:13.658209
6560	0	0.605	0	0:01:15.483626
6580	0	0.0587	0	0:01:13.087372
6600	1	0.291	1	0:01:13.774421
6620	0	0.247	0	0:01:13.212884
6640	0	0.193	0	0:01:15.727182
6660	1	0.707	1	0:01:15.375248
6680	0	0.909	0	0:01:13.673854
6700	0	0.462	0	0:01:15.841516
6720	0	0.947	0	0:01:13.438831
6740	0	0.947	0	0:01:14.554381
6760	0	0.947	0	0:01:15.021153
6780	0	0.93	0	0:01:15.817808
6800	0	0.947	0	0:01:22.288926
6820	1	0.918	1	0:01:14.765858
6840	1	0.315	1	0:01:14.606259
6860	0	0.0546	0	0:01:14.597650
6880	0	0.419	0	0:01:19.573325
6900	1	0.729	1	0:01:25.992152
6920	0	0.947	0	0:01:15.992468
6940	1	0.947	1	0:01:12.814817
6960	1	0.456	1	0:01:15.467575
6980	1	0.525	1	0:01:25.167253
7000	0	0.947	0	0:01:17.954554
7020	1	0.599	1	0:01:26.417336
7040	0	0.597	0	0:01:19.097023
7060	1	0.901	1	0:01:12.879390
7080	0	0.947	0	0:01:13.417793
7100	0	0.947	0	0:01:13.895044
7120	0	0.2	0	0:01:25.252882
7140	0	0.789	0	0:01:24.293638
7160	-1	0.0	1	0:01:14.207320
7180	0	0.947	0	0:01:13.273535
7200	0	0.947	0	0:01:14.994372
7220	1	0.918	1	0:01:14.753968
7240	0	0.677	0	0:01:16.149676
7260	1	0.947	1	0:01:17.050817
7280	0	0.15	0	0:01:15.296929
7300	0	0.947	0	0:01:14.270918
7320	1	0.894	1	0:01:12.759433
7340	0	0.947	0	0:01:13.256140
7360	0	0.947	0	0:01:19.492282
7380	0	0.947	0	0:01:17.228967
7400	0	0.947	0	0:01:30.636511
7420	0	0.372	0	0:01:15.831825
7440	0	0.947	0	0:01:26.814260
7460	0	0.477	0	0:01:14.215482
7480	1	0.221	1	0:01:14.074835
7500	1	0.596	1	0:01:13.126929
7520	0	0.947	0	0:01:13.546535
7540	0	0.947	0	0:01:15.438601
7560	0	0.2	0	0:01:14.964378
7580	1	0.947	1	0:01:13.272190
7600	0	0.714	0	0:01:12.356807
7620	0	0.685	0	0:01:15.796912
7640	1	0.17	1	0:01:14.264568
7660	0	0.347	0	0:01:24.793009
7680	0	0.511	0	0:01:12.292641
7700	0	0.93	0	0:01:12.262475
7720	0	0.947	0	0:01:10.784961
7740	0	0.947	0	0:01:18.897250
7760	1	0.2	1	0:01:19.142316
7780	1	0.844	1	0:01:13.011344
7800	1	0.705	1	0:01:14.120794
7820	0	0.574	0	0:01:25.135579
7840	1	0.947	1	0:01:54.525851
7860	0	0.493	0	0:01:33.351329
7880	1	0.947	1	0:01:13.172014
7900	0	0.656	0	0:01:22.377701
7920	0	0.17	0	0:01:14.627713
7940	0	0.947	0	0:01:21.161887
7960	1	0.31	1	0:01:36.196432
7980	0	0.947	0	0:01:14.376061
8000	1	0.633	1	0:01:15.569734
8020	0	0.93	0	0:01:14.488238
8040	0	0.947	0	0:01:13.576151
8060	0	0.736	0	0:01:13.825443
8080	0	0.947	0	0:01:13.455450
8100	0	0.519	0	0:01:23.098344
8120	1	0.894	1	0:01:14.295187
8140	0	0.947	0	0:01:13.975301
8160	0	0.947	0	0:01:13.277793
8180	0	0.947	0	0:01:23.140113
8200	1	0.672	1	0:01:13.156908
8220	0	0.569	0	0:01:46.284860
8240	1	0.69	1	0:01:12.657874
8260	0	0.468	0	0:01:15.714712
8280	0	0.947	0	0:01:13.308677
8300	0	0.947	0	0:01:16.306460
8320	0	0.93	0	0:01:21.030271
8340	0	0.947	0	0:01:13.507988
8360	0	0.654	0	0:01:14.115721
8380	1	0.947	1	0:01:13.517624
8400	1	0.237	1	0:01:13.413685
8420	0	0.947	0	0:01:21.676056
8440	0	0.63	0	0:01:29.525809
8460	0	0.321	0	0:01:26.136364
8480	0	0.918	0	0:01:13.925079
8500	0	0.947	0	0:01:14.561971
8520	0	0.22	0	0:01:13.804972
8540	0	0.947	0	0:01:13.493876
8560	1	0.348	1	0:01:23.800915
8580	0	0.391	0	0:01:13.424838
8600	0	0.835	0	0:01:13.954614
8620	0	0.823	0	0:01:15.497852
8640	1	0.947	1	0:01:15.067570
8660	0	0.947	0	0:01:15.022043
8680	0	0.947	0	0:01:13.515059
8700	0	0.947	0	0:01:13.797172
8720	1	0.77	1	0:01:15.019034
8740	0	0.947	0	0:01:13.668211
8760	1	0.626	1	0:01:13.073390
8780	0	0.947	0	0:01:38.879449
8800	1	0.901	1	0:01:14.010967
8820	0	0.507	0	0:01:13.628999
8840	0	0.227	0	0:01:15.129825
8860	0	0.817	0	0:01:15.803118
8880	1	0.847	1	0:01:20.544229
8900	0	0.87	0	0:01:46.204903
8920	0	0.947	0	0:01:14.011171
8940	0	0.107	0	0:01:19.019861
8960	0	0.878	0	0:01:23.007299
8980	1	0.866	1	0:01:14.664454
9000	1	0.174	1	0:01:12.965769
9020	1	0.587	1	0:01:13.214926
9040	0	0.947	0	0:01:14.006243
9060	1	0.7	1	0:01:13.001491
9080	0	0.587	0	0:01:17.170202
9100	0	0.947	0	0:01:15.093986
9120	0	0.947	0	0:01:14.716729
9140	0	0.0962	0	0:01:16.486366
9160	0	0.585	0	0:01:15.405131
9180	0	0.643	0	0:01:14.292464
9200	1	0.535	1	0:01:11.594558
9220	1	0.947	1	0:01:16.109076
9240	0	0.609	0	0:01:17.585099
9260	0	0.947	0	0:01:13.447947
9280	1	0.487	1	0:01:12.613071
9300	0	0.947	0	0:01:13.669440
9320	1	0.622	1	0:01:13.957881
9340	1	0.947	1	0:01:12.975510
9360	0	0.438	0	0:01:24.570449
9380	0	0.947	0	0:01:26.994606
9400	0	0.556	0	0:01:22.401529
9420	0	0.719	0	0:01:13.785299
9440	1	0.947	1	0:01:13.850535
9460	0	0.947	0	0:01:40.071458
9480	0	0.947	0	0:01:45.402420
9500	0	0.738	0	0:01:45.397181
9520	1	0.947	1	0:01:45.424439
9540	0	0.947	0	0:01:45.266343
9560	1	0.302	1	0:01:45.362559
9580	1	0.479	1	0:01:45.368909
9600	1	0.467	1	0:01:45.012376
9620	0	0.909	0	0:01:44.927857
9640	0	0.303	0	0:01:44.708286
9660	0	0.281	0	0:01:30.723061
9680	1	0.947	1	0:01:18.848059
9700	0	0.235	0	0:01:14.104729
9720	0	0.874	0	0:01:24.167518
9740	0	0.947	0	0:01:17.609356
9760	0	0.423	0	0:01:28.004465
9780	0	0.947	0	0:01:22.581794
9800	1	0.947	1	0:01:24.038149
9820	0	0.144	0	0:01:19.219421
9840	0	0.531	0	0:01:16.535969
9860	0	0.947	0	0:01:14.583805
9880	0	0.537	0	0:01:14.304799
9900	-1	0.0	0	0:01:23.051675
9920	0	0.527	0	0:01:14.419794
9940	0	0.457	0	0:01:14.767386
9960	1	0.686	1	0:01:14.613374
9980	1	0.947	1	0:01:20.422913
