idx	mean	std	min	25 percentile	50 percentile	75 percentile	max
0	0.1899	0.03139	0.09479	0.1682	0.1931	0.2155	0.2519
20	0.0809	0.01369	0.05157	0.07115	0.07943	0.08894	0.1499
40	0.03694	0.008155	0.01896	0.03101	0.03577	0.04169	0.07188
60	0.2057	0.01343	0.1548	0.1978	0.2066	0.2149	0.2399
80	0.1411	0.0226	0.0536	0.1268	0.1433	0.156	0.2045
100	0.2438	0.01593	0.1851	0.234	0.2477	0.2563	0.2679
120	0.113	0.02058	0.05472	0.09889	0.1121	0.1275	0.1924
140	0.2621	0.005851	0.2372	0.2589	0.263	0.2664	0.2729
160	0.1066	0.01964	0.0516	0.09242	0.1057	0.1196	0.1663
180	0.151	0.01841	0.09896	0.1382	0.1514	0.1636	0.2116
200	0.2246	0.01729	0.1608	0.2128	0.2261	0.2369	0.2601
220	0.1674	0.02415	0.09659	0.1499	0.166	0.1856	0.2346
240	0.04741	0.009125	0.02832	0.04088	0.04609	0.0525	0.0962
260	0.1496	0.0191	0.08432	0.136	0.1501	0.1631	0.2037
280	0.03127	0.006657	0.01755	0.02641	0.03053	0.03516	0.06571
300	0.1316	0.01926	0.08048	0.1173	0.1317	0.1453	0.1796
320	0.2585	0.00577	0.2373	0.2548	0.2591	0.2628	0.2702
340	0.2354	0.009979	0.1992	0.2278	0.2362	0.2428	0.2598
360	0.1995	0.02719	0.1085	0.1829	0.2006	0.2186	0.2568
380	0.242	0.01937	0.1809	0.229	0.2452	0.2572	0.2749
400	0.06717	0.01412	0.03696	0.05661	0.06548	0.07646	0.1327
420	0.2277	0.007936	0.1899	0.2235	0.2289	0.2332	0.2484
440	0.1221	0.03056	0.04222	0.1021	0.1226	0.1427	0.2138
460	0.2067	0.01723	0.1297	0.1969	0.2094	0.2189	0.2474
480	0.05659	0.01171	0.02646	0.04836	0.05559	0.0636	0.1184
500	0.1435	0.02206	0.08146	0.1277	0.1421	0.158	0.212
520	0.1609	0.02355	0.1041	0.144	0.1576	0.1744	0.2346
540	0.02038	0.002808	0.01404	0.01849	0.02002	0.02186	0.03529
560	0.0501	0.01235	0.02513	0.04104	0.04871	0.05722	0.1203
580	0.2556	0.007738	0.2226	0.2514	0.257	0.2608	0.2721
600	0.09413	0.01795	0.05316	0.0815	0.0909	0.1047	0.178
620	0.1776	0.02105	0.1132	0.1627	0.1781	0.1937	0.2288
640	0.2642	0.004378	0.2389	0.262	0.2648	0.2671	0.2731
660	0.1717	0.02467	0.1067	0.1545	0.1723	0.1898	0.2416
680	0.0988	0.01589	0.0529	0.08779	0.09893	0.1095	0.1495
700	0.1085	0.01597	0.06904	0.09635	0.1072	0.1182	0.1674
720	0.1371	0.02643	0.07604	0.1174	0.1341	0.1538	0.2129
740	0.2086	0.01083	0.1738	0.2012	0.2076	0.2156	0.2442
760	0.1847	0.01804	0.1344	0.1721	0.1851	0.1959	0.2369
780	0.03138	0.003757	0.02184	0.02879	0.031	0.03382	0.04804
800	0.07372	0.01417	0.03521	0.06397	0.07312	0.08256	0.1412
820	0.2285	0.01926	0.1579	0.2171	0.2328	0.2427	0.2633
840	0.05557	0.007552	0.03948	0.04999	0.05478	0.06026	0.08316
860	0.2278	0.01404	0.1799	0.2185	0.2273	0.2368	0.2657
880	0.05195	0.008557	0.03431	0.04602	0.051	0.05713	0.1066
900	0.2622	0.005737	0.2335	0.2594	0.2632	0.2659	0.2737
920	0.2458	0.009812	0.2153	0.2396	0.2468	0.253	0.2657
940	0.0357	0.005305	0.0237	0.03188	0.035	0.0384	0.06118
960	0.03267	0.004017	0.01959	0.02997	0.0325	0.0352	0.04542
980	0.2398	0.008672	0.2063	0.2342	0.2404	0.2457	0.2632
1000	0.2324	0.011	0.1689	0.2279	0.2346	0.2398	0.2542
1020	0.04228	0.009127	0.02239	0.03565	0.04131	0.04741	0.09304
1040	0.1726	0.01971	0.1026	0.1594	0.1728	0.1863	0.2305
1060	0.1033	0.02466	0.0396	0.08476	0.1027	0.1195	0.1763
1080	0.1611	0.02059	0.1063	0.1462	0.1618	0.1766	0.2196
1100	0.05993	0.0149	0.02649	0.04957	0.05847	0.06854	0.1435
1120	0.2093	0.02165	0.1185	0.1949	0.2104	0.2246	0.2635
1140	0.2544	0.007332	0.2128	0.2501	0.255	0.2596	0.2705
1160	0.07364	0.02086	0.03156	0.05793	0.07056	0.08745	0.1546
1180	0.2447	0.008422	0.1998	0.2398	0.2454	0.2505	0.2652
1200	0.0601	0.01531	0.02321	0.04838	0.05924	0.07074	0.1189
1220	0.1892	0.01397	0.1323	0.1805	0.1901	0.1984	0.2255
1240	0.2268	0.02305	0.1613	0.2103	0.2296	0.2457	0.2696
1260	0.06205	0.02089	0.01858	0.04655	0.05974	0.07461	0.1566
1280	0.1721	0.02211	0.1084	0.1573	0.1711	0.1887	0.2253
1300	0.2704	0.002541	0.2548	0.2691	0.2708	0.2722	0.2747
1320	0.1215	0.02318	0.06235	0.1052	0.1202	0.1363	0.2167
1340	0.02038	0.002138	0.0146	0.01886	0.02019	0.02172	0.02933
1360	0.2154	0.01587	0.1535	0.2063	0.2179	0.2268	0.2534
1380	0.2276	0.01216	0.1799	0.2202	0.2291	0.2359	0.2598
1400	0.2554	0.007506	0.2191	0.2519	0.2571	0.2608	0.2679
1420	0.1309	0.02001	0.0864	0.1164	0.128	0.1429	0.2137
1440	0.1054	0.02613	0.05021	0.08714	0.1004	0.12	0.2072
1460	0.1694	0.01867	0.1016	0.1579	0.1706	0.1821	0.2166
1480	0.05446	0.009203	0.03228	0.04793	0.05385	0.06025	0.08388
1500	0.03012	0.005032	0.01812	0.02659	0.02957	0.03283	0.05323
1520	0.2414	0.00986	0.2044	0.2356	0.2422	0.2484	0.263
1540	0.1391	0.02721	0.0612	0.1203	0.1395	0.1584	0.2145
1560	0.1024	0.01501	0.05068	0.09307	0.1026	0.1115	0.1544
1580	0.0967	0.01614	0.05704	0.08472	0.09547	0.1074	0.1522
1600	0.1919	0.0254	0.09562	0.1745	0.1911	0.2089	0.2505
1620	0.1593	0.0166	0.08786	0.1487	0.1604	0.1708	0.1991
1640	0.09047	0.009184	0.06583	0.08412	0.08943	0.09636	0.1292
1660	0.1875	0.0206	0.1087	0.1748	0.1916	0.2024	0.2257
1680	0.2312	0.01151	0.1474	0.2248	0.233	0.2392	0.2558
1700	0.239	0.009482	0.2112	0.2328	0.2395	0.2456	0.2627
1720	0.1232	0.02121	0.06937	0.1071	0.1203	0.1375	0.2024
1740	0.02125	0.003883	0.01275	0.01854	0.02083	0.02354	0.04051
1760	0.1746	0.03058	0.07687	0.1562	0.1765	0.1968	0.2524
1780	0.1735	0.01884	0.08337	0.1616	0.1751	0.1868	0.2234
1800	0.1275	0.02925	0.04646	0.1076	0.1259	0.1467	0.2211
1820	0.06425	0.009339	0.03959	0.05811	0.06374	0.07004	0.09911
1840	0.1967	0.02497	0.08944	0.1817	0.2003	0.215	0.2489
1860	0.03772	0.009793	0.01824	0.03102	0.03599	0.04315	0.08683
1880	0.05204	0.006528	0.03581	0.04761	0.05163	0.05615	0.08042
1900	0.07315	0.00956	0.04327	0.06812	0.07532	0.07982	0.09278
1920	0.1153	0.009348	0.08175	0.1089	0.1152	0.1213	0.151
1940	0.1776	0.01521	0.1217	0.1678	0.1784	0.1882	0.2195
1960	0.1522	0.02026	0.08912	0.1391	0.1526	0.1653	0.2175
1980	0.04724	0.01088	0.02465	0.03999	0.04566	0.05273	0.1053
2000	0.1539	0.02989	0.07791	0.1314	0.1531	0.1752	0.2436
2020	0.03057	0.005654	0.01777	0.02653	0.02977	0.03396	0.0571
2040	0.04769	0.008244	0.02678	0.04182	0.04731	0.05308	0.08083
2060	0.2258	0.01474	0.1653	0.2166	0.2267	0.2368	0.2601
2080	0.07069	0.01399	0.03894	0.06145	0.06816	0.07737	0.1604
2100	0.1899	0.01951	0.1243	0.1774	0.1914	0.2039	0.2395
2120	0.1498	0.02056	0.07579	0.1355	0.1497	0.1632	0.2105
2140	0.1044	0.02046	0.05246	0.09019	0.1031	0.1182	0.1717
2160	0.04366	0.01229	0.01823	0.03461	0.04216	0.04995	0.1012
2180	0.2631	0.005032	0.2259	0.2606	0.2641	0.2667	0.2736
2200	0.1639	0.01251	0.1295	0.1556	0.1635	0.1707	0.2318
2220	0.02152	0.003314	0.01482	0.0191	0.0211	0.0233	0.03357
2240	0.07429	0.01396	0.04314	0.06432	0.07221	0.08308	0.1349
2260	0.1764	0.02498	0.09389	0.1584	0.1795	0.1945	0.2388
2280	0.2555	0.01338	0.1532	0.2499	0.2591	0.265	0.2743
2300	0.2485	0.008905	0.217	0.243	0.2495	0.2551	0.2685
2320	0.1741	0.02413	0.1066	0.1578	0.1771	0.1918	0.2298
2340	0.08911	0.01509	0.05148	0.07851	0.08818	0.0987	0.1521
2360	0.1214	0.0192	0.0698	0.108	0.1201	0.1338	0.1804
2380	0.07256	0.01026	0.04813	0.06523	0.07139	0.07876	0.11
2400	0.097	0.01489	0.03949	0.08658	0.09858	0.108	0.1345
2420	0.1075	0.01887	0.05586	0.09372	0.1053	0.1196	0.1857
2440	0.06931	0.01635	0.03244	0.05673	0.06747	0.07997	0.1279
2460	0.2179	0.01263	0.1748	0.2098	0.2183	0.2268	0.251
2480	0.09555	0.02082	0.0313	0.08121	0.09366	0.1081	0.1755
2500	0.2166	0.01717	0.1344	0.2078	0.2185	0.2289	0.2549
2520	0.06365	0.01249	0.03095	0.05486	0.06256	0.07127	0.1383
2540	0.2196	0.01178	0.1775	0.2121	0.2196	0.2278	0.2486
2560	0.2128	0.02305	0.1202	0.1984	0.2141	0.2303	0.2599
2580	0.1687	0.017	0.1059	0.1579	0.1696	0.1804	0.2141
2600	0.01852	0.004286	0.009524	0.01542	0.01779	0.02067	0.03728
2620	0.1063	0.02806	0.04396	0.08488	0.1044	0.1248	0.1898
2640	0.1997	0.02325	0.1069	0.1857	0.2001	0.2163	0.2633
2660	0.2185	0.01452	0.1691	0.2088	0.2186	0.2284	0.2584
2680	0.0462	0.01659	0.01962	0.03496	0.04354	0.0534	0.2284
2700	0.06887	0.01024	0.04303	0.06154	0.06852	0.07576	0.1299
2720	0.143	0.0213	0.09305	0.1281	0.1403	0.1556	0.2341
2740	0.126	0.02083	0.07916	0.11	0.125	0.1401	0.1918
2760	0.2431	0.0124	0.1996	0.2348	0.244	0.2521	0.269
2780	0.08177	0.01205	0.0493	0.07336	0.0801	0.0893	0.1367
2800	0.267	0.004458	0.2407	0.265	0.2679	0.27	0.2747
2820	0.1667	0.02267	0.1086	0.1505	0.1654	0.1815	0.2437
2840	0.1369	0.01281	0.09883	0.128	0.1377	0.146	0.1747
2860	0.2395	0.01084	0.1822	0.2333	0.2408	0.247	0.2651
2880	0.2431	0.007759	0.2163	0.2381	0.2434	0.2487	0.2639
2900	0.2377	0.007527	0.2072	0.2334	0.2384	0.2429	0.255
2920	0.1628	0.01375	0.1198	0.1534	0.1629	0.1721	0.203
2940	0.1361	0.01168	0.1035	0.1279	0.1356	0.1447	0.1726
2960	0.04097	0.007852	0.02698	0.03526	0.03948	0.04504	0.07715
2980	0.05058	0.008234	0.03269	0.04473	0.04922	0.05573	0.09813
3000	0.2352	0.01048	0.1878	0.2303	0.2372	0.2428	0.254
3020	0.04884	0.00916	0.02707	0.04221	0.04792	0.05478	0.08391
3040	0.08369	0.01475	0.05294	0.07327	0.08203	0.09255	0.144
3060	0.1866	0.01455	0.145	0.1774	0.1866	0.196	0.2332
3080	0.1126	0.02302	0.06003	0.0948	0.1093	0.1272	0.1881
3100	0.1229	0.02943	0.04822	0.1007	0.1233	0.1447	0.2117
3120	0.2468	0.008439	0.2099	0.2413	0.2475	0.2532	0.2695
3140	0.1554	0.02674	0.06185	0.1406	0.1604	0.1743	0.2156
3160	0.226	0.009323	0.1812	0.2207	0.2265	0.2323	0.2498
3180	0.2546	0.008019	0.2222	0.2495	0.2556	0.2604	0.2716
3200	0.1341	0.01485	0.09487	0.1235	0.1331	0.1431	0.2008
3220	0.1712	0.01768	0.1199	0.1588	0.1709	0.183	0.2217
3240	0.1408	0.02423	0.07155	0.1249	0.142	0.1582	0.2036
3260	0.1062	0.01758	0.05777	0.0935	0.1058	0.1173	0.1807
3280	0.2089	0.02317	0.142	0.1923	0.21	0.2278	0.2595
3300	0.1823	0.01253	0.1312	0.1757	0.1833	0.1901	0.2185
3320	0.1642	0.02128	0.0964	0.15	0.1648	0.179	0.2223
3340	0.2214	0.01855	0.1424	0.2138	0.2266	0.2338	0.2519
3360	0.2615	0.009989	0.2028	0.2571	0.2641	0.2686	0.2746
3380	0.1796	0.0242	0.1016	0.1648	0.1803	0.1961	0.2418
3400	0.1897	0.01669	0.1291	0.1782	0.1894	0.2021	0.2322
3420	0.1695	0.02553	0.09803	0.1503	0.1687	0.1868	0.2365
3440	0.248	0.01241	0.1872	0.2415	0.25	0.2568	0.271
3460	0.0309	0.002718	0.02378	0.02891	0.03067	0.03253	0.04046
3480	0.12	0.008713	0.09603	0.1142	0.1194	0.1257	0.1534
3500	0.05586	0.01219	0.03116	0.04721	0.05372	0.06237	0.1348
3520	0.03266	0.01019	0.01197	0.02536	0.03201	0.03934	0.07181
3540	0.2477	0.009158	0.2082	0.242	0.2484	0.2544	0.2697
3560	0.03443	0.007627	0.01325	0.02883	0.0341	0.03905	0.07524
3580	0.1646	0.01642	0.1044	0.154	0.1655	0.1757	0.2169
3600	0.206	0.01042	0.1602	0.1995	0.2068	0.2131	0.2309
3620	0.1595	0.01487	0.1041	0.1506	0.1605	0.1698	0.1992
3640	0.2223	0.01617	0.1672	0.2117	0.2235	0.2337	0.2617
3660	0.04445	0.01074	0.02633	0.0371	0.04236	0.04938	0.1024
3680	0.2467	0.01246	0.1691	0.2403	0.2485	0.256	0.2702
3700	0.2486	0.005445	0.2261	0.2448	0.2491	0.2525	0.2617
3720	0.214	0.01216	0.1758	0.2063	0.2142	0.2221	0.2483
3740	0.02212	0.004977	0.01279	0.01866	0.02129	0.02472	0.04832
3760	0.1306	0.01522	0.08326	0.1202	0.1297	0.14	0.1968
3780	0.2331	0.01393	0.1786	0.2248	0.2354	0.2433	0.2636
3800	0.1384	0.03416	0.05415	0.1113	0.1373	0.1655	0.2192
3820	0.2132	0.0205	0.1498	0.1994	0.215	0.2288	0.2548
3840	0.1997	0.01671	0.1453	0.1888	0.2008	0.2108	0.2479
3860	0.1036	0.0103	0.07355	0.09662	0.1035	0.1111	0.134
3880	0.2249	0.01173	0.1891	0.217	0.2265	0.2332	0.2509
3900	0.07418	0.005184	0.0549	0.07087	0.0745	0.07779	0.08987
3920	0.1028	0.0212	0.05385	0.08804	0.1007	0.1138	0.2015
3940	0.2298	0.01473	0.1174	0.2229	0.2327	0.2394	0.2581
3960	0.259	0.006009	0.2338	0.2554	0.2599	0.2635	0.2727
3980	0.1178	0.02034	0.06178	0.104	0.1172	0.1312	0.1845
4000	0.1046	0.02997	0.04191	0.08279	0.1002	0.1223	0.2104
4020	0.03612	0.005754	0.02148	0.03203	0.03578	0.03964	0.06303
4040	0.01684	0.003543	0.009382	0.01443	0.01635	0.01862	0.0417
4060	0.1586	0.02535	0.06973	0.1415	0.1587	0.1761	0.2283
4080	0.08751	0.02496	0.0334	0.06872	0.08504	0.1045	0.1799
4100	0.07521	0.009221	0.05226	0.0688	0.07396	0.08042	0.1114
4120	0.07526	0.0166	0.0388	0.06316	0.07248	0.08394	0.1804
4140	0.2381	0.01448	0.1821	0.2283	0.2393	0.2489	0.2666
4160	0.2049	0.01655	0.1507	0.194	0.2061	0.2167	0.2441
4180	0.1812	0.02535	0.08126	0.1647	0.1837	0.1993	0.2452
4200	0.2183	0.01195	0.1791	0.2097	0.2178	0.2257	0.258
4220	0.06903	0.01426	0.03686	0.05861	0.06718	0.07716	0.1311
4240	0.03569	0.01132	0.01603	0.02836	0.03354	0.04031	0.1285
4260	0.07714	0.01484	0.04345	0.06623	0.07549	0.08659	0.1414
4280	0.03539	0.009786	0.01562	0.0283	0.03378	0.04071	0.08078
4300	0.132	0.03143	0.06007	0.1093	0.1308	0.1514	0.2493
4320	0.0873	0.02383	0.03784	0.0696	0.08456	0.1015	0.1909
4340	0.06576	0.01487	0.03498	0.05503	0.06362	0.07385	0.1301
4360	0.14	0.02183	0.06214	0.1256	0.1412	0.1548	0.2076
4380	0.1183	0.01668	0.07947	0.1064	0.1165	0.1283	0.1677
4400	0.2532	0.007419	0.2071	0.2499	0.254	0.2582	0.2671
4420	0.1984	0.02001	0.1188	0.186	0.2002	0.2125	0.2568
4440	0.2484	0.01311	0.1974	0.241	0.2501	0.2581	0.2727
4460	0.05321	0.01076	0.02985	0.04505	0.05216	0.06032	0.1011
4480	0.1085	0.0225	0.05768	0.09153	0.1065	0.1224	0.2002
4500	0.226	0.008343	0.1957	0.2208	0.2266	0.2316	0.2477
4520	0.1464	0.01668	0.09404	0.1351	0.1468	0.1583	0.2096
4540	0.209	0.0227	0.0996	0.1956	0.2129	0.2264	0.2536
4560	0.07201	0.02165	0.02672	0.05578	0.06774	0.08496	0.1912
4580	0.266	0.007117	0.2193	0.2635	0.2679	0.2706	0.2749
4600	0.1438	0.01786	0.08043	0.1306	0.1438	0.1567	0.2049
4620	0.1784	0.01432	0.1296	0.1696	0.1795	0.1884	0.2213
4640	0.2458	0.01007	0.21	0.2399	0.2474	0.2532	0.2646
4660	0.1572	0.02879	0.08089	0.1363	0.1571	0.1783	0.2609
4680	0.06482	0.01974	0.02464	0.05003	0.06189	0.07576	0.1349
4700	0.1992	0.01927	0.1147	0.1863	0.2005	0.2145	0.2387
4720	0.04078	0.008313	0.02424	0.0348	0.03959	0.04607	0.0802
4740	0.2392	0.01122	0.2037	0.2314	0.2405	0.2476	0.2639
4760	0.2196	0.01214	0.1429	0.2123	0.221	0.2281	0.2483
4780	0.1185	0.02936	0.05267	0.09761	0.1151	0.1356	0.2304
4800	0.02802	0.004082	0.01856	0.02507	0.0277	0.03043	0.04751
4820	0.234	0.01273	0.1617	0.2265	0.2356	0.2433	0.2614
4840	0.0434	0.006694	0.03022	0.0385	0.04239	0.0476	0.06982
4860	0.2102	0.008658	0.1755	0.2055	0.2114	0.2164	0.2414
4880	0.1509	0.01155	0.115	0.1433	0.1517	0.1589	0.1868
4900	0.1543	0.01182	0.111	0.1466	0.1545	0.1622	0.1932
4920	0.07941	0.01295	0.04543	0.07102	0.0786	0.08773	0.1316
4940	0.2397	0.006802	0.2138	0.2349	0.2397	0.2442	0.2583
4960	0.2415	0.0126	0.1929	0.2332	0.2439	0.2506	0.2702
4980	0.1578	0.02222	0.0873	0.1432	0.159	0.1739	0.2301
5000	0.1137	0.01661	0.0634	0.1022	0.1161	0.1259	0.1587
5020	0.07825	0.01653	0.02965	0.06648	0.07807	0.08922	0.1341
5040	0.1636	0.01053	0.1347	0.1564	0.1635	0.1704	0.2039
5060	0.2384	0.01234	0.1826	0.2311	0.2394	0.2474	0.2663
5080	0.05562	0.006575	0.03785	0.05139	0.0552	0.05973	0.09181
5100	0.2067	0.01703	0.1528	0.1954	0.207	0.2184	0.2561
5120	0.07221	0.01266	0.03198	0.06329	0.07209	0.08111	0.113
5140	0.07464	0.02874	0.02528	0.05288	0.0679	0.0911	0.1973
5160	0.07345	0.0138	0.04058	0.06377	0.07187	0.08118	0.1408
5180	0.1977	0.02624	0.1173	0.1793	0.1992	0.2174	0.2544
5200	0.2325	0.009603	0.1848	0.227	0.234	0.2391	0.2551
5220	0.09388	0.01851	0.04875	0.08087	0.09145	0.1049	0.1656
5240	0.1582	0.02159	0.08695	0.1444	0.1564	0.1723	0.2319
5260	0.08316	0.02292	0.03593	0.06612	0.08112	0.09868	0.1793
5280	0.06625	0.009688	0.03948	0.05924	0.06593	0.07301	0.09619
5300	0.07222	0.01636	0.0372	0.05998	0.06942	0.08171	0.1564
5320	0.09946	0.01044	0.0663	0.09233	0.09957	0.106	0.1358
5340	0.1853	0.02091	0.1214	0.1717	0.1871	0.2	0.237
5360	0.1118	0.02105	0.06067	0.09576	0.1111	0.1273	0.1763
5380	0.04017	0.004749	0.02707	0.03684	0.03985	0.04312	0.05705
5400	0.03565	0.004879	0.02425	0.03228	0.03507	0.03844	0.05567
5420	0.2021	0.01613	0.1489	0.1905	0.2017	0.2139	0.2451
5440	0.01903	0.003029	0.01189	0.01687	0.01867	0.02086	0.03265
5460	0.1262	0.009925	0.08687	0.1198	0.1267	0.1334	0.155
5480	0.1013	0.02849	0.04316	0.08047	0.09686	0.1193	0.2419
5500	0.08528	0.01791	0.04334	0.07268	0.08321	0.09512	0.1667
5520	0.2365	0.01489	0.1479	0.2295	0.2394	0.247	0.2601
5540	0.2433	0.0113	0.208	0.2358	0.2448	0.2517	0.2658
5560	0.2414	0.008197	0.2101	0.236	0.2416	0.247	0.2634
5580	0.2258	0.007797	0.1868	0.2216	0.2263	0.2312	0.2465
5600	0.1988	0.02567	0.1116	0.1814	0.1982	0.2147	0.2656
5620	0.2069	0.01166	0.1598	0.1998	0.2085	0.2149	0.2373
5640	0.2217	0.01176	0.1709	0.2139	0.2227	0.2303	0.2514
5660	0.08261	0.01644	0.04491	0.07087	0.08144	0.09299	0.1484
5680	0.1599	0.01806	0.1078	0.1471	0.1585	0.1719	0.2134
5700	0.2531	0.009367	0.2068	0.2493	0.2548	0.2596	0.27
5720	0.0299	0.005772	0.01728	0.02591	0.02886	0.03283	0.06513
5740	0.2352	0.01281	0.1979	0.2266	0.236	0.2443	0.2644
5760	0.2518	0.008541	0.2203	0.2462	0.2526	0.2582	0.2715
5780	0.03901	0.006127	0.02352	0.03464	0.03852	0.04325	0.05782
5800	0.07746	0.01022	0.0556	0.07055	0.07614	0.08346	0.1261
5820	0.1762	0.02347	0.1094	0.1602	0.1744	0.1918	0.2511
5840	0.2524	0.01112	0.208	0.2463	0.2548	0.2605	0.2705
5860	0.05468	0.01063	0.02879	0.04717	0.05344	0.06153	0.09313
5880	0.04484	0.01172	0.01997	0.03632	0.04321	0.0514	0.0941
5900	0.2015	0.0134	0.1673	0.1918	0.2019	0.2111	0.2424
5920	0.1097	0.02064	0.06659	0.09453	0.1083	0.1219	0.1848
5940	0.1536	0.02223	0.09699	0.1365	0.1527	0.1696	0.2165
5960	0.2103	0.01143	0.1591	0.2042	0.2122	0.218	0.2404
5980	0.06828	0.0136	0.03802	0.05807	0.06701	0.07744	0.1231
6000	0.1484	0.03235	0.07011	0.1258	0.1468	0.17	0.2406
6020	0.2509	0.01314	0.2049	0.2424	0.2538	0.2608	0.2744
6040	0.1244	0.01036	0.08783	0.1176	0.1241	0.1314	0.1568
6060	0.2685	0.004583	0.2324	0.2676	0.2698	0.2714	0.2735
6080	0.1447	0.01845	0.07525	0.1331	0.1457	0.1568	0.2029
6100	0.09505	0.01881	0.04429	0.08231	0.09396	0.1067	0.1674
6120	0.1693	0.01859	0.1067	0.1566	0.1697	0.1818	0.2263
6140	0.04192	0.01003	0.02434	0.03488	0.03994	0.04684	0.09576
6160	0.1965	0.02827	0.09634	0.179	0.2007	0.2177	0.2505
6180	0.1145	0.01794	0.06355	0.1017	0.114	0.1266	0.1803
6200	0.1779	0.0185	0.08812	0.1654	0.1784	0.1914	0.23
6220	0.2291	0.01245	0.1674	0.2218	0.2297	0.2375	0.2577
6240	0.1669	0.0286	0.08408	0.1478	0.1668	0.1863	0.241
6260	0.2118	0.01852	0.1314	0.2018	0.2147	0.2243	0.2503
6280	0.1539	0.01881	0.1073	0.1413	0.1524	0.1666	0.2226
6300	0.07688	0.01085	0.04589	0.06984	0.07585	0.08252	0.1333
6320	0.1042	0.01271	0.06246	0.09593	0.1042	0.1117	0.1584
6340	0.1904	0.0145	0.14	0.1811	0.1906	0.2009	0.2305
6360	0.2422	0.006393	0.2214	0.2382	0.2422	0.2464	0.2595
6380	0.2049	0.01696	0.1473	0.1939	0.2061	0.2171	0.2462
6400	0.04358	0.006237	0.02913	0.03918	0.04301	0.047	0.07638
6420	0.1859	0.02154	0.1167	0.1734	0.1881	0.2008	0.2426
6440	0.1791	0.02227	0.113	0.1646	0.1817	0.1946	0.2602
6460	0.05942	0.01193	0.03919	0.05038	0.057	0.06584	0.1125
6480	0.0873	0.01154	0.05649	0.07941	0.08606	0.09366	0.1399
6500	0.1473	0.02441	0.07668	0.1288	0.1463	0.165	0.2174
6520	0.2352	0.006563	0.2045	0.2309	0.2357	0.2397	0.2567
6540	0.1564	0.01484	0.1101	0.1471	0.1566	0.1665	0.2008
6560	0.161	0.01885	0.09057	0.1489	0.1617	0.1736	0.2153
6580	0.1154	0.01672	0.07432	0.1036	0.1143	0.1259	0.1816
6600	0.09771	0.01117	0.05716	0.09079	0.09759	0.1055	0.1379
6620	0.1329	0.02246	0.07475	0.1157	0.1304	0.1481	0.2043
6640	0.1173	0.01001	0.08607	0.1105	0.1172	0.1238	0.1499
6660	0.06337	0.01609	0.01926	0.05177	0.06471	0.0751	0.1118
6680	0.2038	0.01449	0.1306	0.1961	0.2054	0.2139	0.2333
6700	0.1367	0.01674	0.09299	0.1249	0.1353	0.1476	0.1949
6720	0.2449	0.008617	0.2155	0.2396	0.246	0.2509	0.2667
6740	0.2486	0.009162	0.1968	0.2439	0.2495	0.2551	0.2685
6760	0.2262	0.01393	0.1795	0.2164	0.2276	0.2371	0.2578
6780	0.1732	0.01689	0.122	0.1612	0.1725	0.1848	0.2287
6800	0.2488	0.01645	0.1826	0.2389	0.2524	0.261	0.2743
6820	0.045	0.01226	0.01781	0.03597	0.04441	0.05233	0.09674
6840	0.08564	0.0193	0.03613	0.07269	0.08438	0.09795	0.1586
6860	0.1143	0.01699	0.06514	0.1031	0.1136	0.1262	0.1656
6880	0.137	0.01582	0.08741	0.1262	0.1377	0.1479	0.1786
6900	0.0793	0.008859	0.05308	0.07323	0.07892	0.08441	0.1113
6920	0.2345	0.01034	0.1846	0.2279	0.2351	0.2418	0.263
6940	0.02735	0.004298	0.01851	0.02418	0.02678	0.02999	0.04608
6960	0.06495	0.01932	0.02743	0.05036	0.06091	0.07607	0.1524
6980	0.07714	0.01364	0.04136	0.06704	0.07626	0.08643	0.1253
7000	0.2259	0.01387	0.183	0.2169	0.2251	0.2337	0.2727
7020	0.05983	0.01531	0.029	0.04904	0.05798	0.06831	0.1203
7040	0.1916	0.03314	0.08671	0.1681	0.1935	0.2167	0.2653
7060	0.04802	0.007323	0.03293	0.04298	0.04703	0.05177	0.09221
7080	0.2299	0.0141	0.1775	0.2205	0.2304	0.2402	0.2619
7100	0.1775	0.01204	0.131	0.1691	0.1775	0.1859	0.2166
7120	0.1212	0.01389	0.07897	0.1118	0.1214	0.1313	0.1577
7140	0.1821	0.01832	0.1117	0.1711	0.1838	0.1953	0.2323
7160	0.1093	0.01284	0.07516	0.1003	0.1074	0.1166	0.1767
7180	0.2095	0.01613	0.1275	0.2007	0.2113	0.2205	0.2615
7200	0.2593	0.006132	0.2322	0.2558	0.2602	0.2635	0.2716
7220	0.04422	0.01051	0.02266	0.03604	0.0429	0.05077	0.08311
7240	0.209	0.03229	0.08308	0.1881	0.214	0.2338	0.2689
7260	0.02493	0.004942	0.01497	0.02148	0.02424	0.02751	0.05346
7280	0.1271	0.0276	0.05133	0.1076	0.1252	0.1474	0.2167
7300	0.2063	0.01402	0.1498	0.1978	0.2069	0.2161	0.2433
7320	0.06238	0.009631	0.0409	0.05589	0.06156	0.06892	0.1024
7340	0.2574	0.01052	0.2018	0.2532	0.2604	0.2647	0.2715
7360	0.2017	0.01689	0.1448	0.1909	0.2023	0.2139	0.2465
7380	0.2181	0.01087	0.1851	0.2108	0.2183	0.2259	0.2478
7400	0.2026	0.01755	0.1287	0.1924	0.2047	0.2155	0.2423
7420	0.1339	0.01638	0.08787	0.1223	0.1331	0.1449	0.1877
7440	0.2656	0.004685	0.2444	0.263	0.266	0.2689	0.2749
7460	0.1713	0.03054	0.07811	0.1498	0.1741	0.1944	0.2398
7480	0.09857	0.01325	0.05463	0.08976	0.09771	0.1074	0.1474
7500	0.08108	0.0096	0.05765	0.07436	0.08058	0.08732	0.1258
7520	0.267	0.004369	0.2399	0.2644	0.2675	0.2701	0.2749
7540	0.1878	0.02092	0.1372	0.1708	0.1871	0.2048	0.2323
7560	0.1286	0.02271	0.07521	0.1129	0.1265	0.1427	0.2159
7580	0.05705	0.009082	0.0313	0.05111	0.05669	0.06311	0.0906
7600	0.1819	0.02821	0.1141	0.1612	0.1799	0.1998	0.2681
7620	0.1703	0.01865	0.1008	0.1588	0.1721	0.1837	0.2137
7640	0.09399	0.02299	0.03539	0.07682	0.09355	0.1092	0.1688
7660	0.139	0.02182	0.08007	0.1242	0.1365	0.1524	0.218
7680	0.1742	0.03004	0.08076	0.1524	0.1746	0.1966	0.2467
7700	0.2089	0.02237	0.1262	0.1926	0.2094	0.2258	0.2683
7720	0.1903	0.009493	0.1361	0.1847	0.1912	0.1967	0.221
7740	0.2245	0.01114	0.1935	0.2173	0.224	0.2324	0.2558
7760	0.09602	0.01866	0.05215	0.08234	0.09497	0.1083	0.1502
7780	0.04902	0.01156	0.02657	0.0411	0.04661	0.05485	0.1024
7800	0.06675	0.01315	0.03425	0.05729	0.06598	0.07509	0.1253
7820	0.19	0.03221	0.09611	0.1673	0.1926	0.2128	0.2637
7840	0.06274	0.01046	0.0388	0.05502	0.06241	0.06995	0.09592
7860	0.156	0.01873	0.08095	0.1462	0.157	0.1677	0.2108
7880	0.05744	0.007598	0.03599	0.05229	0.05684	0.06185	0.09464
7900	0.1514	0.01645	0.1074	0.1407	0.1513	0.1616	0.2013
7920	0.1346	0.03283	0.05265	0.1092	0.1368	0.1584	0.2148
7940	0.2455	0.01429	0.1724	0.2373	0.2477	0.2562	0.2716
7960	0.09246	0.01334	0.05966	0.08273	0.09184	0.1012	0.1421
7980	0.2298	0.01461	0.1835	0.2191	0.2294	0.2408	0.263
8000	0.0655	0.0144	0.03193	0.05487	0.06375	0.07427	0.1168
8020	0.2267	0.01763	0.1481	0.2164	0.2282	0.2388	0.2668
8040	0.1977	0.01527	0.1459	0.1884	0.1971	0.2077	0.2474
8060	0.1803	0.02362	0.08799	0.1643	0.1811	0.1962	0.2425
8080	0.2368	0.007538	0.2038	0.2323	0.2369	0.242	0.2589
8100	0.1596	0.02416	0.08393	0.1429	0.1588	0.1765	0.2304
8120	0.04319	0.008109	0.02714	0.03764	0.04199	0.04716	0.09669
8140	0.2289	0.01186	0.1831	0.2218	0.2299	0.2372	0.2618
8160	0.2312	0.01395	0.1661	0.2254	0.2341	0.2409	0.2576
8180	0.2385	0.01008	0.175	0.2316	0.2396	0.2456	0.2686
8200	0.07107	0.01202	0.04302	0.06202	0.0703	0.07847	0.1149
8220	0.1789	0.02983	0.09174	0.1579	0.18	0.2014	0.2565
8240	0.06828	0.01117	0.04188	0.06068	0.0665	0.07389	0.1213
8260	0.1429	0.01667	0.08625	0.1319	0.144	0.1544	0.212
8280	0.2135	0.01515	0.1573	0.2038	0.2146	0.2243	0.2521
8300	0.2434	0.007711	0.2168	0.2389	0.2442	0.2489	0.2618
8320	0.2053	0.02247	0.1376	0.1901	0.2056	0.2229	0.2592
8340	0.2087	0.0116	0.177	0.2001	0.2078	0.2167	0.2414
8360	0.1936	0.02919	0.0949	0.175	0.1977	0.2153	0.2576
8380	0.04741	0.004935	0.0341	0.04395	0.0473	0.05044	0.06717
8400	0.09049	0.01884	0.05512	0.07624	0.08794	0.1001	0.184
8420	0.2259	0.01579	0.1618	0.2178	0.2279	0.2366	0.2598
8440	0.1703	0.02264	0.08855	0.1571	0.1726	0.1862	0.2232
8460	0.1555	0.03698	0.05643	0.1296	0.1544	0.1806	0.2531
8480	0.2403	0.02281	0.1464	0.2287	0.2457	0.257	0.2742
8500	0.2128	0.01081	0.1597	0.2063	0.2128	0.2192	0.2462
8520	0.1229	0.01577	0.07576	0.1118	0.1223	0.134	0.1789
8540	0.2335	0.007929	0.2004	0.2284	0.2336	0.2387	0.2594
8560	0.09883	0.007554	0.07896	0.09378	0.09847	0.1037	0.1237
8580	0.1351	0.01729	0.08689	0.1231	0.1335	0.1458	0.1979
8600	0.2061	0.01899	0.1269	0.1975	0.2087	0.2191	0.2444
8620	0.2065	0.01957	0.1228	0.1956	0.2088	0.2205	0.2511
8640	0.05085	0.01081	0.02636	0.04296	0.05019	0.05757	0.08784
8660	0.2392	0.01216	0.1867	0.2334	0.2408	0.2474	0.2695
8680	0.2488	0.01358	0.185	0.2423	0.2521	0.2581	0.2704
8700	0.219	0.01076	0.1832	0.2119	0.2195	0.2263	0.2517
8720	0.05274	0.01047	0.03211	0.04565	0.05065	0.05802	0.1051
8740	0.2442	0.01206	0.19	0.2371	0.2454	0.2524	0.2721
8760	0.08096	0.01049	0.05454	0.07347	0.08065	0.08754	0.1265
8780	0.2458	0.01008	0.2022	0.2396	0.2466	0.2531	0.2694
8800	0.05862	0.00828	0.04016	0.05255	0.0578	0.06395	0.09085
8820	0.1332	0.01234	0.09978	0.1245	0.1324	0.1411	0.1792
8840	0.1277	0.01825	0.05276	0.1158	0.1276	0.1407	0.1943
8860	0.2102	0.0224	0.1188	0.1963	0.2149	0.2267	0.2507
8880	0.04573	0.01071	0.02469	0.03811	0.04405	0.05138	0.09826
8900	0.2046	0.02184	0.1274	0.1909	0.2067	0.2204	0.2526
8920	0.2481	0.006712	0.217	0.2438	0.2483	0.2528	0.2648
8940	0.1185	0.01861	0.06524	0.1054	0.1192	0.1316	0.1688
8960	0.231	0.01898	0.1442	0.221	0.2341	0.2445	0.2647
8980	0.0608	0.01277	0.03214	0.05124	0.0606	0.06954	0.1027
9000	0.09562	0.02014	0.05049	0.08102	0.09395	0.1089	0.1601
9020	0.05998	0.01547	0.02981	0.04946	0.0565	0.0676	0.14
9040	0.2468	0.01047	0.2	0.2421	0.2491	0.2541	0.2658
9060	0.08047	0.008879	0.05538	0.07404	0.08001	0.08635	0.1127
9080	0.1649	0.02192	0.08915	0.1501	0.1653	0.1794	0.2334
9100	0.2038	0.0111	0.1514	0.198	0.206	0.2117	0.2301
9120	0.1829	0.01222	0.1239	0.1754	0.1836	0.1918	0.2158
9140	0.1208	0.02268	0.06978	0.1051	0.1179	0.1349	0.2129
9160	0.1852	0.02851	0.1018	0.1663	0.1858	0.2063	0.2459
9180	0.1478	0.01832	0.1048	0.1354	0.1455	0.1563	0.2343
9200	0.06309	0.01616	0.03582	0.05144	0.05911	0.07121	0.1531
9220	0.0227	0.004838	0.01184	0.0195	0.02192	0.02499	0.05719
9240	0.1721	0.02225	0.09632	0.1579	0.1739	0.1882	0.2242
9260	0.2008	0.01197	0.1421	0.1925	0.2013	0.2089	0.2329
9280	0.07333	0.01497	0.03959	0.06228	0.0717	0.08233	0.1304
9300	0.2181	0.00674	0.1931	0.2139	0.2185	0.2223	0.2506
9320	0.05919	0.01556	0.02428	0.04776	0.05679	0.0685	0.1313
9340	0.02106	0.005798	0.01159	0.01688	0.01959	0.02395	0.05167
9360	0.1604	0.02743	0.08016	0.1414	0.1609	0.1804	0.2267
9380	0.1977	0.0175	0.1312	0.1861	0.1985	0.2101	0.245
9400	0.1402	0.01474	0.09528	0.1298	0.1394	0.1502	0.1925
9420	0.1776	0.02179	0.09651	0.1644	0.1792	0.1932	0.2297
9440	0.05008	0.00835	0.02786	0.04404	0.04936	0.05493	0.08162
9460	0.254	0.01076	0.2145	0.2477	0.2554	0.2622	0.2746
9480	0.2227	0.0126	0.1792	0.2145	0.2238	0.2318	0.2584
9500	0.1815	0.02421	0.09301	0.1654	0.1797	0.196	0.2579
9520	0.05515	0.008812	0.03472	0.04876	0.05478	0.06069	0.08514
9540	0.1682	0.01421	0.1223	0.1589	0.1692	0.1775	0.2094
9560	0.08777	0.01785	0.04216	0.07436	0.08658	0.0988	0.1505
9580	0.06761	0.01512	0.04251	0.05693	0.06392	0.07445	0.1636
9600	0.08613	0.01049	0.05972	0.07891	0.08494	0.09222	0.12
9620	0.1841	0.01976	0.1212	0.171	0.1854	0.1983	0.2369
9640	0.1345	0.0194	0.08142	0.1211	0.1327	0.1469	0.2049
9660	0.14	0.02485	0.05484	0.1237	0.142	0.1568	0.1974
9680	0.05054	0.007285	0.03177	0.04531	0.04943	0.05496	0.08716
9700	0.1317	0.02128	0.07464	0.1165	0.1311	0.147	0.1941
9720	0.2132	0.02358	0.08958	0.2001	0.2157	0.2303	0.2626
9740	0.2508	0.01148	0.1874	0.244	0.2531	0.2592	0.2733
9760	0.1592	0.02991	0.06752	0.1373	0.1583	0.1796	0.2658
9780	0.2505	0.0101	0.2044	0.2439	0.2512	0.2576	0.2736
9800	0.01342	0.00182	0.009206	0.01212	0.0133	0.01449	0.02016
9820	0.1277	0.02524	0.05855	0.1097	0.1277	0.1449	0.2133
9840	0.135	0.01374	0.1033	0.1254	0.1341	0.143	0.1882
9860	0.2591	0.007766	0.2162	0.255	0.261	0.2649	0.2709
9880	0.1533	0.01963	0.08516	0.1416	0.1544	0.1661	0.2158
9900	0.1127	0.03131	0.03502	0.08984	0.113	0.1356	0.2112
9920	0.1586	0.02066	0.09178	0.1451	0.1607	0.1737	0.2119
9940	0.1419	0.01625	0.07553	0.1315	0.143	0.1527	0.1891
9960	0.06912	0.01211	0.03112	0.06063	0.06813	0.07699	0.1162
9980	0.06099	0.00571	0.04393	0.05703	0.06027	0.06429	0.08534
