idx	mean	std	min	25 percentile	50 percentile	75 percentile	max
0	0.9548	0.01226	0.9039	0.9474	0.9569	0.9638	0.9807
20	0.8518	0.03375	0.7325	0.8301	0.8538	0.8762	0.9434
40	0.8448	0.04423	0.6555	0.8169	0.8501	0.8772	0.9401
60	0.6706	0.07427	0.4011	0.6226	0.6813	0.7267	0.8201
80	0.7026	0.051	0.5289	0.67	0.7079	0.7383	0.8228
100	0.8909	0.01933	0.8313	0.8777	0.8908	0.9039	0.9494
120	0.7287	0.03729	0.6111	0.7044	0.729	0.7542	0.838
140	0.9185	0.02062	0.8391	0.904	0.9186	0.934	0.9701
160	0.7132	0.02722	0.5988	0.6969	0.7163	0.7318	0.7958
180	0.3823	0.05467	0.2073	0.346	0.3845	0.4191	0.5569
200	0.7886	0.02543	0.704	0.7714	0.7888	0.8054	0.8807
220	0.4178	0.08466	0.2077	0.3577	0.4111	0.471	0.7378
240	0.3575	0.1023	0.1153	0.279	0.3496	0.4261	0.7119
260	0.7345	0.0518	0.3725	0.7009	0.7384	0.7712	0.8537
280	0.4675	0.06301	0.2657	0.4284	0.4668	0.5096	0.6693
300	0.8737	0.01387	0.8231	0.8645	0.8744	0.8831	0.9105
320	0.8316	0.0249	0.7292	0.815	0.8319	0.8491	0.9153
340	0.8492	0.01578	0.8024	0.8386	0.848	0.8591	0.9133
360	0.9247	0.01897	0.7803	0.9177	0.9279	0.9353	0.9679
380	0.9372	0.01483	0.8808	0.9278	0.9385	0.9483	0.971
400	0.3212	0.05483	0.1248	0.284	0.3219	0.3557	0.4917
420	0.8887	0.0169	0.7978	0.8779	0.8891	0.8999	0.946
440	0.4258	0.09003	0.2723	0.3563	0.4063	0.4782	0.855
460	0.5895	0.04626	0.4448	0.5566	0.5854	0.6184	0.7741
480	0.6655	0.06963	0.4296	0.6191	0.6643	0.7122	0.8926
500	0.8851	0.02436	0.7975	0.8682	0.8852	0.9028	0.9581
520	0.563	0.05868	0.4092	0.5216	0.5565	0.5961	0.8221
540	0.5306	0.05896	0.357	0.4897	0.536	0.5707	0.7375
560	0.5424	0.05776	0.3332	0.5022	0.5416	0.5775	0.7574
580	0.8556	0.02175	0.79	0.8403	0.8543	0.8695	0.924
600	0.7419	0.0862	0.3787	0.6916	0.7462	0.8037	0.9288
620	0.8664	0.02254	0.7326	0.8524	0.8666	0.8811	0.9419
640	0.8105	0.01527	0.7699	0.8003	0.81	0.821	0.8594
660	0.6789	0.06179	0.469	0.6368	0.6811	0.7205	0.8529
680	0.657	0.05989	0.4461	0.6173	0.6594	0.6953	0.8221
700	0.4647	0.1216	0.1705	0.3719	0.4607	0.5515	0.8254
720	0.9009	0.02618	0.7853	0.8854	0.9029	0.9192	0.9661
740	0.7357	0.03238	0.6174	0.7159	0.7401	0.7591	0.8197
760	0.8353	0.04144	0.6701	0.8116	0.8377	0.8645	0.933
780	0.6998	0.08332	0.443	0.6376	0.6956	0.7609	0.9214
800	0.2625	0.08387	0.07321	0.2008	0.2565	0.315	0.703
820	0.8968	0.02257	0.7906	0.8828	0.8995	0.9119	0.955
840	0.06897	0.02905	0.01789	0.04797	0.06356	0.08487	0.204
860	0.8563	0.0136	0.8156	0.8473	0.8564	0.8648	0.9061
880	0.43	0.03666	0.3366	0.4045	0.4298	0.4523	0.5564
900	0.8392	0.02025	0.7848	0.8247	0.8382	0.853	0.912
920	0.9004	0.01949	0.8421	0.8869	0.899	0.9133	0.9722
940	0.2332	0.08797	0.05388	0.1721	0.2253	0.2844	0.6593
960	0.7682	0.07	0.5005	0.7233	0.7715	0.8214	0.9531
980	0.8257	0.0124	0.7943	0.8173	0.8247	0.8332	0.8733
1000	0.4596	0.07517	0.2712	0.4061	0.4572	0.51	0.742
1020	0.5125	0.104	0.2209	0.4406	0.5138	0.5808	0.8011
1040	0.5724	0.02751	0.4892	0.5533	0.5726	0.59	0.6601
1060	0.4258	0.1188	0.09441	0.3424	0.4238	0.5109	0.7982
1080	0.8022	0.0333	0.5639	0.7843	0.8067	0.8238	0.8874
1100	0.6379	0.04488	0.4021	0.6118	0.6405	0.6686	0.7714
1120	0.9207	0.02066	0.8291	0.9077	0.9213	0.936	0.9714
1140	0.8619	0.01362	0.8206	0.8528	0.8613	0.8703	0.9112
1160	0.6204	0.07611	0.3875	0.5681	0.6255	0.6738	0.8565
1180	0.9109	0.01988	0.8491	0.8986	0.9115	0.9248	0.9656
1200	0.5019	0.09936	0.2026	0.4263	0.5028	0.5778	0.7154
1220	0.9515	0.02243	0.8656	0.9375	0.9536	0.9683	0.9928
1240	0.8174	0.01791	0.755	0.8061	0.817	0.8294	0.8776
1260	0.3278	0.01625	0.2929	0.317	0.3249	0.3341	0.4142
1280	0.4394	0.09713	0.1358	0.3729	0.4327	0.5026	0.7747
1300	0.8914	0.008257	0.8681	0.8859	0.891	0.8969	0.9202
1320	0.7323	0.04772	0.5399	0.7026	0.7326	0.7639	0.8872
1340	0.02536	0.01297	0.006011	0.0163	0.02254	0.03087	0.1378
1360	0.8619	0.01934	0.7881	0.85	0.8627	0.8747	0.9356
1380	0.8951	0.03276	0.6976	0.8756	0.8994	0.9181	0.9628
1400	0.8335	0.01775	0.7708	0.8213	0.8337	0.846	0.896
1420	0.8092	0.02707	0.6709	0.7925	0.8113	0.8278	0.8703
1440	0.763	0.05357	0.557	0.7278	0.7653	0.802	0.8952
1460	0.93	0.01548	0.863	0.9206	0.9311	0.9407	0.9704
1480	0.794	0.06304	0.5528	0.7583	0.805	0.8392	0.9214
1500	0.472	0.05474	0.3292	0.4325	0.4682	0.5086	0.6799
1520	0.8697	0.02341	0.7639	0.8558	0.8705	0.8857	0.9352
1540	0.5222	0.1009	0.1764	0.4517	0.5234	0.5957	0.7961
1560	0.03159	0.01065	0.009461	0.02402	0.02975	0.0374	0.07704
1580	0.8545	0.05222	0.6191	0.8249	0.8623	0.8934	0.9603
1600	0.9113	0.03917	0.7163	0.8878	0.9188	0.9399	0.9852
1620	0.9331	0.01785	0.8491	0.9228	0.9352	0.9454	0.9743
1640	0.7551	0.03642	0.584	0.7345	0.7583	0.7813	0.8453
1660	0.8345	0.02913	0.7353	0.8149	0.8335	0.8538	0.9257
1680	0.7851	0.01243	0.7415	0.7759	0.7845	0.7933	0.8244
1700	0.8669	0.02058	0.7876	0.8524	0.8665	0.8807	0.9281
1720	0.8149	0.01897	0.7398	0.8044	0.8178	0.8274	0.8617
1740	0.4525	0.05583	0.3001	0.4138	0.4475	0.4863	0.6526
1760	0.8071	0.0497	0.5987	0.7753	0.8119	0.842	0.9372
1780	0.7585	0.04604	0.5523	0.7282	0.761	0.7908	0.882
1800	0.8701	0.04277	0.6855	0.8442	0.8732	0.9003	0.9682
1820	0.625	0.06633	0.3386	0.5854	0.6255	0.6701	0.8191
1840	0.9488	0.02398	0.7358	0.9404	0.9543	0.9639	0.9839
1860	0.3651	0.08636	0.1382	0.305	0.3633	0.4245	0.6205
1880	0.4361	0.1399	0.08765	0.3394	0.4372	0.5391	0.8346
1900	0.3391	0.04181	0.2241	0.3078	0.3355	0.3662	0.4707
1920	0.7555	0.05322	0.5663	0.7237	0.761	0.7911	0.878
1940	0.5612	0.03215	0.4595	0.5384	0.5607	0.5803	0.6731
1960	0.7478	0.04879	0.577	0.7165	0.7505	0.7828	0.8724
1980	0.3739	0.1153	0.1305	0.2922	0.3526	0.4291	0.8626
2000	0.8639	0.03576	0.5966	0.8483	0.8713	0.8893	0.9283
2020	0.4448	0.04539	0.3378	0.4107	0.4409	0.4755	0.5968
2040	0.4478	0.03848	0.3406	0.4222	0.4459	0.4716	0.6654
2060	0.7022	0.03114	0.5988	0.6813	0.7026	0.7219	0.8038
2080	0.6611	0.1277	0.3341	0.5659	0.6567	0.7564	0.9597
2100	0.8587	0.019	0.7845	0.8453	0.8579	0.8717	0.9295
2120	0.797	0.0435	0.6079	0.769	0.7997	0.8277	0.9023
2140	0.2029	0.06446	0.03755	0.1543	0.2079	0.2482	0.3898
2160	0.5644	0.04887	0.4002	0.5299	0.5641	0.5961	0.7222
2180	0.8567	0.01128	0.825	0.849	0.8567	0.8646	0.8926
2200	0.4713	0.03051	0.3615	0.4496	0.4717	0.4918	0.6035
2220	0.2992	0.0629	0.12	0.2569	0.2901	0.3275	0.6668
2240	0.6786	0.05534	0.5237	0.64	0.6775	0.7152	0.8596
2260	0.9011	0.02187	0.8083	0.8869	0.9026	0.9172	0.9609
2280	0.9073	0.02148	0.8159	0.8932	0.9083	0.9229	0.9593
2300	0.9035	0.01685	0.8502	0.8916	0.9034	0.9147	0.9543
2320	0.8763	0.02082	0.7919	0.8621	0.8776	0.891	0.9264
2340	0.4765	0.0918	0.1742	0.4145	0.4753	0.5419	0.7539
2360	0.6978	0.06108	0.5057	0.6589	0.7006	0.7413	0.8769
2380	0.6697	0.02725	0.5521	0.652	0.6708	0.6887	0.7409
2400	0.4231	0.07661	0.214	0.3663	0.4167	0.4725	0.6745
2420	0.8576	0.0499	0.6023	0.8326	0.8661	0.8924	0.9437
2440	0.6938	0.1094	0.2553	0.6257	0.7137	0.7759	0.8846
2460	0.9503	0.01642	0.8958	0.941	0.9515	0.962	0.9902
2480	0.7686	0.07364	0.4934	0.7212	0.7724	0.8248	0.9461
2500	0.843	0.02121	0.7866	0.8284	0.8412	0.8551	0.9274
2520	0.7903	0.04334	0.6567	0.7633	0.7931	0.8199	0.8937
2540	0.8523	0.02181	0.7763	0.8375	0.854	0.869	0.9004
2560	0.9052	0.03395	0.7455	0.8861	0.9089	0.929	0.9749
2580	0.825	0.01798	0.7642	0.8132	0.8246	0.8361	0.8866
2600	0.658	0.03641	0.5483	0.6338	0.6579	0.6825	0.7847
2620	0.9081	0.05156	0.5322	0.8954	0.9262	0.9406	0.9653
2640	0.5017	0.1057	0.1941	0.4288	0.4998	0.5729	0.809
2660	0.8152	0.01781	0.7391	0.8034	0.8161	0.8273	0.8607
2680	0.3187	0.07566	0.1035	0.2651	0.3151	0.3663	0.6377
2700	0.8245	0.06856	0.5582	0.7835	0.835	0.8762	0.9486
2720	0.9674	0.0108	0.9074	0.9617	0.9695	0.9751	0.988
2740	0.8455	0.04431	0.6558	0.8184	0.8495	0.8763	0.9439
2760	0.8397	0.01345	0.8019	0.8298	0.8399	0.8489	0.8876
2780	0.2163	0.07024	0.06693	0.1661	0.2051	0.2527	0.5483
2800	0.873	0.01686	0.8113	0.862	0.8733	0.885	0.9237
2820	0.8196	0.01608	0.7651	0.8086	0.8192	0.8303	0.8947
2840	0.489	0.02877	0.3929	0.4707	0.4883	0.5086	0.5876
2860	0.8822	0.02563	0.801	0.8651	0.8824	0.8994	0.9633
2880	0.8101	0.0129	0.765	0.8011	0.8099	0.8183	0.8556
2900	0.7541	0.0271	0.6679	0.7374	0.7556	0.7723	0.831
2920	0.855	0.02007	0.7489	0.8454	0.8591	0.8695	0.889
2940	0.4306	0.08482	0.1829	0.3726	0.4225	0.4799	0.7746
2960	0.7753	0.03619	0.6244	0.7539	0.7808	0.8005	0.8613
2980	0.7133	0.08095	0.4338	0.6572	0.7113	0.7722	0.9471
3000	0.549	0.04391	0.4152	0.5186	0.5483	0.5805	0.7439
3020	0.7108	0.08325	0.3363	0.6561	0.7192	0.7703	0.9066
3040	0.08437	0.03122	0.02291	0.0622	0.07988	0.1024	0.2231
3060	0.5108	0.09495	0.2583	0.4402	0.5082	0.5785	0.786
3080	0.9426	0.03386	0.7001	0.9331	0.9524	0.9629	0.9869
3100	0.6478	0.04697	0.5205	0.6143	0.6448	0.6781	0.8399
3120	0.8554	0.01518	0.8162	0.8454	0.8545	0.8646	0.9224
3140	0.5203	0.05762	0.3358	0.4824	0.5163	0.5569	0.7814
3160	0.8602	0.0144	0.8001	0.8514	0.8615	0.8708	0.8947
3180	0.9492	0.01438	0.8965	0.941	0.9504	0.9589	0.9856
3200	0.7148	0.08103	0.4344	0.6627	0.7156	0.7729	0.9338
3220	0.794	0.03194	0.6978	0.7726	0.7949	0.8148	0.8907
3240	0.9723	0.009219	0.9019	0.9669	0.9735	0.9791	0.9922
3260	0.1373	0.06253	0.0296	0.09421	0.125	0.1697	0.5146
3280	0.7971	0.03229	0.6813	0.7768	0.8002	0.8205	0.8842
3300	0.9112	0.02104	0.8446	0.898	0.9117	0.9256	0.9725
3320	0.7198	0.0551	0.4175	0.6879	0.7248	0.7576	0.8578
3340	0.8351	0.01006	0.8061	0.8283	0.8344	0.8412	0.8811
3360	0.8764	0.01698	0.814	0.8653	0.8769	0.8872	0.936
3380	0.729	0.05961	0.5489	0.6891	0.7289	0.7682	0.8999
3400	0.8436	0.03456	0.6174	0.8302	0.8498	0.8661	0.907
3420	0.8858	0.01377	0.8448	0.8759	0.8855	0.8953	0.9257
3440	0.9247	0.01516	0.8466	0.9157	0.9263	0.9351	0.96
3460	0.4466	0.1211	0.18	0.353	0.4359	0.5319	0.8438
3480	0.7354	0.01625	0.6666	0.7257	0.7371	0.7467	0.7738
3500	0.8209	0.06416	0.5513	0.783	0.8264	0.8678	0.9602
3520	0.03638	0.01982	0.006073	0.02228	0.03149	0.04505	0.1347
3540	0.9054	0.01904	0.8478	0.8928	0.9049	0.9178	0.9654
3560	0.7373	0.0421	0.6026	0.709	0.7385	0.7673	0.8631
3580	0.9524	0.01239	0.8481	0.9474	0.955	0.9608	0.9751
3600	0.8606	0.01667	0.8157	0.8494	0.8595	0.8695	0.9362
3620	0.8635	0.04032	0.6809	0.8405	0.8682	0.891	0.9516
3640	0.8659	0.0132	0.8192	0.8568	0.8649	0.8741	0.9155
3660	0.6206	0.04738	0.4633	0.5899	0.6219	0.6522	0.7613
3680	0.8782	0.01602	0.8038	0.8689	0.8778	0.8882	0.9495
3700	0.7268	0.02054	0.6538	0.7125	0.7276	0.7411	0.7845
3720	0.7976	0.01804	0.7258	0.7867	0.7985	0.8103	0.8503
3740	0.4453	0.05311	0.2997	0.408	0.4442	0.4798	0.6716
3760	0.1343	0.04259	0.03073	0.1039	0.1264	0.1586	0.3463
3780	0.8274	0.01045	0.8026	0.82	0.8267	0.8341	0.8742
3800	0.927	0.02942	0.7801	0.9123	0.9322	0.9482	0.978
3820	0.7766	0.04475	0.6197	0.7487	0.7798	0.8083	0.9075
3840	0.7653	0.03827	0.5078	0.7437	0.7708	0.7918	0.8453
3860	0.2101	0.08967	0.03846	0.1429	0.1976	0.2604	0.5305
3880	0.8649	0.01625	0.7842	0.8539	0.8649	0.8752	0.9245
3900	0.5944	0.08005	0.3894	0.5359	0.5919	0.652	0.8175
3920	0.8328	0.0375	0.7167	0.8106	0.8371	0.8597	0.9109
3940	0.9031	0.01804	0.8426	0.8901	0.9034	0.9168	0.9588
3960	0.7643	0.03484	0.6423	0.7403	0.7645	0.7883	0.8699
3980	0.821	0.03044	0.6887	0.8014	0.8209	0.8408	0.8954
4000	0.9354	0.03012	0.7858	0.9208	0.9421	0.9567	0.9865
4020	0.6598	0.0328	0.5576	0.6383	0.6594	0.6831	0.7597
4040	0.2223	0.03588	0.111	0.1959	0.2239	0.249	0.3109
4060	0.8184	0.02622	0.6918	0.8018	0.8201	0.8376	0.89
4080	0.6286	0.07607	0.4235	0.573	0.6267	0.6807	0.8676
4100	0.1232	0.05084	0.03544	0.08816	0.1127	0.1498	0.4547
4120	0.6747	0.0516	0.4578	0.6422	0.677	0.7122	0.7862
4140	0.5284	0.0342	0.3883	0.5074	0.5308	0.5518	0.6172
4160	0.75	0.01749	0.6818	0.7395	0.7498	0.7616	0.8412
4180	0.7159	0.07031	0.4387	0.6717	0.7226	0.7662	0.8898
4200	0.8116	0.01116	0.7735	0.8038	0.8112	0.8183	0.8527
4220	0.5436	0.05047	0.4187	0.5075	0.5418	0.5771	0.71
4240	0.7643	0.04844	0.5572	0.7375	0.7731	0.7994	0.8751
4260	0.5085	0.02892	0.3882	0.4907	0.5095	0.5278	0.5979
4280	0.6301	0.04159	0.4853	0.6048	0.6321	0.6565	0.7599
4300	0.7348	0.03838	0.6172	0.7104	0.7354	0.761	0.8684
4320	0.6419	0.03378	0.5512	0.6176	0.64	0.6647	0.7537
4340	0.4782	0.06316	0.3472	0.433	0.4734	0.5176	0.7306
4360	0.5252	0.07839	0.269	0.4725	0.5334	0.5863	0.6831
4380	0.6745	0.03596	0.5151	0.6517	0.6752	0.6976	0.7841
4400	0.9451	0.01609	0.8673	0.9354	0.9452	0.9564	0.9913
4420	0.9486	0.02318	0.8214	0.9361	0.9524	0.9641	0.9919
4440	0.8918	0.01487	0.8446	0.8823	0.8923	0.9017	0.9346
4460	0.5384	0.1262	0.2533	0.4332	0.5272	0.635	0.8539
4480	0.6314	0.1272	0.1996	0.5413	0.6441	0.7295	0.8904
4500	0.8162	0.03197	0.6997	0.7954	0.818	0.8376	0.9106
4520	0.8727	0.01528	0.8276	0.862	0.8733	0.8834	0.9197
4540	0.5684	0.04146	0.4367	0.5388	0.568	0.5964	0.6929
4560	0.6117	0.1336	0.2467	0.5138	0.6215	0.7105	0.9414
4580	0.8371	0.02768	0.763	0.816	0.8368	0.8557	0.9204
4600	0.6926	0.06798	0.4063	0.6443	0.6952	0.7434	0.8823
4620	0.8095	0.03798	0.6719	0.7831	0.8082	0.8353	0.9248
4640	0.8667	0.02275	0.7906	0.8511	0.8666	0.8824	0.9333
4660	0.9254	0.02441	0.8508	0.9074	0.9261	0.9434	0.9867
4680	0.3175	0.04368	0.1113	0.3001	0.3184	0.3407	0.5041
4700	0.9235	0.01744	0.843	0.9136	0.9244	0.9347	0.9735
4720	0.2975	0.0386	0.1688	0.2734	0.296	0.3193	0.5105
4740	0.8253	0.01519	0.7765	0.815	0.8238	0.8346	0.874
4760	0.9266	0.02162	0.8579	0.9126	0.9276	0.9428	0.9759
4780	0.8354	0.05542	0.6371	0.7985	0.8402	0.8765	0.9674
4800	0.1302	0.05155	0.02028	0.09096	0.1234	0.1633	0.3538
4820	0.8255	0.03308	0.7264	0.8034	0.8258	0.848	0.9094
4840	0.1879	0.06164	0.0663	0.143	0.1816	0.2241	0.4243
4860	0.7669	0.03388	0.6301	0.747	0.77	0.7915	0.8463
4880	0.7787	0.04588	0.5984	0.7528	0.7827	0.8104	0.8874
4900	0.8219	0.08835	0.3724	0.792	0.8456	0.8804	0.9508
4920	0.5936	0.0849	0.3193	0.5392	0.6021	0.6523	0.8217
4940	0.8098	0.01003	0.7854	0.8026	0.8093	0.8157	0.8484
4960	0.8363	0.01335	0.7996	0.8275	0.8357	0.8448	0.8864
4980	0.6804	0.04612	0.5576	0.6473	0.6812	0.7128	0.8103
5000	0.2562	0.06239	0.08757	0.2111	0.2527	0.2924	0.5536
5020	0.5003	0.05061	0.3494	0.4664	0.4975	0.5306	0.6958
5040	0.7558	0.02826	0.6469	0.7386	0.7568	0.774	0.8431
5060	0.8974	0.01401	0.8371	0.8881	0.8968	0.9066	0.9398
5080	0.4306	0.08577	0.1948	0.3666	0.4284	0.4916	0.6928
5100	0.8666	0.01607	0.8097	0.8564	0.8679	0.8779	0.9073
5120	0.6363	0.05595	0.4733	0.5975	0.6357	0.6739	0.8136
5140	0.5588	0.05794	0.3996	0.5177	0.5549	0.5972	0.7416
5160	0.6721	0.02122	0.6086	0.6576	0.6728	0.6874	0.7367
5180	0.943	0.03185	0.7886	0.9282	0.9504	0.9651	0.9904
5200	0.6076	0.04669	0.4632	0.5777	0.6092	0.6375	0.7752
5220	0.7177	0.0394	0.5769	0.6902	0.7198	0.7463	0.8177
5240	0.8454	0.06383	0.5329	0.8065	0.8548	0.894	0.9689
5260	0.4597	0.05038	0.2776	0.424	0.4609	0.4926	0.6309
5280	0.4945	0.05984	0.2646	0.4558	0.4916	0.5352	0.7141
5300	0.3778	0.1186	0.09316	0.2939	0.3631	0.454	0.7958
5320	0.0137	0.008003	0.001985	0.008407	0.01178	0.01724	0.0723
5340	0.8522	0.02206	0.7604	0.8381	0.8526	0.8658	0.9327
5360	0.2304	0.06477	0.06768	0.1828	0.2262	0.2714	0.4394
5380	0.4568	0.0492	0.3431	0.4193	0.4543	0.4891	0.6255
5400	0.6887	0.07117	0.4926	0.6375	0.6879	0.7343	0.8936
5420	0.7173	0.05047	0.4723	0.6883	0.7266	0.753	0.8179
5440	0.007957	0.006968	0.0005212	0.003508	0.005898	0.009868	0.05505
5460	0.5932	0.1044	0.191	0.5242	0.6047	0.678	0.789
5480	0.8813	0.06903	0.4784	0.8483	0.897	0.9301	0.986
5500	0.8036	0.04391	0.613	0.7756	0.8052	0.8339	0.9129
5520	0.7599	0.01558	0.7064	0.7505	0.7605	0.7694	0.826
5540	0.8702	0.01882	0.8128	0.857	0.8683	0.8814	0.9302
5560	0.7544	0.01768	0.6904	0.7424	0.753	0.7664	0.8196
5580	0.7707	0.01535	0.7238	0.7602	0.77	0.7807	0.821
5600	0.9377	0.02183	0.8572	0.9242	0.9397	0.9536	0.986
5620	0.7527	0.007068	0.7255	0.7477	0.7524	0.7573	0.7788
5640	0.7306	0.02704	0.4834	0.7159	0.732	0.7477	0.8199
5660	0.7405	0.07023	0.5266	0.6911	0.744	0.7908	0.9312
5680	0.9237	0.01776	0.8525	0.9133	0.9243	0.936	0.9736
5700	0.9094	0.0229	0.8417	0.8935	0.9091	0.9255	0.9715
5720	0.4843	0.06209	0.2789	0.4429	0.4881	0.5272	0.6559
5740	0.7625	0.009644	0.7406	0.7555	0.7617	0.7684	0.8058
5760	0.8981	0.01068	0.8581	0.8917	0.8981	0.905	0.9369
5780	0.3596	0.1146	0.1127	0.2718	0.3471	0.4307	0.7266
5800	0.856	0.02082	0.8076	0.8409	0.8547	0.8694	0.9312
5820	0.8785	0.01899	0.8147	0.8655	0.8811	0.8924	0.9208
5840	0.9081	0.0145	0.8497	0.8992	0.9083	0.9182	0.9526
5860	0.781	0.06553	0.6159	0.7336	0.7773	0.8267	0.9614
5880	0.4684	0.08969	0.3067	0.403	0.4533	0.5192	0.7917
5900	0.9026	0.01541	0.8445	0.8931	0.903	0.9122	0.9553
5920	0.006463	0.007357	0.0003213	0.002257	0.004174	0.007896	0.09923
5940	0.8536	0.02163	0.7902	0.8388	0.8529	0.867	0.9306
5960	0.9335	0.02381	0.8281	0.918	0.9352	0.9507	0.9876
5980	0.2373	0.0976	0.02183	0.1657	0.2247	0.2929	0.5681
6000	0.8283	0.03766	0.704	0.8025	0.8296	0.8543	0.9319
6020	0.9112	0.01988	0.8222	0.8986	0.9125	0.9258	0.9583
6040	0.8651	0.04195	0.6424	0.8431	0.8694	0.8955	0.9573
6060	0.9062	0.01179	0.865	0.8985	0.9062	0.9135	0.9494
6080	0.5547	0.1125	0.3107	0.4752	0.5443	0.6334	0.9384
6100	0.7243	0.1013	0.4057	0.6555	0.7325	0.8021	0.9495
6120	0.5112	0.04767	0.3724	0.4768	0.5115	0.5436	0.6534
6140	0.5439	0.08585	0.3345	0.4801	0.5399	0.6069	0.7736
6160	0.8632	0.04973	0.619	0.8305	0.8703	0.8999	0.9651
6180	0.7677	0.0315	0.6333	0.7467	0.7692	0.7897	0.8546
6200	0.8232	0.04258	0.6678	0.7962	0.8266	0.852	0.9269
6220	0.8247	0.017	0.7813	0.8124	0.8234	0.836	0.8832
6240	0.9254	0.01603	0.7904	0.9154	0.927	0.9365	0.9673
6260	0.9569	0.02496	0.7846	0.9472	0.9629	0.9736	0.9912
6280	0.8577	0.03665	0.7261	0.8321	0.858	0.882	0.9538
6300	0.9266	0.02886	0.7903	0.9118	0.9313	0.9458	0.9871
6320	0.4912	0.06843	0.3136	0.4469	0.4913	0.5359	0.7777
6340	0.8098	0.04634	0.628	0.7808	0.8085	0.8429	0.9194
6360	0.8329	0.0122	0.7993	0.8246	0.832	0.8402	0.8899
6380	0.9544	0.01614	0.9012	0.9437	0.9558	0.9661	0.9907
6400	0.6573	0.07776	0.3433	0.6089	0.6652	0.7117	0.8375
6420	0.6652	0.08435	0.4032	0.6083	0.6719	0.7278	0.8917
6440	0.9176	0.02803	0.8159	0.9	0.9207	0.9383	0.9791
6460	0.9435	0.01867	0.8698	0.9332	0.9461	0.9572	0.9862
6480	0.6507	0.08221	0.3776	0.5981	0.6643	0.7134	0.8162
6500	0.9229	0.02183	0.8431	0.908	0.9242	0.9384	0.9768
6520	0.7798	0.01156	0.7469	0.7723	0.7789	0.787	0.8283
6540	0.7408	0.03995	0.6187	0.7129	0.7403	0.7702	0.8651
6560	0.8227	0.0174	0.7741	0.811	0.8214	0.8326	0.8973
6580	0.895	0.03122	0.72	0.8795	0.9005	0.9171	0.9517
6600	0.04972	0.01942	0.011	0.03583	0.04656	0.06042	0.1392
6620	0.611	0.08497	0.2593	0.5612	0.6226	0.6701	0.7811
6640	0.2816	0.07597	0.07423	0.2276	0.2791	0.3298	0.5628
6660	0.599	0.03674	0.4902	0.5739	0.5988	0.6239	0.7153
6680	0.7434	0.02957	0.6603	0.7236	0.7449	0.7621	0.8602
6700	0.9163	0.01853	0.8524	0.9039	0.9175	0.9286	0.964
6720	0.7814	0.01009	0.7511	0.7746	0.7808	0.7877	0.8186
6740	0.8172	0.01722	0.7733	0.8055	0.8162	0.8277	0.8936
6760	0.6496	0.0523	0.4861	0.6147	0.6481	0.6845	0.806
6780	0.3173	0.06843	0.1411	0.2673	0.3121	0.3626	0.6036
6800	0.8587	0.01781	0.804	0.8469	0.8595	0.8706	0.9019
6820	0.05807	0.03453	0.009446	0.03444	0.05019	0.07371	0.3024
6840	0.3441	0.04559	0.238	0.3155	0.3321	0.3591	0.6825
6860	0.5347	0.04289	0.4142	0.5062	0.533	0.5625	0.683
6880	0.8017	0.05825	0.5644	0.7662	0.8046	0.8422	0.9581
6900	0.8604	0.04847	0.6439	0.8357	0.8693	0.8955	0.9476
6920	0.7682	0.01052	0.7361	0.7614	0.7676	0.7749	0.8059
6940	0.04291	0.0308	0.004329	0.02243	0.03467	0.05296	0.2606
6960	0.4431	0.1009	0.1601	0.3735	0.4395	0.5133	0.7173
6980	0.7476	0.03588	0.6245	0.7243	0.7481	0.7716	0.8675
7000	0.9206	0.02293	0.799	0.9068	0.9201	0.9354	0.9828
7020	0.2185	0.1127	0.04127	0.1353	0.1976	0.2714	0.6845
7040	0.8731	0.03545	0.73	0.8518	0.8756	0.8983	0.9531
7060	0.2103	0.07386	0.0613	0.1577	0.1989	0.2528	0.4954
7080	0.921	0.009839	0.8941	0.9144	0.9204	0.9274	0.9604
7100	0.7779	0.03506	0.6397	0.7542	0.7777	0.8028	0.8807
7120	0.2519	0.05995	0.1229	0.2064	0.2467	0.2886	0.4662
7140	0.9185	0.01091	0.8777	0.9121	0.9196	0.926	0.9505
7160	0.7647	0.03054	0.6337	0.7479	0.7697	0.7869	0.8265
7180	0.8129	0.01569	0.7672	0.8013	0.8127	0.8232	0.8682
7200	0.8482	0.01878	0.8093	0.8345	0.8453	0.8608	0.9172
7220	0.7408	0.05079	0.5282	0.7117	0.7436	0.7754	0.8686
7240	0.8512	0.04843	0.689	0.8188	0.8556	0.8869	0.9553
7260	0.6628	0.03302	0.5452	0.6407	0.6601	0.6837	0.7805
7280	0.8882	0.0556	0.6782	0.8553	0.9003	0.931	0.984
7300	0.85	0.04943	0.6483	0.8199	0.8561	0.8861	0.9632
7320	0.4129	0.03905	0.2972	0.3869	0.4093	0.4358	0.5636
7340	0.9144	0.01236	0.8695	0.9066	0.9141	0.9223	0.9542
7360	0.8588	0.02579	0.7515	0.8414	0.8583	0.8764	0.9302
7380	0.7747	0.06221	0.5407	0.7363	0.7803	0.8193	0.9244
7400	0.7754	0.02927	0.6542	0.7588	0.7803	0.7974	0.8326
7420	0.6948	0.04541	0.5492	0.6669	0.6964	0.7269	0.8258
7440	0.8727	0.01982	0.8137	0.8586	0.8722	0.8859	0.9443
7460	0.3588	0.04893	0.2167	0.3251	0.3571	0.3922	0.5224
7480	0.8149	0.083	0.3708	0.7852	0.837	0.8693	0.94
7500	0.09235	0.02773	0.02576	0.07201	0.08858	0.1083	0.2181
7520	0.8901	0.01957	0.8304	0.8766	0.8904	0.9047	0.9492
7540	0.3958	0.04186	0.239	0.3694	0.3972	0.423	0.5335
7560	0.9566	0.01653	0.8872	0.9469	0.9591	0.9682	0.9898
7580	0.5367	0.06605	0.2937	0.4937	0.5397	0.5814	0.7222
7600	0.9207	0.03873	0.7595	0.8976	0.9262	0.9501	0.9907
7620	0.8425	0.0243	0.7327	0.829	0.8463	0.8594	0.8988
7640	0.8198	0.07212	0.4946	0.7816	0.8297	0.8722	0.9562
7660	0.9064	0.01967	0.8221	0.8944	0.9079	0.9193	0.9532
7680	0.8191	0.04551	0.6305	0.7935	0.8256	0.8517	0.9217
7700	0.8364	0.01266	0.7936	0.8284	0.8361	0.8455	0.8744
7720	0.8717	0.02149	0.7858	0.858	0.8731	0.8864	0.9326
7740	0.8329	0.01376	0.7968	0.823	0.8319	0.8413	0.8859
7760	0.8512	0.05758	0.607	0.8254	0.8622	0.8936	0.9502
7780	0.7038	0.07826	0.4302	0.6497	0.7065	0.76	0.9118
7800	0.6023	0.03683	0.4863	0.5778	0.5994	0.6285	0.7112
7820	0.7531	0.03803	0.5935	0.7318	0.7561	0.7778	0.855
7840	0.1302	0.06517	0.02191	0.08235	0.1155	0.1666	0.4883
7860	0.9002	0.04261	0.6069	0.8774	0.9091	0.9326	0.9705
7880	0.6172	0.0478	0.4811	0.5843	0.6192	0.6509	0.75
7900	0.9254	0.0211	0.8102	0.913	0.9272	0.9402	0.9771
7920	0.9165	0.03808	0.742	0.8975	0.9221	0.9432	0.9904
7940	0.857	0.0152	0.8003	0.847	0.8575	0.8677	0.9003
7960	0.6941	0.06603	0.4674	0.6492	0.6985	0.7415	0.8551
7980	0.8592	0.02141	0.7406	0.8457	0.8589	0.8725	0.9426
8000	0.5238	0.07265	0.2722	0.4745	0.5225	0.5747	0.7651
8020	0.834	0.01505	0.7925	0.8234	0.833	0.844	0.8938
8040	0.886	0.01652	0.8356	0.8747	0.8861	0.8974	0.9403
8060	0.8327	0.01902	0.776	0.8194	0.8321	0.8456	0.9013
8080	0.8501	0.0152	0.8109	0.8394	0.8484	0.8586	0.9171
8100	0.8138	0.02628	0.6664	0.7985	0.8132	0.8295	0.8992
8120	0.6756	0.05551	0.5358	0.6364	0.6736	0.7108	0.8498
8140	0.8689	0.01558	0.823	0.8579	0.8686	0.8796	0.9186
8160	0.7924	0.07934	0.4545	0.745	0.8007	0.8519	0.968
8180	0.7899	0.01022	0.7591	0.7829	0.7892	0.7962	0.829
8200	0.9001	0.02103	0.8258	0.8847	0.8994	0.9155	0.9577
8220	0.9304	0.0203	0.8591	0.918	0.9315	0.9437	0.9812
8240	0.302	0.09055	0.09645	0.2372	0.2897	0.3569	0.6628
8260	0.309	0.1186	0.07732	0.218	0.2943	0.3748	0.777
8280	0.918	0.02154	0.822	0.9056	0.9215	0.9332	0.9662
8300	0.896	0.02062	0.8379	0.8817	0.8943	0.9097	0.9666
8320	0.9225	0.01116	0.8861	0.915	0.9226	0.9301	0.9602
8340	0.7885	0.02754	0.6946	0.771	0.7902	0.8076	0.8633
8360	0.6604	0.08738	0.3464	0.5992	0.6621	0.7185	0.8884
8380	0.5094	0.06968	0.3148	0.466	0.5097	0.5558	0.7569
8400	0.724	0.02777	0.5972	0.7068	0.7259	0.7431	0.8095
8420	0.8823	0.01938	0.8331	0.8685	0.8823	0.8949	0.9396
8440	0.8861	0.01578	0.8015	0.8765	0.8879	0.897	0.9258
8460	0.5992	0.06078	0.4069	0.5602	0.5994	0.6372	0.8444
8480	0.9698	0.00915	0.9026	0.9652	0.9715	0.9761	0.9884
8500	0.7975	0.01449	0.75	0.7876	0.7971	0.8059	0.8438
8520	0.8917	0.03421	0.6739	0.8751	0.8976	0.916	0.9565
8540	0.857	0.01586	0.8069	0.8459	0.8557	0.8679	0.9165
8560	0.4279	0.08045	0.1964	0.3712	0.4243	0.4831	0.7388
8580	0.7614	0.03597	0.6268	0.7395	0.7652	0.7874	0.8575
8600	0.8587	0.02501	0.7612	0.8418	0.861	0.8766	0.9217
8620	0.9375	0.0191	0.8613	0.9266	0.94	0.9513	0.9789
8640	0.4448	0.05006	0.2893	0.4119	0.4444	0.4777	0.6848
8660	0.5845	0.03928	0.4747	0.556	0.5836	0.6091	0.7254
8680	0.9694	0.01486	0.8681	0.963	0.9726	0.9795	0.9924
8700	0.7699	0.02841	0.6748	0.751	0.7702	0.7885	0.8698
8720	0.5413	0.05065	0.415	0.5067	0.5381	0.5737	0.7098
8740	0.8643	0.01917	0.8108	0.851	0.864	0.8778	0.9206
8760	0.1724	0.07188	0.03611	0.1231	0.1624	0.2129	0.5882
8780	0.8972	0.0133	0.8443	0.8892	0.8978	0.9056	0.9341
8800	0.2881	0.02052	0.2291	0.2738	0.2878	0.3005	0.3601
8820	0.08207	0.04361	0.01495	0.05156	0.0723	0.101	0.3965
8840	0.9152	0.02024	0.7986	0.9056	0.9191	0.9288	0.9566
8860	0.7973	0.06465	0.4778	0.7647	0.8071	0.8431	0.9426
8880	0.4798	0.1234	0.2244	0.3847	0.4685	0.5572	0.8877
8900	0.8994	0.02419	0.8336	0.8826	0.9004	0.918	0.9549
8920	0.8301	0.01792	0.7809	0.8174	0.8294	0.8419	0.881
8940	0.5289	0.06442	0.2922	0.4905	0.5305	0.5711	0.7506
8960	0.5675	0.02421	0.4898	0.5526	0.5681	0.5834	0.6413
8980	0.2755	0.07975	0.07522	0.2187	0.2706	0.3293	0.5242
9000	0.2542	0.07081	0.08179	0.2026	0.2496	0.2986	0.5222
9020	0.1979	0.1115	0.02499	0.1177	0.1705	0.2547	0.7598
9040	0.6816	0.04532	0.5303	0.6499	0.6832	0.7124	0.8087
9060	0.5759	0.04352	0.3839	0.5502	0.5792	0.6057	0.6919
9080	0.7315	0.02652	0.6417	0.7137	0.7322	0.7494	0.8125
9100	0.8717	0.02419	0.7074	0.8607	0.8757	0.8862	0.918
9120	0.893	0.02179	0.8084	0.8804	0.8952	0.9079	0.9461
9140	0.8819	0.07053	0.5741	0.8439	0.896	0.9352	0.9928
9160	0.7398	0.02801	0.6529	0.7219	0.7394	0.7581	0.8284
9180	0.5495	0.03809	0.4299	0.5226	0.5477	0.5738	0.6939
9200	0.5341	0.05615	0.3932	0.4927	0.5334	0.5729	0.6926
9220	0.4039	0.05644	0.1882	0.3657	0.404	0.4442	0.5519
9240	0.8203	0.05888	0.596	0.7822	0.8256	0.8633	0.9677
9260	0.7296	0.02344	0.6527	0.7136	0.7295	0.7454	0.8025
9280	0.7795	0.06478	0.572	0.7364	0.7848	0.8274	0.9347
9300	0.8536	0.03363	0.7382	0.8328	0.8549	0.8779	0.9509
9320	0.4703	0.1055	0.1529	0.3994	0.4747	0.5491	0.7652
9340	0.04307	0.01967	0.008622	0.02972	0.03915	0.05162	0.1762
9360	0.8238	0.04316	0.6269	0.799	0.8306	0.855	0.9114
9380	0.7516	0.04852	0.5776	0.7229	0.7517	0.7832	0.9002
9400	0.8471	0.01805	0.8002	0.8341	0.8455	0.8585	0.9108
9420	0.7959	0.05461	0.5727	0.7643	0.7992	0.8335	0.9584
9440	0.4279	0.08269	0.1718	0.3702	0.4306	0.488	0.6869
9460	0.9144	0.01922	0.7872	0.9031	0.9154	0.9276	0.9775
9480	0.8739	0.01392	0.8208	0.8651	0.8742	0.8831	0.9166
9500	0.8365	0.05803	0.5487	0.8022	0.8468	0.8811	0.9455
9520	0.1926	0.04884	0.0589	0.1573	0.1921	0.2266	0.3388
9540	0.7104	0.06727	0.3958	0.6734	0.7225	0.7595	0.8362
9560	0.6431	0.09623	0.2992	0.5826	0.6533	0.7123	0.8533
9580	0.6342	0.1548	0.1398	0.5248	0.6455	0.7519	0.93
9600	0.5557	0.05384	0.3739	0.5212	0.5581	0.5936	0.7096
9620	0.6688	0.08098	0.3929	0.6145	0.6726	0.7329	0.8491
9640	0.8518	0.06589	0.2926	0.8277	0.8637	0.8918	0.9613
9660	0.05547	0.01844	0.02015	0.04229	0.0525	0.06499	0.1763
9680	0.6584	0.03865	0.5461	0.6311	0.6562	0.684	0.7814
9700	0.7161	0.03627	0.5636	0.6923	0.7175	0.7404	0.8307
9720	0.9466	0.04053	0.718	0.9286	0.9581	0.9767	0.9948
9740	0.862	0.01613	0.8129	0.8511	0.8619	0.8727	0.9059
9760	0.8617	0.03653	0.7245	0.8381	0.8648	0.8889	0.9532
9780	0.8269	0.01546	0.7854	0.816	0.8263	0.8364	0.8823
9800	0.006917	0.003991	0.000946	0.003961	0.005939	0.00878	0.02943
9820	0.909	0.03663	0.7708	0.8877	0.913	0.9361	0.987
9840	0.6876	0.04146	0.5194	0.6624	0.6884	0.7147	0.8032
9860	0.908	0.01624	0.8301	0.8994	0.9097	0.918	0.9559
9880	0.6727	0.07972	0.3511	0.6252	0.6816	0.7311	0.8455
9900	0.7526	0.04735	0.6044	0.7211	0.7549	0.7848	0.8976
9920	0.803	0.01337	0.7662	0.7938	0.8021	0.8115	0.8625
9940	0.7894	0.02328	0.7073	0.7737	0.7875	0.8039	0.8898
9960	0.2805	0.05921	0.1032	0.2385	0.2795	0.3208	0.4799
9980	0.1904	0.07075	0.05846	0.1395	0.1779	0.2302	0.468
