idx	label	predict	radius	correct	unperturbed predict	unperturbed correct	time
0	3	4	0.0574	0	4	0	0:01:17.817094
20	7	9	0.155	0	9	0	0:01:17.317110
40	4	4	0.595	1	4	1	0:01:17.461441
60	7	7	1.66	1	7	1	0:01:16.888141
80	8	8	1.69	1	8	1	0:01:16.780727
100	4	5	0.0555	0	5	0	0:01:17.175877
120	8	8	1.72	1	8	1	0:01:17.016757
140	6	-1	0.0	0	6	1	0:01:17.460096
160	2	2	0.934	1	2	1	0:01:17.157354
180	0	0	1.06	1	0	1	0:01:17.564057
200	5	3	0.811	0	3	0	0:01:17.271867
220	7	7	1.89	1	7	1	0:01:17.004042
240	1	1	1.89	1	1	1	0:01:16.790065
260	8	8	0.374	1	8	1	0:01:17.406964
280	9	9	1.89	1	9	1	0:01:17.003364
300	6	6	1.14	1	6	1	0:01:16.660674
320	3	5	1.6	0	5	0	0:01:17.177802
340	2	4	0.374	0	4	0	0:01:17.582120
360	9	9	0.288	1	9	1	0:01:16.735946
380	6	6	0.843	1	6	1	0:01:16.130499
400	9	9	1.59	1	9	1	0:01:16.278571
420	4	6	0.465	0	6	0	0:01:16.673689
440	1	1	1.58	1	1	1	0:01:16.981595
460	5	5	1.16	1	5	1	0:01:16.673508
480	8	9	0.894	0	9	0	0:01:16.530499
500	4	6	0.293	0	6	0	0:01:15.781112
520	5	5	0.436	1	5	1	0:01:16.915011
540	1	1	0.12	1	1	1	0:01:15.781930
560	0	0	1.89	1	0	1	0:01:16.724494
580	4	6	0.972	0	6	0	0:01:15.338038
600	8	8	1.14	1	8	1	0:01:17.116936
620	7	-1	0.0	0	7	1	0:01:16.772096
640	5	3	0.744	0	3	0	0:01:16.848334
660	9	9	1.89	1	9	1	0:01:16.346381
680	9	9	0.251	1	9	1	0:01:16.831067
700	7	7	1.89	1	7	1	0:01:15.739585
720	4	9	0.131	0	9	0	0:01:15.950713
740	2	5	1.82	0	5	0	0:01:17.178880
760	3	9	0.227	0	9	0	0:01:16.949689
780	9	9	0.669	1	9	1	0:01:17.401718
800	7	7	1.89	1	7	1	0:01:18.004083
820	6	9	0.363	0	9	0	0:01:17.205605
840	7	7	1.89	1	7	1	0:01:17.165235
860	4	4	0.0849	1	4	1	0:01:17.454362
880	8	8	1.89	1	8	1	0:01:17.319319
900	2	6	1.17	0	6	0	0:01:16.575818
920	6	2	1.01	0	2	0	0:01:16.790473
940	9	9	1.57	1	9	1	0:01:17.256463
960	9	9	1.7	1	9	1	0:01:16.032922
980	2	6	1.89	0	6	0	0:01:15.325124
1000	5	5	1.89	1	5	1	0:01:15.788317
1020	1	1	1.61	1	1	1	0:01:15.289909
1040	7	5	1.89	0	5	0	0:01:16.386009
1060	9	9	1.89	1	9	1	0:01:16.183308
1080	6	6	1.0	1	6	1	0:01:16.778816
1100	7	8	0.306	0	8	0	0:01:16.756104
1120	5	5	0.0965	1	5	1	0:01:16.697344
1140	6	6	1.27	1	6	1	0:01:16.606545
1160	8	8	0.416	1	8	1	0:01:16.996164
1180	3	9	0.681	0	9	0	0:01:16.766515
1200	8	8	0.59	1	8	1	0:01:17.127646
1220	9	7	0.343	0	7	0	0:01:16.143290
1240	2	6	1.89	0	6	0	0:01:16.049743
1260	1	9	0.625	0	9	0	0:01:16.305353
1280	3	7	1.37	0	7	0	0:01:15.984741
1300	4	6	0.679	0	6	0	0:01:16.682424
1320	7	7	0.395	1	7	1	0:01:16.297186
1340	1	1	1.89	1	1	1	0:01:16.673812
1360	7	7	0.472	1	7	1	0:01:17.375287
1380	4	5	1.51	0	5	0	0:01:17.314497
1400	5	5	1.07	1	5	1	0:01:17.013883
1420	4	7	0.774	0	7	0	0:01:17.476479
1440	0	0	1.12	1	0	1	0:01:16.645362
1460	6	6	1.14	1	6	1	0:01:16.807012
1480	1	1	0.733	1	1	1	0:01:16.957294
1500	1	1	0.357	1	1	1	0:01:17.305656
1520	7	7	0.689	1	7	1	0:01:16.744799
1540	8	8	1.89	1	8	1	0:01:17.694285
1560	7	7	1.89	1	7	1	0:01:16.587405
1580	6	1	1.09	0	1	0	0:01:16.849287
1600	8	1	0.0656	0	1	0	0:01:17.186439
1620	5	5	0.183	1	5	1	0:01:16.762384
1640	7	-1	0.0	0	3	0	0:01:16.983062
1660	3	5	1.39	0	5	0	0:01:17.682177
1680	6	6	1.89	1	6	1	0:01:17.380115
1700	5	2	0.478	0	2	0	0:01:17.070212
1720	4	-1	0.0	0	0	0	0:01:17.111666
1740	1	9	0.885	0	9	0	0:01:16.796277
1760	0	8	1.13	0	8	0	0:01:17.409945
1780	7	9	0.352	0	9	0	0:01:17.319674
1800	4	8	0.936	0	8	0	0:01:16.978713
1820	8	9	1.05	0	9	0	0:01:16.134876
1840	8	-1	0.0	0	7	0	0:01:15.981537
1860	8	8	1.89	1	8	1	0:01:16.437442
1880	1	1	1.32	1	1	1	0:01:17.080168
1900	8	8	1.89	1	8	1	0:01:17.243244
1920	2	2	1.7	1	2	1	0:01:16.534012
1940	5	5	0.203	1	5	1	0:01:17.089049
1960	2	5	1.53	0	5	0	0:01:17.370303
1980	9	9	1.89	1	9	1	0:01:17.112084
2000	1	1	0.171	1	1	1	0:01:17.169194
2020	9	9	1.89	1	9	1	0:01:17.340827
2040	0	8	1.57	0	8	0	0:01:17.149068
2060	5	5	1.89	1	5	1	0:01:17.000490
2080	1	1	1.54	1	1	1	0:01:17.059263
2100	2	4	0.586	0	4	0	0:01:17.136935
2120	4	8	0.908	0	8	0	0:01:16.155909
2140	9	9	1.69	1	9	1	0:01:17.097117
2160	0	8	1.89	0	8	0	0:01:16.575107
2180	4	6	1.15	0	6	0	0:01:16.798336
2200	0	0	1.89	1	0	1	0:01:16.684467
2220	1	1	1.89	1	1	1	0:01:16.745325
2240	9	9	1.39	1	9	1	0:01:17.130969
2260	4	4	0.0753	1	4	1	0:01:17.289547
2280	4	8	0.875	0	8	0	0:01:17.293891
2300	3	6	0.92	0	6	0	0:01:16.748811
2320	5	3	0.389	0	3	0	0:01:16.996175
2340	7	7	1.75	1	7	1	0:01:16.116987
2360	7	7	1.57	1	7	1	0:01:16.601014
2380	8	8	1.79	1	8	1	0:01:16.804662
2400	0	0	1.77	1	0	1	0:01:15.702514
2420	8	8	0.514	1	8	1	0:01:16.490244
2440	7	7	0.676	1	7	1	0:01:16.863523
2460	9	9	1.13	1	9	1	0:01:17.573511
2480	8	8	1.6	1	8	1	0:01:16.773754
2500	4	6	0.444	0	6	0	0:01:16.191865
2520	1	9	0.184	0	9	0	0:01:16.963268
2540	2	3	0.349	0	3	0	0:01:16.802110
2560	7	7	0.675	1	7	1	0:01:17.081347
2580	6	6	0.929	1	6	1	0:01:16.824109
2600	8	8	1.89	1	8	1	0:01:17.017176
2620	1	1	0.244	1	1	1	0:01:17.356574
2640	7	7	1.89	1	7	1	0:01:17.029755
2660	3	2	0.1	0	2	0	0:01:15.995985
2680	0	0	1.89	1	0	1	0:01:16.023536
2700	9	9	0.203	1	9	1	0:01:16.019623
2720	3	-1	0.0	0	2	0	0:01:15.964071
2740	1	1	1.61	1	1	1	0:01:16.486786
2760	2	6	0.856	0	6	0	0:01:16.017742
2780	7	7	1.89	1	7	1	0:01:16.776006
2800	4	6	1.16	0	6	0	0:01:16.910279
2820	6	6	1.89	1	6	1	0:01:17.314538
2840	3	3	1.89	1	3	1	0:01:16.993352
2860	5	7	0.781	0	7	0	0:01:15.843450
2880	4	4	1.55	1	4	1	0:01:16.585482
2900	3	5	1.89	0	5	0	0:01:16.036238
2920	2	3	0.437	0	3	0	0:01:16.324063
2940	3	0	1.06	0	0	0	0:01:16.671989
2960	9	9	0.613	1	9	1	0:01:16.940197
2980	8	1	0.13	0	1	0	0:01:16.488868
3000	5	5	1.89	1	5	1	0:01:17.089526
3020	1	1	0.619	1	1	1	0:01:17.450771
3040	7	7	1.89	1	7	1	0:01:16.739798
3060	7	7	1.89	1	7	1	0:01:16.491413
3080	1	1	0.421	1	1	1	0:01:17.100477
3100	0	0	1.89	1	0	1	0:01:16.175047
3120	4	6	1.86	0	6	0	0:01:16.682114
3140	8	8	1.84	1	8	1	0:01:16.407727
3160	6	4	1.42	0	4	0	0:01:16.956129
3180	3	9	1.02	0	9	0	0:01:16.963423
3200	5	7	1.07	0	7	0	0:01:16.894367
3220	3	9	0.949	0	9	0	0:01:17.200487
3240	4	4	0.259	1	4	1	0:01:16.748635
3260	7	7	1.89	1	7	1	0:01:17.364669
3280	3	5	1.25	0	5	0	0:01:17.358289
3300	4	4	1.03	1	4	1	0:01:16.774137
3320	2	7	1.3	0	7	0	0:01:17.023963
3340	6	6	1.01	1	6	1	0:01:15.003255
3360	4	6	1.46	0	6	0	0:01:15.434324
3380	8	8	1.43	1	8	1	0:01:15.022024
3400	6	4	0.0916	0	4	0	0:01:15.759299
3420	5	-1	0.0	0	-1	0	0:01:15.270175
3440	2	9	0.955	0	9	0	0:01:15.981728
3460	1	1	1.89	1	1	1	0:01:16.632806
3480	2	2	1.89	1	2	1	0:01:17.134728
3500	1	1	1.05	1	1	1	0:01:16.716453
3520	1	1	1.89	1	1	1	0:01:16.671802
3540	6	6	0.93	1	6	1	0:01:16.504213
3560	1	9	0.569	0	9	0	0:01:16.553619
3580	4	1	0.726	0	1	0	0:01:17.051442
3600	4	2	0.693	0	2	0	0:01:16.766392
3620	0	0	0.351	1	0	1	0:01:16.554049
3640	6	2	1.48	0	2	0	0:01:16.845301
3660	0	8	0.903	0	8	0	0:01:16.891365
3680	0	2	0.444	0	2	0	0:01:16.206198
3700	3	5	1.35	0	5	0	0:01:16.308765
3720	2	2	1.48	1	2	1	0:01:17.206432
3740	0	0	1.84	1	0	1	0:01:17.215677
3760	7	7	1.89	1	7	1	0:01:17.181574
3780	4	2	0.935	0	2	0	0:01:16.790153
3800	9	9	1.17	1	9	1	0:01:17.116245
3820	0	0	1.7	1	0	1	0:01:17.122352
3840	6	-1	0.0	0	8	0	0:01:17.132756
3860	7	7	1.84	1	7	1	0:01:17.349411
3880	6	4	0.709	0	4	0	0:01:17.272406
3900	3	6	0.643	0	6	0	0:01:16.759224
3920	7	9	0.511	0	9	0	0:01:17.251770
3940	6	-1	0.0	0	6	1	0:01:16.508606
3960	2	5	0.939	0	5	0	0:01:17.022282
3980	9	9	0.959	1	9	1	0:01:16.330364
4000	8	-1	0.0	0	7	0	0:01:15.847500
4020	8	8	0.818	1	8	1	0:01:16.532358
4040	0	0	1.65	1	0	1	0:01:16.610018
4060	6	6	0.223	1	6	1	0:01:14.935599
4080	1	1	0.968	1	1	1	0:01:16.862569
4100	7	7	1.89	1	7	1	0:01:16.637550
4120	4	0	0.725	0	0	0	0:01:15.163201
4140	5	2	0.632	0	2	0	0:01:16.067445
4160	5	5	0.149	1	5	1	0:01:17.119114
4180	0	0	0.408	1	0	1	0:01:16.907560
4200	4	2	0.772	0	2	0	0:01:16.768889
4220	4	0	1.89	0	0	0	0:01:16.905797
4240	7	8	0.479	0	8	0	0:01:17.696052
4260	8	8	1.17	1	8	1	0:01:16.580009
4280	8	8	0.3	1	8	1	0:01:16.526231
4300	8	8	1.75	1	8	1	0:01:17.329524
4320	1	8	1.6	0	8	0	0:01:16.517509
4340	0	0	0.992	1	0	1	0:01:16.845627
4360	6	9	0.99	0	9	0	0:01:16.983441
4380	9	9	1.73	1	9	1	0:01:17.147490
4400	3	4	0.00633	0	4	0	0:01:16.894887
4420	5	8	0.167	0	8	0	0:01:16.610375
4440	2	6	0.949	0	6	0	0:01:16.590544
4460	9	9	0.327	1	9	1	0:01:16.050276
4480	9	9	1.16	1	9	1	0:01:16.025905
4500	3	5	0.433	0	5	0	0:01:16.386993
4520	3	6	1.29	0	6	0	0:01:16.524428
4540	9	9	1.89	1	9	1	0:01:16.071372
4560	1	1	1.86	1	1	1	0:01:16.886066
4580	6	6	1.0	1	6	1	0:01:16.461459
4600	4	7	1.82	0	7	0	0:01:16.840191
4620	7	3	0.964	0	3	0	0:01:17.206690
4640	2	4	0.393	0	4	0	0:01:17.050421
4660	7	-1	0.0	0	2	0	0:01:16.961846
4680	9	9	0.242	1	9	1	0:01:17.469603
4700	6	6	0.0781	1	6	1	0:01:17.739719
4720	8	8	1.29	1	8	1	0:01:17.824454
4740	5	5	0.182	1	5	1	0:01:17.274736
4760	3	3	0.143	1	3	1	0:01:16.335360
4780	0	0	0.991	1	0	1	0:01:15.844118
4800	9	9	1.89	1	9	1	0:01:16.031368
4820	3	5	1.6	0	5	0	0:01:16.204385
4840	0	0	1.7	1	0	1	0:01:16.020851
4860	5	5	1.82	1	5	1	0:01:15.617385
4880	0	0	0.0202	1	0	1	0:01:15.899917
4900	3	-1	0.0	0	1	0	0:01:15.724104
4920	7	7	1.46	1	7	1	0:01:16.492188
4940	6	6	0.845	1	6	1	0:01:16.568384
4960	4	6	1.04	0	6	0	0:01:16.717289
4980	1	9	1.89	0	9	0	0:01:16.683456
5000	7	7	1.89	1	7	1	0:01:16.978709
5020	8	8	1.77	1	8	1	0:01:16.470391
5040	3	3	1.13	1	3	1	0:01:16.412984
5060	6	6	1.74	1	6	1	0:01:17.500257
5080	7	7	1.86	1	7	1	0:01:17.004822
5100	3	3	0.498	1	3	1	0:01:17.451523
5120	9	9	0.062	1	9	1	0:01:17.023964
5140	8	8	1.41	1	8	1	0:01:16.555544
5160	0	8	0.773	0	8	0	0:01:16.769619
5180	9	7	0.547	0	7	0	0:01:16.867794
5200	3	3	1.89	1	3	1	0:01:16.479186
5220	0	0	1.86	1	0	1	0:01:16.391835
5240	1	1	0.425	1	1	1	0:01:16.158988
5260	0	0	1.89	1	0	1	0:01:17.229458
5280	0	8	1.86	0	8	0	0:01:16.715747
5300	9	9	1.4	1	9	1	0:01:16.441435
5320	7	7	1.89	1	7	1	0:01:16.212589
5340	3	4	0.455	0	4	0	0:01:16.676496
5360	9	9	1.89	1	9	1	0:01:16.992076
5380	1	9	1.08	0	9	0	0:01:17.227324
5400	9	9	0.397	1	9	1	0:01:17.198835
5420	6	6	0.955	1	6	1	0:01:16.601212
5440	9	9	1.89	1	9	1	0:01:16.211857
5460	0	0	0.655	1	0	1	0:01:16.495908
5480	1	1	1.28	1	1	1	0:01:17.408574
5500	8	8	0.336	1	8	1	0:01:16.320581
5520	4	5	0.892	0	5	0	0:01:16.829768
5540	5	6	0.194	0	6	0	0:01:16.675646
5560	3	5	0.0551	0	5	0	0:01:16.992444
5580	5	6	0.591	0	6	0	0:01:16.806634
5600	6	9	0.427	0	9	0	0:01:16.732900
5620	3	2	0.769	0	2	0	0:01:16.361074
5640	2	3	0.658	0	3	0	0:01:17.132555
5660	9	9	1.41	1	9	1	0:01:17.299109
5680	2	-1	0.0	0	1	0	0:01:17.157909
5700	3	5	0.288	0	5	0	0:01:16.796942
5720	9	9	1.89	1	9	1	0:01:16.624384
5740	6	6	1.26	1	6	1	0:01:16.914313
5760	2	2	0.981	1	2	1	0:01:16.669530
5780	7	7	1.89	1	7	1	0:01:16.879288
5800	2	4	0.227	0	4	0	0:01:16.468423
5820	5	5	0.0825	1	5	1	0:01:16.933908
5840	2	6	0.579	0	6	0	0:01:16.416517
5860	0	0	0.157	1	0	1	0:01:16.612119
5880	0	0	1.07	1	0	1	0:01:17.372713
5900	4	4	0.625	1	4	1	0:01:16.745824
5920	8	8	1.89	1	8	1	0:01:17.271010
5940	7	4	0.776	0	4	0	0:01:17.110101
5960	2	-1	0.0	0	7	0	0:01:17.005118
5980	9	9	1.89	1	9	1	0:01:17.454972
6000	8	8	0.0283	1	8	1	0:01:16.858228
6020	6	6	1.1	1	6	1	0:01:16.924808
6040	2	7	0.756	0	7	0	0:01:16.371940
6060	3	4	0.174	0	4	0	0:01:16.129451
6080	1	1	0.908	1	1	1	0:01:16.044713
6100	1	1	1.15	1	1	1	0:01:15.881314
6120	5	5	1.89	1	5	1	0:01:16.836593
6140	9	9	1.86	1	9	1	0:01:17.157656
6160	2	5	1.26	0	5	0	0:01:16.883306
6180	0	-1	0.0	0	0	1	0:01:15.712178
6200	3	3	0.911	1	3	1	0:01:16.871089
6220	2	6	1.18	0	6	0	0:01:16.522944
6240	2	6	0.3	0	6	0	0:01:17.359437
6260	2	9	0.131	0	9	0	0:01:17.648227
6280	8	5	0.716	0	5	0	0:01:17.622114
6300	1	1	0.764	1	1	1	0:01:17.859740
6320	0	0	1.89	1	0	1	0:01:16.586608
6340	3	3	0.274	1	3	1	0:01:17.412426
6360	2	2	1.29	1	2	1	0:01:17.179519
6380	3	-1	0.0	0	6	0	0:01:16.590307
6400	0	1	0.07	0	1	0	0:01:17.894651
6420	7	7	0.644	1	7	1	0:01:16.907837
6440	3	8	0.173	0	8	0	0:01:17.419772
6460	3	1	0.202	0	1	0	0:01:17.080963
6480	0	0	0.934	1	0	1	0:01:17.705209
6500	7	0	0.326	0	0	0	0:01:17.114313
6520	6	6	0.0327	1	6	1	0:01:17.220390
6540	8	8	1.78	1	8	1	0:01:17.355693
6560	6	6	1.45	1	6	1	0:01:17.300816
6580	1	-1	0.0	0	-1	0	0:01:17.901917
6600	7	7	1.89	1	7	1	0:01:17.290924
6620	7	7	1.43	1	7	1	0:01:17.171407
6640	5	3	1.89	0	3	0	0:01:16.905538
6660	0	0	1.59	1	0	1	0:01:17.350003
6680	3	3	0.101	1	3	1	0:01:17.447562
6700	6	6	1.24	1	6	1	0:01:17.345938
6720	2	2	1.61	1	2	1	0:01:17.097635
6740	2	6	1.06	0	6	0	0:01:16.992686
6760	5	5	0.865	1	5	1	0:01:17.631207
6780	7	7	1.89	1	7	1	0:01:17.136250
6800	6	6	1.89	1	6	1	0:01:16.819180
6820	1	1	1.89	1	1	1	0:01:17.237362
6840	9	9	0.431	1	9	1	0:01:17.203902
6860	0	0	1.86	1	0	1	0:01:17.055036
6880	2	7	0.363	0	7	0	0:01:17.878345
6900	3	7	0.46	0	7	0	0:01:17.511582
6920	5	2	1.89	0	2	0	0:01:16.842076
6940	1	1	1.89	1	1	1	0:01:17.072322
6960	9	8	1.84	0	8	0	0:01:17.358541
6980	0	9	1.39	0	9	0	0:01:17.505529
7000	2	8	0.625	0	8	0	0:01:17.375890
7020	7	7	1.82	1	7	1	0:01:17.722769
7040	7	8	0.411	0	8	0	0:01:17.225024
7060	8	8	1.67	1	8	1	0:01:17.283134
7080	5	4	1.2	0	4	0	0:01:17.732675
7100	9	9	0.749	1	9	1	0:01:16.854321
7120	7	7	1.89	1	7	1	0:01:16.809406
7140	4	4	1.22	1	4	1	0:01:16.646969
7160	5	5	0.908	1	5	1	0:01:17.348201
7180	6	6	1.89	1	6	1	0:01:17.041491
7200	4	6	0.372	0	6	0	0:01:17.502819
7220	9	9	1.17	1	9	1	0:01:17.807277
7240	0	8	1.29	0	8	0	0:01:17.606720
7260	1	1	0.0856	1	1	1	0:01:17.361136
7280	1	1	1.0	1	1	1	0:01:17.753871
7300	3	7	0.684	0	7	0	0:01:17.385826
7320	8	0	0.488	0	0	0	0:01:17.302019
7340	2	4	1.06	0	4	0	0:01:17.698454
7360	2	-1	0.0	0	4	0	0:01:17.736516
7380	7	7	1.61	1	7	1	0:01:17.359257
7400	3	9	0.201	0	9	0	0:01:17.051680
7420	3	0	1.33	0	0	0	0:01:17.352844
7440	3	6	0.318	0	6	0	0:01:18.082935
7460	5	5	1.89	1	5	1	0:01:18.009599
7480	1	-1	0.0	0	1	1	0:01:17.217537
7500	6	6	1.89	1	6	1	0:01:17.796409
7520	4	6	0.227	0	6	0	0:01:17.965725
7540	5	5	1.89	1	5	1	0:01:17.554431
7560	0	0	0.25	1	0	1	0:01:17.358245
7580	8	8	1.82	1	8	1	0:01:17.070858
7600	8	9	1.36	0	9	0	0:01:17.227067
7620	5	3	1.03	0	3	0	0:01:17.192280
7640	9	9	1.29	1	9	1	0:01:17.319763
7660	7	7	0.342	1	7	1	0:01:17.424368
7680	3	9	1.2	0	9	0	0:01:17.087459
7700	6	6	1.89	1	6	1	0:01:17.903460
7720	5	5	0.294	1	5	1	0:01:17.460150
7740	4	-1	0.0	0	-1	0	0:01:17.344595
7760	2	9	1.26	0	9	0	0:01:17.203917
7780	3	9	0.275	0	9	0	0:01:16.982018
7800	0	0	1.84	1	0	1	0:01:17.344119
7820	5	-1	0.0	0	5	1	0:01:16.771346
7840	1	1	1.89	1	1	1	0:01:16.463846
7860	8	8	0.106	1	8	1	0:01:16.708706
7880	0	0	0.31	1	0	1	0:01:17.291786
7900	0	8	0.473	0	8	0	0:01:16.845579
7920	9	8	0.224	0	8	0	0:01:16.961712
7940	2	6	1.89	0	6	0	0:01:17.011141
7960	0	0	0.811	1	0	1	0:01:17.000219
7980	3	7	0.176	0	7	0	0:01:16.729495
8000	9	9	1.52	1	9	1	0:01:17.674889
8020	6	6	1.36	1	6	1	0:01:17.136525
8040	2	6	0.892	0	6	0	0:01:17.846152
8060	6	6	1.46	1	6	1	0:01:17.744346
8080	4	6	1.08	0	6	0	0:01:17.390575
8100	6	2	1.56	0	2	0	0:01:17.895217
8120	8	9	0.284	0	9	0	0:01:16.833186
8140	5	6	0.172	0	6	0	0:01:17.349810
8160	6	6	1.38	1	6	1	0:01:16.720773
8180	4	6	1.89	0	6	0	0:01:17.592393
8200	3	6	0.129	0	6	0	0:01:17.451304
8220	6	6	0.537	1	6	1	0:01:17.432273
8240	7	7	1.89	1	7	1	0:01:17.380303
8260	1	1	1.89	1	1	1	0:01:17.059320
8280	4	-1	0.0	0	5	0	0:01:17.225451
8300	5	2	0.725	0	2	0	0:01:16.889592
8320	7	7	0.104	1	7	1	0:01:17.834957
8340	5	5	1.45	1	5	1	0:01:18.100505
8360	7	7	1.74	1	7	1	0:01:18.598828
8380	9	9	1.33	1	9	1	0:01:17.586313
8400	0	8	1.35	0	8	0	0:01:17.841287
8420	3	6	0.365	0	6	0	0:01:17.166723
8440	5	5	0.356	1	5	1	0:01:16.729396
8460	8	8	1.89	1	8	1	0:01:17.965358
8480	2	-1	0.0	0	2	1	0:01:16.915725
8500	4	-1	0.0	0	2	0	0:01:17.025675
8520	8	8	0.448	1	8	1	0:01:17.131347
8540	4	-1	0.0	0	2	0	0:01:17.062615
8560	7	7	1.89	1	7	1	0:01:17.410041
8580	3	9	0.4	0	9	0	0:01:17.356176
8600	3	-1	0.0	0	5	0	0:01:17.892392
8620	3	4	0.113	0	4	0	0:01:17.059694
8640	1	1	1.89	1	1	1	0:01:17.265639
8660	7	7	0.131	1	7	1	0:01:17.669193
8680	3	4	0.166	0	4	0	0:01:17.511171
8700	3	3	0.705	1	3	1	0:01:16.642881
8720	2	0	1.89	0	0	0	0:01:17.380748
8740	2	6	0.0471	0	6	0	0:01:17.331859
8760	8	8	1.89	1	8	1	0:01:14.902963
8780	4	4	0.908	1	4	1	0:01:16.504361
8800	0	0	1.89	1	0	1	0:01:16.763287
8820	2	2	1.89	1	2	1	0:01:15.839653
8840	2	1	0.0617	0	1	0	0:01:16.444986
8860	2	2	1.48	1	2	1	0:01:16.894594
8880	1	1	1.84	1	1	1	0:01:17.367846
8900	2	4	0.937	0	4	0	0:01:14.447876
8920	6	6	1.89	1	6	1	0:01:13.805689
8940	6	3	0.759	0	3	0	0:01:13.860741
8960	0	0	1.89	1	0	1	0:01:13.809573
8980	9	9	1.89	1	9	1	0:01:13.752000
9000	8	8	1.89	1	8	1	0:01:13.784753
9020	7	7	1.75	1	7	1	0:01:13.860099
9040	2	5	1.89	0	5	0	0:01:13.884864
9060	9	5	0.575	0	5	0	0:01:13.990659
9080	3	0	0.8	0	0	0	0:01:14.020138
9100	9	-1	0.0	0	-1	0	0:01:13.958818
9120	3	0	0.576	0	0	0	0:01:14.173881
9140	7	7	0.921	1	7	1	0:01:13.861956
9160	5	5	1.22	1	5	1	0:01:14.026514
9180	5	5	1.89	1	5	1	0:01:13.901312
9200	8	8	1.89	1	8	1	0:01:13.927370
9220	8	8	1.89	1	8	1	0:01:13.897893
9240	8	8	1.5	1	8	1	0:01:13.777023
9260	5	5	1.79	1	5	1	0:01:13.861090
9280	9	1	0.0223	0	1	0	0:01:13.710336
9300	5	5	1.84	1	5	1	0:01:13.882057
9320	9	9	1.89	1	9	1	0:01:14.056601
9340	1	1	1.89	1	1	1	0:01:13.993837
9360	5	0	0.717	0	0	0	0:01:13.799446
9380	5	5	0.176	1	5	1	0:01:14.015864
9400	6	6	1.2	1	6	1	0:01:13.854291
9420	5	5	1.23	1	5	1	0:01:13.860029
9440	8	8	1.89	1	8	1	0:01:13.830353
9460	3	6	0.0704	0	6	0	0:01:13.926017
9480	2	6	0.0788	0	6	0	0:01:13.835973
9500	9	9	0.245	1	9	1	0:01:13.922485
9520	1	1	1.86	1	1	1	0:01:13.797002
9540	5	5	1.51	1	5	1	0:01:13.909022
9560	9	7	1.52	0	7	0	0:01:13.789223
9580	1	1	1.14	1	1	1	0:01:13.882998
9600	8	8	1.86	1	8	1	0:01:14.050781
9620	4	7	1.22	0	7	0	0:01:13.787503
9640	5	-1	0.0	0	5	1	0:01:13.795572
9660	6	6	1.89	1	6	1	0:01:14.288923
9680	8	8	0.742	1	8	1	0:01:14.197087
9700	0	0	1.89	1	0	1	0:01:13.968959
9720	8	-1	0.0	0	-1	0	0:01:13.805674
9740	3	6	1.82	0	6	0	0:01:14.238493
9760	9	9	0.724	1	9	1	0:01:14.013831
9780	4	6	1.89	0	6	0	0:01:13.788662
9800	1	1	1.89	1	1	1	0:01:13.820647
9820	0	0	0.0476	1	0	1	0:01:14.002832
9840	4	3	0.157	0	3	0	0:01:13.249276
9860	0	0	0.0394	1	0	1	0:01:12.901753
9880	7	7	0.912	1	7	1	0:01:12.914938
9900	8	0	0.402	0	0	0	0:01:13.094792
9920	6	6	1.89	1	6	1	0:01:12.959871
9940	4	5	0.486	0	5	0	0:01:12.991235
9960	2	0	1.89	0	0	0	0:01:13.038479
9980	0	0	1.89	1	0	1	0:01:13.159319
