idx	predict	radius	unperturbed predict	time
0	1	0.712	1	0:01:17.817094
20	1	1.89	1	0:01:17.317110
40	1	1.89	1	0:01:17.461441
60	1	1.89	1	0:01:16.888141
80	1	1.89	1	0:01:16.780727
100	1	1.89	1	0:01:17.175877
120	1	1.89	1	0:01:17.016757
140	1	1.46	1	0:01:17.460096
160	1	1.89	1	0:01:17.157354
180	1	1.89	1	0:01:17.564057
200	1	1.89	1	0:01:17.271867
220	1	1.89	1	0:01:17.004042
240	1	1.89	1	0:01:16.790065
260	1	1.89	1	0:01:17.406964
280	1	1.89	1	0:01:17.003364
300	1	1.89	1	0:01:16.660674
320	1	1.89	1	0:01:17.177802
340	1	1.89	1	0:01:17.582120
360	1	1.6	1	0:01:16.735946
380	1	1.36	1	0:01:16.130499
400	1	1.89	1	0:01:16.278571
420	1	1.89	1	0:01:16.673689
440	1	1.89	1	0:01:16.981595
460	1	1.89	1	0:01:16.673508
480	1	1.89	1	0:01:16.530499
500	1	1.89	1	0:01:15.781112
520	1	1.89	1	0:01:16.915011
540	1	1.89	1	0:01:15.781930
560	1	1.89	1	0:01:16.724494
580	1	1.89	1	0:01:15.338038
600	1	1.89	1	0:01:17.116936
620	1	1.89	1	0:01:16.772096
640	1	1.89	1	0:01:16.848334
660	1	1.89	1	0:01:16.346381
680	1	1.89	1	0:01:16.831067
700	1	1.89	1	0:01:15.739585
720	1	1.82	1	0:01:15.950713
740	1	1.89	1	0:01:17.178880
760	1	1.89	1	0:01:16.949689
780	1	1.89	1	0:01:17.401718
800	1	1.89	1	0:01:18.004083
820	1	1.86	1	0:01:17.205605
840	1	1.89	1	0:01:17.165235
860	1	1.89	1	0:01:17.454362
880	1	1.89	1	0:01:17.319319
900	1	1.89	1	0:01:16.575818
920	1	1.7	1	0:01:16.790473
940	1	1.89	1	0:01:17.256463
960	1	1.84	1	0:01:16.032922
980	1	1.89	1	0:01:15.325124
1000	1	1.89	1	0:01:15.788317
1020	1	1.89	1	0:01:15.289909
1040	1	1.89	1	0:01:16.386009
1060	1	1.89	1	0:01:16.183308
1080	1	1.89	1	0:01:16.778816
1100	1	1.89	1	0:01:16.756104
1120	1	1.33	1	0:01:16.697344
1140	1	1.89	1	0:01:16.606545
1160	1	1.89	1	0:01:16.996164
1180	1	1.63	1	0:01:16.766515
1200	1	1.89	1	0:01:17.127646
1220	1	0.363	1	0:01:16.143290
1240	1	1.89	1	0:01:16.049743
1260	1	1.89	1	0:01:16.305353
1280	1	1.89	1	0:01:15.984741
1300	1	1.89	1	0:01:16.682424
1320	1	1.89	1	0:01:16.297186
1340	1	1.89	1	0:01:16.673812
1360	1	1.89	1	0:01:17.375287
1380	1	1.76	1	0:01:17.314497
1400	1	1.89	1	0:01:17.013883
1420	1	1.89	1	0:01:17.476479
1440	1	1.89	1	0:01:16.645362
1460	1	1.55	1	0:01:16.807012
1480	1	1.89	1	0:01:16.957294
1500	1	1.89	1	0:01:17.305656
1520	1	1.89	1	0:01:16.744799
1540	1	1.89	1	0:01:17.694285
1560	1	1.89	1	0:01:16.587405
1580	1	1.84	1	0:01:16.849287
1600	1	0.973	1	0:01:17.186439
1620	1	1.34	1	0:01:16.762384
1640	1	1.89	1	0:01:16.983062
1660	1	1.89	1	0:01:17.682177
1680	1	1.89	1	0:01:17.380115
1700	1	1.86	1	0:01:17.070212
1720	1	1.89	1	0:01:17.111666
1740	1	1.89	1	0:01:16.796277
1760	1	1.89	1	0:01:17.409945
1780	1	1.89	1	0:01:17.319674
1800	1	1.4	1	0:01:16.978713
1820	1	1.89	1	0:01:16.134876
1840	1	0.644	1	0:01:15.981537
1860	1	1.89	1	0:01:16.437442
1880	1	1.89	1	0:01:17.080168
1900	1	1.89	1	0:01:17.243244
1920	1	1.89	1	0:01:16.534012
1940	1	1.89	1	0:01:17.089049
1960	1	1.89	1	0:01:17.370303
1980	1	1.89	1	0:01:17.112084
2000	1	1.89	1	0:01:17.169194
2020	1	1.89	1	0:01:17.340827
2040	1	1.89	1	0:01:17.149068
2060	1	1.89	1	0:01:17.000490
2080	1	1.57	1	0:01:17.059263
2100	1	1.89	1	0:01:17.136935
2120	1	1.89	1	0:01:16.155909
2140	1	1.89	1	0:01:17.097117
2160	1	1.89	1	0:01:16.575107
2180	1	1.89	1	0:01:16.798336
2200	1	1.89	1	0:01:16.684467
2220	1	1.89	1	0:01:16.745325
2240	1	1.89	1	0:01:17.130969
2260	1	1.86	1	0:01:17.289547
2280	1	1.73	1	0:01:17.293891
2300	1	1.89	1	0:01:16.748811
2320	1	1.89	1	0:01:16.996175
2340	1	1.89	1	0:01:16.116987
2360	1	1.89	1	0:01:16.601014
2380	1	1.89	1	0:01:16.804662
2400	1	1.89	1	0:01:15.702514
2420	1	1.89	1	0:01:16.490244
2440	1	1.89	1	0:01:16.863523
2460	1	0.641	1	0:01:17.573511
2480	1	1.86	1	0:01:16.773754
2500	1	1.89	1	0:01:16.191865
2520	1	1.89	1	0:01:16.963268
2540	1	1.89	1	0:01:16.802110
2560	1	1.21	1	0:01:17.081347
2580	1	1.89	1	0:01:16.824109
2600	1	1.89	1	0:01:17.017176
2620	1	1.8	1	0:01:17.356574
2640	1	1.89	1	0:01:17.029755
2660	1	1.89	1	0:01:15.995985
2680	1	1.89	1	0:01:16.023536
2700	1	1.86	1	0:01:16.019623
2720	-1	0.0	-1	0:01:15.964071
2740	1	1.89	1	0:01:16.486786
2760	1	1.89	1	0:01:16.017742
2780	1	1.89	1	0:01:16.776006
2800	1	1.89	1	0:01:16.910279
2820	1	1.89	1	0:01:17.314538
2840	1	1.89	1	0:01:16.993352
2860	1	1.76	1	0:01:15.843450
2880	1	1.89	1	0:01:16.585482
2900	1	1.89	1	0:01:16.036238
2920	1	1.89	1	0:01:16.324063
2940	1	1.89	1	0:01:16.671989
2960	1	1.89	1	0:01:16.940197
2980	1	1.89	1	0:01:16.488868
3000	1	1.89	1	0:01:17.089526
3020	1	1.89	1	0:01:17.450771
3040	1	1.89	1	0:01:16.739798
3060	1	1.89	1	0:01:16.491413
3080	1	0.542	1	0:01:17.100477
3100	1	1.89	1	0:01:16.175047
3120	1	1.89	1	0:01:16.682114
3140	1	1.89	1	0:01:16.407727
3160	1	1.89	1	0:01:16.956129
3180	1	0.774	1	0:01:16.963423
3200	1	1.89	1	0:01:16.894367
3220	1	1.89	1	0:01:17.200487
3240	0	0.195	0	0:01:16.748635
3260	1	1.89	1	0:01:17.364669
3280	1	1.89	1	0:01:17.358289
3300	1	1.55	1	0:01:16.774137
3320	1	1.89	1	0:01:17.023963
3340	1	1.89	1	0:01:15.003255
3360	1	1.89	1	0:01:15.434324
3380	1	1.89	1	0:01:15.022024
3400	1	1.89	1	0:01:15.759299
3420	1	1.89	1	0:01:15.270175
3440	1	1.67	1	0:01:15.981728
3460	1	1.89	1	0:01:16.632806
3480	1	1.89	1	0:01:17.134728
3500	1	1.84	1	0:01:16.716453
3520	1	1.89	1	0:01:16.671802
3540	1	1.68	1	0:01:16.504213
3560	1	1.89	1	0:01:16.553619
3580	1	1.04	1	0:01:17.051442
3600	1	1.89	1	0:01:16.766392
3620	1	1.86	1	0:01:16.554049
3640	1	1.89	1	0:01:16.845301
3660	1	1.89	1	0:01:16.891365
3680	1	1.86	1	0:01:16.206198
3700	1	1.89	1	0:01:16.308765
3720	1	1.89	1	0:01:17.206432
3740	1	1.89	1	0:01:17.215677
3760	1	1.89	1	0:01:17.181574
3780	1	1.89	1	0:01:16.790153
3800	1	1.02	1	0:01:17.116245
3820	1	1.89	1	0:01:17.122352
3840	1	1.89	1	0:01:17.132756
3860	1	1.89	1	0:01:17.349411
3880	1	1.89	1	0:01:17.272406
3900	1	1.89	1	0:01:16.759224
3920	1	1.89	1	0:01:17.251770
3940	1	1.89	1	0:01:16.508606
3960	1	1.89	1	0:01:17.022282
3980	1	1.89	1	0:01:16.330364
4000	1	0.774	1	0:01:15.847500
4020	1	1.89	1	0:01:16.532358
4040	1	1.89	1	0:01:16.610018
4060	1	1.89	1	0:01:14.935599
4080	1	1.89	1	0:01:16.862569
4100	1	1.89	1	0:01:16.637550
4120	1	1.89	1	0:01:15.163201
4140	1	1.89	1	0:01:16.067445
4160	1	1.89	1	0:01:17.119114
4180	1	1.89	1	0:01:16.907560
4200	1	1.89	1	0:01:16.768889
4220	1	1.89	1	0:01:16.905797
4240	1	1.89	1	0:01:17.696052
4260	1	1.89	1	0:01:16.580009
4280	1	1.89	1	0:01:16.526231
4300	1	1.89	1	0:01:17.329524
4320	1	1.89	1	0:01:16.517509
4340	1	1.89	1	0:01:16.845627
4360	1	1.89	1	0:01:16.983441
4380	1	1.89	1	0:01:17.147490
4400	1	0.846	1	0:01:16.894887
4420	1	0.474	1	0:01:16.610375
4440	1	1.89	1	0:01:16.590544
4460	1	1.89	1	0:01:16.050276
4480	1	1.89	1	0:01:16.025905
4500	1	1.89	1	0:01:16.386993
4520	1	1.89	1	0:01:16.524428
4540	1	1.89	1	0:01:16.071372
4560	1	1.89	1	0:01:16.886066
4580	1	1.89	1	0:01:16.461459
4600	1	1.89	1	0:01:16.840191
4620	1	1.89	1	0:01:17.206690
4640	1	1.89	1	0:01:17.050421
4660	1	0.981	1	0:01:16.961846
4680	1	1.89	1	0:01:17.469603
4700	1	1.62	1	0:01:17.739719
4720	1	1.89	1	0:01:17.824454
4740	1	1.89	1	0:01:17.274736
4760	1	1.26	1	0:01:16.335360
4780	1	1.65	1	0:01:15.844118
4800	1	1.89	1	0:01:16.031368
4820	1	1.89	1	0:01:16.204385
4840	1	1.89	1	0:01:16.020851
4860	1	1.89	1	0:01:15.617385
4880	1	1.89	1	0:01:15.899917
4900	1	1.89	1	0:01:15.724104
4920	1	1.89	1	0:01:16.492188
4940	1	1.89	1	0:01:16.568384
4960	1	1.89	1	0:01:16.717289
4980	1	1.89	1	0:01:16.683456
5000	1	1.89	1	0:01:16.978709
5020	1	1.89	1	0:01:16.470391
5040	1	1.89	1	0:01:16.412984
5060	1	1.89	1	0:01:17.500257
5080	1	1.89	1	0:01:17.004822
5100	1	1.89	1	0:01:17.451523
5120	1	1.89	1	0:01:17.023964
5140	1	1.89	1	0:01:16.555544
5160	1	1.89	1	0:01:16.769619
5180	1	0.408	1	0:01:16.867794
5200	1	1.89	1	0:01:16.479186
5220	1	1.89	1	0:01:16.391835
5240	1	1.4	1	0:01:16.158988
5260	1	1.89	1	0:01:17.229458
5280	1	1.89	1	0:01:16.715747
5300	1	1.89	1	0:01:16.441435
5320	1	1.89	1	0:01:16.212589
5340	1	1.89	1	0:01:16.676496
5360	1	1.89	1	0:01:16.992076
5380	1	1.89	1	0:01:17.227324
5400	1	1.89	1	0:01:17.198835
5420	1	1.89	1	0:01:16.601212
5440	1	1.89	1	0:01:16.211857
5460	1	1.89	1	0:01:16.495908
5480	1	0.959	1	0:01:17.408574
5500	1	1.89	1	0:01:16.320581
5520	1	1.89	1	0:01:16.829768
5540	1	1.89	1	0:01:16.675646
5560	1	1.89	1	0:01:16.992444
5580	1	1.89	1	0:01:16.806634
5600	1	0.824	1	0:01:16.732900
5620	1	1.89	1	0:01:16.361074
5640	1	1.89	1	0:01:17.132555
5660	1	1.89	1	0:01:17.299109
5680	1	1.57	1	0:01:17.157909
5700	1	1.49	1	0:01:16.796942
5720	1	1.89	1	0:01:16.624384
5740	1	1.89	1	0:01:16.914313
5760	1	1.89	1	0:01:16.669530
5780	1	1.89	1	0:01:16.879288
5800	1	1.89	1	0:01:16.468423
5820	1	1.89	1	0:01:16.933908
5840	1	1.89	1	0:01:16.416517
5860	1	1.67	1	0:01:16.612119
5880	1	1.89	1	0:01:17.372713
5900	1	1.89	1	0:01:16.745824
5920	1	1.89	1	0:01:17.271010
5940	1	1.89	1	0:01:17.110101
5960	1	0.831	1	0:01:17.005118
5980	1	1.89	1	0:01:17.454972
6000	1	1.89	1	0:01:16.858228
6020	1	1.76	1	0:01:16.924808
6040	1	1.89	1	0:01:16.371940
6060	1	1.89	1	0:01:16.129451
6080	1	1.86	1	0:01:16.044713
6100	1	1.8	1	0:01:15.881314
6120	1	1.89	1	0:01:16.836593
6140	1	1.89	1	0:01:17.157656
6160	1	1.68	1	0:01:16.883306
6180	1	1.89	1	0:01:15.712178
6200	1	1.89	1	0:01:16.871089
6220	1	1.89	1	0:01:16.522944
6240	1	1.77	1	0:01:17.359437
6260	1	0.192	1	0:01:17.648227
6280	1	1.84	1	0:01:17.622114
6300	1	0.965	1	0:01:17.859740
6320	1	1.89	1	0:01:16.586608
6340	1	1.89	1	0:01:17.412426
6360	1	1.89	1	0:01:17.179519
6380	1	0.476	1	0:01:16.590307
6400	1	1.89	1	0:01:17.894651
6420	1	1.89	1	0:01:16.907837
6440	1	1.14	1	0:01:17.419772
6460	1	0.839	1	0:01:17.080963
6480	1	1.89	1	0:01:17.705209
6500	1	1.12	1	0:01:17.114313
6520	1	1.89	1	0:01:17.220390
6540	1	1.89	1	0:01:17.355693
6560	1	1.89	1	0:01:17.300816
6580	1	1.89	1	0:01:17.901917
6600	1	1.89	1	0:01:17.290924
6620	1	1.89	1	0:01:17.171407
6640	1	1.89	1	0:01:16.905538
6660	1	1.89	1	0:01:17.350003
6680	1	1.89	1	0:01:17.447562
6700	1	1.74	1	0:01:17.345938
6720	1	1.89	1	0:01:17.097635
6740	1	1.89	1	0:01:16.992686
6760	1	1.89	1	0:01:17.631207
6780	1	1.89	1	0:01:17.136250
6800	1	1.89	1	0:01:16.819180
6820	1	1.89	1	0:01:17.237362
6840	1	1.89	1	0:01:17.203902
6860	1	1.89	1	0:01:17.055036
6880	1	1.89	1	0:01:17.878345
6900	1	1.89	1	0:01:17.511582
6920	1	1.89	1	0:01:16.842076
6940	1	1.89	1	0:01:17.072322
6960	1	1.89	1	0:01:17.358541
6980	1	1.89	1	0:01:17.505529
7000	1	1.14	1	0:01:17.375890
7020	1	1.89	1	0:01:17.722769
7040	1	1.72	1	0:01:17.225024
7060	1	1.89	1	0:01:17.283134
7080	1	1.77	1	0:01:17.732675
7100	1	1.89	1	0:01:16.854321
7120	1	1.89	1	0:01:16.809406
7140	1	1.89	1	0:01:16.646969
7160	1	1.89	1	0:01:17.348201
7180	1	1.89	1	0:01:17.041491
7200	1	1.89	1	0:01:17.502819
7220	1	1.89	1	0:01:17.807277
7240	1	1.62	1	0:01:17.606720
7260	1	1.89	1	0:01:17.361136
7280	1	1.08	1	0:01:17.753871
7300	1	1.8	1	0:01:17.385826
7320	1	1.89	1	0:01:17.302019
7340	1	1.79	1	0:01:17.698454
7360	1	1.89	1	0:01:17.736516
7380	1	1.89	1	0:01:17.359257
7400	1	1.89	1	0:01:17.051680
7420	1	1.89	1	0:01:17.352844
7440	1	1.89	1	0:01:18.082935
7460	1	1.89	1	0:01:18.009599
7480	1	1.89	1	0:01:17.217537
7500	1	1.89	1	0:01:17.796409
7520	1	1.89	1	0:01:17.965725
7540	1	1.89	1	0:01:17.554431
7560	1	0.367	1	0:01:17.358245
7580	1	1.89	1	0:01:17.070858
7600	1	0.692	1	0:01:17.227067
7620	1	1.89	1	0:01:17.192280
7640	1	1.68	1	0:01:17.319763
7660	1	1.89	1	0:01:17.424368
7680	1	1.89	1	0:01:17.087459
7700	1	1.89	1	0:01:17.903460
7720	1	1.89	1	0:01:17.460150
7740	1	1.89	1	0:01:17.344595
7760	1	1.89	1	0:01:17.203917
7780	1	1.89	1	0:01:16.982018
7800	1	1.89	1	0:01:17.344119
7820	1	1.89	1	0:01:16.771346
7840	1	1.89	1	0:01:16.463846
7860	1	1.57	1	0:01:16.708706
7880	1	1.89	1	0:01:17.291786
7900	1	1.28	1	0:01:16.845579
7920	1	0.904	1	0:01:16.961712
7940	1	1.89	1	0:01:17.011141
7960	1	1.89	1	0:01:17.000219
7980	1	1.89	1	0:01:16.729495
8000	1	1.89	1	0:01:17.674889
8020	1	1.89	1	0:01:17.136525
8040	1	1.89	1	0:01:17.846152
8060	1	1.89	1	0:01:17.744346
8080	1	1.89	1	0:01:17.390575
8100	1	1.89	1	0:01:17.895217
8120	1	1.89	1	0:01:16.833186
8140	1	1.89	1	0:01:17.349810
8160	1	1.86	1	0:01:16.720773
8180	1	1.89	1	0:01:17.592393
8200	1	1.8	1	0:01:17.451304
8220	1	1.12	1	0:01:17.432273
8240	1	1.89	1	0:01:17.380303
8260	1	1.89	1	0:01:17.059320
8280	1	1.66	1	0:01:17.225451
8300	1	1.55	1	0:01:16.889592
8320	1	1.89	1	0:01:17.834957
8340	1	1.89	1	0:01:18.100505
8360	1	1.89	1	0:01:18.598828
8380	1	1.89	1	0:01:17.586313
8400	1	1.89	1	0:01:17.841287
8420	1	1.84	1	0:01:17.166723
8440	1	1.89	1	0:01:16.729396
8460	1	1.89	1	0:01:17.965358
8480	0	0.0774	0	0:01:16.915725
8500	1	1.89	1	0:01:17.025675
8520	1	1.89	1	0:01:17.131347
8540	1	1.89	1	0:01:17.062615
8560	1	1.89	1	0:01:17.410041
8580	1	1.89	1	0:01:17.356176
8600	1	1.89	1	0:01:17.892392
8620	1	1.06	1	0:01:17.059694
8640	1	1.89	1	0:01:17.265639
8660	1	1.89	1	0:01:17.669193
8680	0	0.113	0	0:01:17.511171
8700	1	1.89	1	0:01:16.642881
8720	1	1.89	1	0:01:17.380748
8740	1	1.89	1	0:01:17.331859
8760	1	1.89	1	0:01:14.902963
8780	1	1.89	1	0:01:16.504361
8800	1	1.89	1	0:01:16.763287
8820	1	1.89	1	0:01:15.839653
8840	1	1.89	1	0:01:16.444986
8860	1	1.82	1	0:01:16.894594
8880	1	1.89	1	0:01:17.367846
8900	1	1.89	1	0:01:14.447876
8920	1	1.89	1	0:01:13.805689
8940	1	1.89	1	0:01:13.860741
8960	1	1.89	1	0:01:13.809573
8980	1	1.89	1	0:01:13.752000
9000	1	1.89	1	0:01:13.784753
9020	1	1.89	1	0:01:13.860099
9040	1	1.89	1	0:01:13.884864
9060	1	1.89	1	0:01:13.990659
9080	1	1.89	1	0:01:14.020138
9100	1	1.89	1	0:01:13.958818
9120	1	1.89	1	0:01:14.173881
9140	1	0.837	1	0:01:13.861956
9160	1	1.89	1	0:01:14.026514
9180	1	1.89	1	0:01:13.901312
9200	1	1.89	1	0:01:13.927370
9220	1	1.89	1	0:01:13.897893
9240	1	1.75	1	0:01:13.777023
9260	1	1.89	1	0:01:13.861090
9280	1	1.86	1	0:01:13.710336
9300	1	1.89	1	0:01:13.882057
9320	1	1.89	1	0:01:14.056601
9340	1	1.89	1	0:01:13.993837
9360	1	1.89	1	0:01:13.799446
9380	1	1.89	1	0:01:14.015864
9400	1	1.89	1	0:01:13.854291
9420	1	1.89	1	0:01:13.860029
9440	1	1.89	1	0:01:13.830353
9460	1	1.58	1	0:01:13.926017
9480	1	1.89	1	0:01:13.835973
9500	1	1.89	1	0:01:13.922485
9520	1	1.89	1	0:01:13.797002
9540	1	1.89	1	0:01:13.909022
9560	1	1.89	1	0:01:13.789223
9580	1	1.89	1	0:01:13.882998
9600	1	1.89	1	0:01:14.050781
9620	1	1.89	1	0:01:13.787503
9640	1	1.89	1	0:01:13.795572
9660	1	1.89	1	0:01:14.288923
9680	1	1.89	1	0:01:14.197087
9700	1	1.89	1	0:01:13.968959
9720	1	0.186	1	0:01:13.805674
9740	1	1.89	1	0:01:14.238493
9760	1	1.89	1	0:01:14.013831
9780	1	1.89	1	0:01:13.788662
9800	1	1.89	1	0:01:13.820647
9820	1	1.02	1	0:01:14.002832
9840	1	1.89	1	0:01:13.249276
9860	1	1.86	1	0:01:12.901753
9880	1	1.89	1	0:01:12.914938
9900	1	1.89	1	0:01:13.094792
9920	1	1.89	1	0:01:12.959871
9940	1	1.89	1	0:01:12.991235
9960	1	1.89	1	0:01:13.038479
9980	1	1.89	1	0:01:13.159319
