idx	predict	radius	unperturbed predict	time
0	0	1.89	0	0:01:17.817094
20	0	1.89	0	0:01:17.317110
40	0	1.89	0	0:01:17.461441
60	0	1.89	0	0:01:16.888141
80	0	1.89	0	0:01:16.780727
100	0	1.89	0	0:01:17.175877
120	0	1.89	0	0:01:17.016757
140	0	1.89	0	0:01:17.460096
160	0	1.89	0	0:01:17.157354
180	0	1.89	0	0:01:17.564057
200	0	1.89	0	0:01:17.271867
220	0	1.89	0	0:01:17.004042
240	0	1.89	0	0:01:16.790065
260	0	1.89	0	0:01:17.406964
280	0	1.89	0	0:01:17.003364
300	0	1.89	0	0:01:16.660674
320	0	1.89	0	0:01:17.177802
340	0	1.89	0	0:01:17.582120
360	0	1.89	0	0:01:16.735946
380	0	1.89	0	0:01:16.130499
400	0	1.89	0	0:01:16.278571
420	0	1.89	0	0:01:16.673689
440	0	1.89	0	0:01:16.981595
460	0	1.89	0	0:01:16.673508
480	0	1.89	0	0:01:16.530499
500	0	1.89	0	0:01:15.781112
520	0	1.89	0	0:01:16.915011
540	0	1.89	0	0:01:15.781930
560	0	1.89	0	0:01:16.724494
580	0	1.89	0	0:01:15.338038
600	0	1.89	0	0:01:17.116936
620	0	1.89	0	0:01:16.772096
640	0	1.89	0	0:01:16.848334
660	0	1.89	0	0:01:16.346381
680	0	1.89	0	0:01:16.831067
700	0	1.89	0	0:01:15.739585
720	0	1.89	0	0:01:15.950713
740	0	1.89	0	0:01:17.178880
760	0	1.89	0	0:01:16.949689
780	0	1.89	0	0:01:17.401718
800	0	1.89	0	0:01:18.004083
820	0	1.89	0	0:01:17.205605
840	0	1.8	0	0:01:17.165235
860	0	1.89	0	0:01:17.454362
880	0	1.89	0	0:01:17.319319
900	0	1.89	0	0:01:16.575818
920	0	1.89	0	0:01:16.790473
940	0	1.89	0	0:01:17.256463
960	0	1.89	0	0:01:16.032922
980	0	1.89	0	0:01:15.325124
1000	0	1.89	0	0:01:15.788317
1020	0	1.89	0	0:01:15.289909
1040	0	1.89	0	0:01:16.386009
1060	0	1.89	0	0:01:16.183308
1080	0	1.89	0	0:01:16.778816
1100	0	1.89	0	0:01:16.756104
1120	0	1.89	0	0:01:16.697344
1140	0	1.89	0	0:01:16.606545
1160	0	1.89	0	0:01:16.996164
1180	0	1.89	0	0:01:16.766515
1200	0	1.89	0	0:01:17.127646
1220	0	1.89	0	0:01:16.143290
1240	0	1.89	0	0:01:16.049743
1260	0	1.89	0	0:01:16.305353
1280	0	1.89	0	0:01:15.984741
1300	0	1.89	0	0:01:16.682424
1320	0	1.89	0	0:01:16.297186
1340	0	0.892	0	0:01:16.673812
1360	0	1.89	0	0:01:17.375287
1380	0	1.89	0	0:01:17.314497
1400	0	1.89	0	0:01:17.013883
1420	0	1.89	0	0:01:17.476479
1440	0	1.89	0	0:01:16.645362
1460	0	1.89	0	0:01:16.807012
1480	0	1.89	0	0:01:16.957294
1500	0	1.89	0	0:01:17.305656
1520	0	1.89	0	0:01:16.744799
1540	0	1.89	0	0:01:17.694285
1560	0	1.49	0	0:01:16.587405
1580	0	1.89	0	0:01:16.849287
1600	0	1.89	0	0:01:17.186439
1620	0	1.89	0	0:01:16.762384
1640	0	1.89	0	0:01:16.983062
1660	0	1.89	0	0:01:17.682177
1680	0	1.89	0	0:01:17.380115
1700	0	1.89	0	0:01:17.070212
1720	0	1.89	0	0:01:17.111666
1740	0	1.89	0	0:01:16.796277
1760	0	1.89	0	0:01:17.409945
1780	0	1.89	0	0:01:17.319674
1800	0	1.89	0	0:01:16.978713
1820	0	1.89	0	0:01:16.134876
1840	0	1.89	0	0:01:15.981537
1860	0	1.89	0	0:01:16.437442
1880	0	1.89	0	0:01:17.080168
1900	0	1.89	0	0:01:17.243244
1920	0	1.89	0	0:01:16.534012
1940	0	1.89	0	0:01:17.089049
1960	0	1.89	0	0:01:17.370303
1980	0	1.89	0	0:01:17.112084
2000	0	1.89	0	0:01:17.169194
2020	0	1.89	0	0:01:17.340827
2040	0	1.89	0	0:01:17.149068
2060	0	1.89	0	0:01:17.000490
2080	0	1.89	0	0:01:17.059263
2100	0	1.89	0	0:01:17.136935
2120	0	1.89	0	0:01:16.155909
2140	0	1.89	0	0:01:17.097117
2160	0	1.89	0	0:01:16.575107
2180	0	1.89	0	0:01:16.798336
2200	0	1.89	0	0:01:16.684467
2220	0	1.89	0	0:01:16.745325
2240	0	1.89	0	0:01:17.130969
2260	0	1.89	0	0:01:17.289547
2280	0	1.89	0	0:01:17.293891
2300	0	1.89	0	0:01:16.748811
2320	0	1.89	0	0:01:16.996175
2340	0	1.89	0	0:01:16.116987
2360	0	1.89	0	0:01:16.601014
2380	0	1.89	0	0:01:16.804662
2400	0	1.89	0	0:01:15.702514
2420	0	1.89	0	0:01:16.490244
2440	0	1.89	0	0:01:16.863523
2460	0	1.89	0	0:01:17.573511
2480	0	1.89	0	0:01:16.773754
2500	0	1.89	0	0:01:16.191865
2520	0	1.89	0	0:01:16.963268
2540	0	1.89	0	0:01:16.802110
2560	0	1.89	0	0:01:17.081347
2580	0	1.89	0	0:01:16.824109
2600	0	1.89	0	0:01:17.017176
2620	0	1.89	0	0:01:17.356574
2640	0	1.89	0	0:01:17.029755
2660	0	1.89	0	0:01:15.995985
2680	0	1.89	0	0:01:16.023536
2700	0	1.89	0	0:01:16.019623
2720	0	1.89	0	0:01:15.964071
2740	0	1.89	0	0:01:16.486786
2760	0	1.89	0	0:01:16.017742
2780	0	1.89	0	0:01:16.776006
2800	0	1.89	0	0:01:16.910279
2820	0	1.89	0	0:01:17.314538
2840	0	1.89	0	0:01:16.993352
2860	0	1.89	0	0:01:15.843450
2880	0	1.89	0	0:01:16.585482
2900	0	1.89	0	0:01:16.036238
2920	0	1.89	0	0:01:16.324063
2940	0	1.89	0	0:01:16.671989
2960	0	1.89	0	0:01:16.940197
2980	0	1.89	0	0:01:16.488868
3000	0	1.89	0	0:01:17.089526
3020	0	1.89	0	0:01:17.450771
3040	0	1.89	0	0:01:16.739798
3060	0	1.89	0	0:01:16.491413
3080	0	1.89	0	0:01:17.100477
3100	0	1.89	0	0:01:16.175047
3120	0	1.89	0	0:01:16.682114
3140	0	1.89	0	0:01:16.407727
3160	0	1.89	0	0:01:16.956129
3180	0	1.89	0	0:01:16.963423
3200	0	1.89	0	0:01:16.894367
3220	0	1.89	0	0:01:17.200487
3240	0	1.89	0	0:01:16.748635
3260	0	1.89	0	0:01:17.364669
3280	0	1.89	0	0:01:17.358289
3300	0	1.89	0	0:01:16.774137
3320	0	1.89	0	0:01:17.023963
3340	0	1.89	0	0:01:15.003255
3360	0	1.89	0	0:01:15.434324
3380	0	1.89	0	0:01:15.022024
3400	0	1.89	0	0:01:15.759299
3420	0	1.89	0	0:01:15.270175
3440	0	1.89	0	0:01:15.981728
3460	0	1.89	0	0:01:16.632806
3480	0	1.89	0	0:01:17.134728
3500	0	1.89	0	0:01:16.716453
3520	0	1.11	0	0:01:16.671802
3540	0	1.89	0	0:01:16.504213
3560	0	1.89	0	0:01:16.553619
3580	0	1.89	0	0:01:17.051442
3600	0	1.89	0	0:01:16.766392
3620	0	1.89	0	0:01:16.554049
3640	0	1.89	0	0:01:16.845301
3660	0	1.89	0	0:01:16.891365
3680	0	1.89	0	0:01:16.206198
3700	0	1.89	0	0:01:16.308765
3720	0	1.89	0	0:01:17.206432
3740	0	1.89	0	0:01:17.215677
3760	0	1.89	0	0:01:17.181574
3780	0	1.89	0	0:01:16.790153
3800	0	1.89	0	0:01:17.116245
3820	0	1.89	0	0:01:17.122352
3840	0	1.89	0	0:01:17.132756
3860	0	1.89	0	0:01:17.349411
3880	0	1.89	0	0:01:17.272406
3900	0	1.89	0	0:01:16.759224
3920	0	1.89	0	0:01:17.251770
3940	0	1.89	0	0:01:16.508606
3960	0	1.89	0	0:01:17.022282
3980	0	1.89	0	0:01:16.330364
4000	0	1.89	0	0:01:15.847500
4020	0	1.89	0	0:01:16.532358
4040	0	1.89	0	0:01:16.610018
4060	0	1.89	0	0:01:14.935599
4080	0	1.89	0	0:01:16.862569
4100	0	1.89	0	0:01:16.637550
4120	0	1.89	0	0:01:15.163201
4140	0	1.89	0	0:01:16.067445
4160	0	1.89	0	0:01:17.119114
4180	0	1.89	0	0:01:16.907560
4200	0	1.89	0	0:01:16.768889
4220	0	1.89	0	0:01:16.905797
4240	0	1.89	0	0:01:17.696052
4260	0	1.89	0	0:01:16.580009
4280	0	1.89	0	0:01:16.526231
4300	0	1.89	0	0:01:17.329524
4320	0	1.89	0	0:01:16.517509
4340	0	1.89	0	0:01:16.845627
4360	0	1.89	0	0:01:16.983441
4380	0	1.89	0	0:01:17.147490
4400	0	1.89	0	0:01:16.894887
4420	0	1.89	0	0:01:16.610375
4440	0	1.89	0	0:01:16.590544
4460	0	1.89	0	0:01:16.050276
4480	0	1.89	0	0:01:16.025905
4500	0	1.89	0	0:01:16.386993
4520	0	1.89	0	0:01:16.524428
4540	0	1.89	0	0:01:16.071372
4560	0	1.89	0	0:01:16.886066
4580	0	1.89	0	0:01:16.461459
4600	0	1.89	0	0:01:16.840191
4620	0	1.89	0	0:01:17.206690
4640	0	1.89	0	0:01:17.050421
4660	0	1.89	0	0:01:16.961846
4680	0	1.89	0	0:01:17.469603
4700	0	1.89	0	0:01:17.739719
4720	0	1.89	0	0:01:17.824454
4740	0	1.89	0	0:01:17.274736
4760	0	1.89	0	0:01:16.335360
4780	0	1.89	0	0:01:15.844118
4800	0	1.89	0	0:01:16.031368
4820	0	1.89	0	0:01:16.204385
4840	0	1.89	0	0:01:16.020851
4860	0	1.89	0	0:01:15.617385
4880	0	1.89	0	0:01:15.899917
4900	0	1.89	0	0:01:15.724104
4920	0	1.89	0	0:01:16.492188
4940	0	1.89	0	0:01:16.568384
4960	0	1.89	0	0:01:16.717289
4980	0	1.89	0	0:01:16.683456
5000	0	1.89	0	0:01:16.978709
5020	0	1.89	0	0:01:16.470391
5040	0	1.89	0	0:01:16.412984
5060	0	1.89	0	0:01:17.500257
5080	0	1.89	0	0:01:17.004822
5100	0	1.89	0	0:01:17.451523
5120	0	1.89	0	0:01:17.023964
5140	0	1.89	0	0:01:16.555544
5160	0	1.89	0	0:01:16.769619
5180	0	1.89	0	0:01:16.867794
5200	0	1.89	0	0:01:16.479186
5220	0	1.89	0	0:01:16.391835
5240	0	1.89	0	0:01:16.158988
5260	0	1.89	0	0:01:17.229458
5280	0	1.89	0	0:01:16.715747
5300	0	1.89	0	0:01:16.441435
5320	0	0.129	0	0:01:16.212589
5340	0	1.89	0	0:01:16.676496
5360	0	1.89	0	0:01:16.992076
5380	0	1.89	0	0:01:17.227324
5400	0	1.89	0	0:01:17.198835
5420	0	1.89	0	0:01:16.601212
5440	1	0.331	1	0:01:16.211857
5460	0	1.89	0	0:01:16.495908
5480	0	1.89	0	0:01:17.408574
5500	0	1.89	0	0:01:16.320581
5520	0	1.89	0	0:01:16.829768
5540	0	1.89	0	0:01:16.675646
5560	0	1.89	0	0:01:16.992444
5580	0	1.89	0	0:01:16.806634
5600	0	1.89	0	0:01:16.732900
5620	0	1.89	0	0:01:16.361074
5640	0	1.89	0	0:01:17.132555
5660	0	1.89	0	0:01:17.299109
5680	0	1.89	0	0:01:17.157909
5700	0	1.89	0	0:01:16.796942
5720	0	1.89	0	0:01:16.624384
5740	0	1.89	0	0:01:16.914313
5760	0	1.89	0	0:01:16.669530
5780	0	1.89	0	0:01:16.879288
5800	0	1.89	0	0:01:16.468423
5820	0	1.89	0	0:01:16.933908
5840	0	1.89	0	0:01:16.416517
5860	0	1.89	0	0:01:16.612119
5880	0	1.89	0	0:01:17.372713
5900	0	1.89	0	0:01:16.745824
5920	1	0.446	1	0:01:17.271010
5940	0	1.89	0	0:01:17.110101
5960	0	1.89	0	0:01:17.005118
5980	0	1.89	0	0:01:17.454972
6000	0	1.89	0	0:01:16.858228
6020	0	1.89	0	0:01:16.924808
6040	0	1.89	0	0:01:16.371940
6060	0	1.89	0	0:01:16.129451
6080	0	1.89	0	0:01:16.044713
6100	0	1.89	0	0:01:15.881314
6120	0	1.89	0	0:01:16.836593
6140	0	1.89	0	0:01:17.157656
6160	0	1.89	0	0:01:16.883306
6180	0	1.89	0	0:01:15.712178
6200	0	1.89	0	0:01:16.871089
6220	0	1.89	0	0:01:16.522944
6240	0	1.89	0	0:01:17.359437
6260	0	1.89	0	0:01:17.648227
6280	0	1.89	0	0:01:17.622114
6300	0	1.89	0	0:01:17.859740
6320	0	1.89	0	0:01:16.586608
6340	0	1.89	0	0:01:17.412426
6360	0	1.89	0	0:01:17.179519
6380	0	1.89	0	0:01:16.590307
6400	0	1.89	0	0:01:17.894651
6420	0	1.89	0	0:01:16.907837
6440	0	1.89	0	0:01:17.419772
6460	0	1.89	0	0:01:17.080963
6480	0	1.89	0	0:01:17.705209
6500	0	1.89	0	0:01:17.114313
6520	0	1.89	0	0:01:17.220390
6540	0	1.89	0	0:01:17.355693
6560	0	1.89	0	0:01:17.300816
6580	0	1.89	0	0:01:17.901917
6600	0	1.77	0	0:01:17.290924
6620	0	1.89	0	0:01:17.171407
6640	0	1.89	0	0:01:16.905538
6660	0	1.89	0	0:01:17.350003
6680	0	1.89	0	0:01:17.447562
6700	0	1.89	0	0:01:17.345938
6720	0	1.89	0	0:01:17.097635
6740	0	1.89	0	0:01:16.992686
6760	0	1.89	0	0:01:17.631207
6780	0	1.89	0	0:01:17.136250
6800	0	1.89	0	0:01:16.819180
6820	0	1.56	0	0:01:17.237362
6840	0	1.89	0	0:01:17.203902
6860	0	1.89	0	0:01:17.055036
6880	0	1.89	0	0:01:17.878345
6900	0	1.89	0	0:01:17.511582
6920	0	1.89	0	0:01:16.842076
6940	0	1.0	0	0:01:17.072322
6960	0	1.89	0	0:01:17.358541
6980	0	1.89	0	0:01:17.505529
7000	0	1.89	0	0:01:17.375890
7020	0	1.89	0	0:01:17.722769
7040	0	1.89	0	0:01:17.225024
7060	0	1.89	0	0:01:17.283134
7080	0	1.89	0	0:01:17.732675
7100	0	1.89	0	0:01:16.854321
7120	0	1.89	0	0:01:16.809406
7140	0	1.89	0	0:01:16.646969
7160	0	1.89	0	0:01:17.348201
7180	0	1.89	0	0:01:17.041491
7200	0	1.89	0	0:01:17.502819
7220	0	1.89	0	0:01:17.807277
7240	0	1.89	0	0:01:17.606720
7260	0	1.89	0	0:01:17.361136
7280	0	1.89	0	0:01:17.753871
7300	0	1.89	0	0:01:17.385826
7320	0	1.89	0	0:01:17.302019
7340	0	1.89	0	0:01:17.698454
7360	0	1.89	0	0:01:17.736516
7380	0	1.89	0	0:01:17.359257
7400	0	1.89	0	0:01:17.051680
7420	0	1.89	0	0:01:17.352844
7440	0	1.89	0	0:01:18.082935
7460	0	1.89	0	0:01:18.009599
7480	0	1.89	0	0:01:17.217537
7500	0	1.89	0	0:01:17.796409
7520	0	1.89	0	0:01:17.965725
7540	0	1.89	0	0:01:17.554431
7560	0	1.89	0	0:01:17.358245
7580	0	1.89	0	0:01:17.070858
7600	0	1.89	0	0:01:17.227067
7620	0	1.89	0	0:01:17.192280
7640	0	1.89	0	0:01:17.319763
7660	0	1.89	0	0:01:17.424368
7680	0	1.89	0	0:01:17.087459
7700	0	1.89	0	0:01:17.903460
7720	0	1.89	0	0:01:17.460150
7740	0	1.89	0	0:01:17.344595
7760	0	1.89	0	0:01:17.203917
7780	0	1.89	0	0:01:16.982018
7800	0	1.89	0	0:01:17.344119
7820	0	1.89	0	0:01:16.771346
7840	0	1.89	0	0:01:16.463846
7860	0	1.89	0	0:01:16.708706
7880	0	1.89	0	0:01:17.291786
7900	0	1.89	0	0:01:16.845579
7920	0	1.89	0	0:01:16.961712
7940	0	1.89	0	0:01:17.011141
7960	0	1.89	0	0:01:17.000219
7980	0	1.89	0	0:01:16.729495
8000	0	1.89	0	0:01:17.674889
8020	0	1.89	0	0:01:17.136525
8040	0	1.89	0	0:01:17.846152
8060	0	1.89	0	0:01:17.744346
8080	0	1.89	0	0:01:17.390575
8100	0	1.89	0	0:01:17.895217
8120	0	1.89	0	0:01:16.833186
8140	0	1.89	0	0:01:17.349810
8160	0	1.89	0	0:01:16.720773
8180	0	1.89	0	0:01:17.592393
8200	0	1.89	0	0:01:17.451304
8220	0	1.89	0	0:01:17.432273
8240	0	1.89	0	0:01:17.380303
8260	0	1.89	0	0:01:17.059320
8280	0	1.89	0	0:01:17.225451
8300	0	1.89	0	0:01:16.889592
8320	0	1.89	0	0:01:17.834957
8340	0	1.89	0	0:01:18.100505
8360	0	1.89	0	0:01:18.598828
8380	0	1.89	0	0:01:17.586313
8400	0	1.89	0	0:01:17.841287
8420	0	1.89	0	0:01:17.166723
8440	0	1.89	0	0:01:16.729396
8460	0	1.89	0	0:01:17.965358
8480	0	1.89	0	0:01:16.915725
8500	0	1.89	0	0:01:17.025675
8520	0	1.89	0	0:01:17.131347
8540	0	1.89	0	0:01:17.062615
8560	0	1.89	0	0:01:17.410041
8580	0	1.89	0	0:01:17.356176
8600	0	1.89	0	0:01:17.892392
8620	0	1.89	0	0:01:17.059694
8640	0	1.89	0	0:01:17.265639
8660	0	1.89	0	0:01:17.669193
8680	0	1.89	0	0:01:17.511171
8700	0	1.89	0	0:01:16.642881
8720	0	1.89	0	0:01:17.380748
8740	0	1.89	0	0:01:17.331859
8760	0	1.89	0	0:01:14.902963
8780	0	1.89	0	0:01:16.504361
8800	0	1.89	0	0:01:16.763287
8820	0	1.86	0	0:01:15.839653
8840	0	1.89	0	0:01:16.444986
8860	0	1.89	0	0:01:16.894594
8880	0	1.89	0	0:01:17.367846
8900	0	1.89	0	0:01:14.447876
8920	0	1.89	0	0:01:13.805689
8940	0	1.89	0	0:01:13.860741
8960	0	1.89	0	0:01:13.809573
8980	0	1.89	0	0:01:13.752000
9000	0	1.89	0	0:01:13.784753
9020	0	1.89	0	0:01:13.860099
9040	0	1.89	0	0:01:13.884864
9060	0	1.89	0	0:01:13.990659
9080	0	1.89	0	0:01:14.020138
9100	0	1.89	0	0:01:13.958818
9120	0	1.89	0	0:01:14.173881
9140	0	1.89	0	0:01:13.861956
9160	0	1.89	0	0:01:14.026514
9180	0	1.89	0	0:01:13.901312
9200	0	1.89	0	0:01:13.927370
9220	0	1.89	0	0:01:13.897893
9240	0	1.89	0	0:01:13.777023
9260	0	1.89	0	0:01:13.861090
9280	0	1.89	0	0:01:13.710336
9300	0	1.89	0	0:01:13.882057
9320	0	1.89	0	0:01:14.056601
9340	0	1.59	0	0:01:13.993837
9360	0	1.89	0	0:01:13.799446
9380	0	1.89	0	0:01:14.015864
9400	0	1.89	0	0:01:13.854291
9420	0	1.89	0	0:01:13.860029
9440	0	1.89	0	0:01:13.830353
9460	0	1.89	0	0:01:13.926017
9480	0	1.89	0	0:01:13.835973
9500	0	1.89	0	0:01:13.922485
9520	0	1.89	0	0:01:13.797002
9540	0	1.89	0	0:01:13.909022
9560	0	1.89	0	0:01:13.789223
9580	0	1.89	0	0:01:13.882998
9600	0	1.89	0	0:01:14.050781
9620	0	1.89	0	0:01:13.787503
9640	0	1.89	0	0:01:13.795572
9660	0	1.89	0	0:01:14.288923
9680	0	1.89	0	0:01:14.197087
9700	0	1.89	0	0:01:13.968959
9720	0	1.89	0	0:01:13.805674
9740	0	1.89	0	0:01:14.238493
9760	0	1.89	0	0:01:14.013831
9780	0	1.89	0	0:01:13.788662
9800	1	0.479	1	0:01:13.820647
9820	0	1.89	0	0:01:14.002832
9840	0	1.89	0	0:01:13.249276
9860	0	1.89	0	0:01:12.901753
9880	0	1.89	0	0:01:12.914938
9900	0	1.89	0	0:01:13.094792
9920	0	1.89	0	0:01:12.959871
9940	0	1.89	0	0:01:12.991235
9960	0	1.89	0	0:01:13.038479
9980	0	1.89	0	0:01:13.159319
