idx	label	predict	radius	correct	unperturbed predict	unperturbed correct	time
0	3	6	0.325	0	6	0	0:01:15.120206
20	7	9	0.306	0	9	0	0:01:14.966023
40	4	-1	0.0	0	-1	0	0:01:14.724899
60	7	7	1.97	1	7	1	0:01:14.500137
80	8	8	2.69	1	8	1	0:01:14.527648
100	4	7	0.395	0	7	0	0:01:14.555163
120	8	8	2.61	1	8	1	0:01:14.606349
140	6	6	1.15	1	6	1	0:01:14.704177
160	2	2	0.3	1	2	1	0:01:14.707612
180	0	0	0.296	1	0	1	0:01:14.636127
200	5	3	0.712	0	3	0	0:01:14.635158
220	7	7	3.39	1	7	1	0:01:14.688493
240	1	1	2.56	1	1	1	0:01:14.774125
260	8	5	0.403	0	5	0	0:01:17.301276
280	9	9	2.27	1	9	1	0:01:16.683327
300	6	6	0.829	1	6	1	0:01:14.729485
320	3	6	0.287	0	6	0	0:01:14.719708
340	2	-1	0.0	0	6	0	0:01:14.714247
360	9	6	0.78	0	6	0	0:01:15.209990
380	6	6	1.8	1	6	1	0:01:15.082953
400	9	9	2.69	1	9	1	0:01:14.863061
420	4	6	1.93	0	6	0	0:01:14.685628
440	1	1	0.402	1	1	1	0:01:15.752945
460	5	5	1.63	1	5	1	0:01:16.121221
480	8	9	0.501	0	9	0	0:01:16.172266
500	4	6	1.61	0	6	0	0:01:17.434173
520	5	5	0.875	1	5	1	0:01:17.044986
540	1	8	0.149	0	8	0	0:01:14.849095
560	0	0	0.336	1	0	1	0:01:15.487033
580	4	6	2.86	0	6	0	0:01:14.613176
600	8	-1	0.0	0	8	1	0:01:15.809812
620	7	6	0.724	0	6	0	0:01:14.692171
640	5	-1	0.0	0	6	0	0:01:15.038973
660	9	9	2.56	1	9	1	0:01:14.520746
680	9	9	1.56	1	9	1	0:01:14.459088
700	7	7	1.4	1	7	1	0:01:14.490397
720	4	9	1.34	0	9	0	0:01:14.514956
740	2	5	0.904	0	5	0	0:01:14.560720
760	3	9	1.05	0	9	0	0:01:14.996830
780	9	9	0.749	1	9	1	0:01:14.584463
800	7	7	1.79	1	7	1	0:01:14.785093
820	6	9	0.231	0	9	0	0:01:14.714575
840	7	7	3.79	1	7	1	0:01:14.998783
860	4	6	1.67	0	6	0	0:01:15.422061
880	8	8	3.79	1	8	1	0:01:14.574622
900	2	6	1.95	0	6	0	0:01:15.130871
920	6	6	0.722	1	6	1	0:01:14.665213
940	9	1	0.121	0	1	0	0:01:15.889980
960	9	9	0.888	1	9	1	0:01:15.628382
980	2	6	3.18	0	6	0	0:01:14.609875
1000	5	5	2.65	1	5	1	0:01:14.847343
1020	1	-1	0.0	0	8	0	0:01:15.299788
1040	7	5	3.79	0	5	0	0:01:15.196767
1060	9	9	0.805	1	9	1	0:01:16.154704
1080	6	6	3.2	1	6	1	0:01:15.995359
1100	7	8	2.67	0	8	0	0:01:16.865111
1120	5	-1	0.0	0	5	1	0:01:17.920789
1140	6	6	2.22	1	6	1	0:01:16.235172
1160	8	8	1.32	1	8	1	0:01:16.465026
1180	3	9	0.121	0	9	0	0:01:16.158297
1200	8	8	0.824	1	8	1	0:01:15.998037
1220	9	6	0.119	0	6	0	0:01:15.864351
1240	2	6	3.34	0	6	0	0:01:15.845189
1260	1	9	1.68	0	9	0	0:01:15.930074
1280	3	7	1.19	0	7	0	0:01:17.986542
1300	4	6	2.85	0	6	0	0:01:16.627553
1320	7	7	1.02	1	7	1	0:01:14.497708
1340	1	1	0.639	1	1	1	0:01:14.949708
1360	7	7	0.323	1	7	1	0:01:14.668112
1380	4	5	0.553	0	5	0	0:01:15.373327
1400	5	6	0.266	0	6	0	0:01:14.738439
1420	4	6	1.14	0	6	0	0:01:14.635742
1440	0	0	0.85	1	0	1	0:01:14.538638
1460	6	6	1.48	1	6	1	0:01:14.424057
1480	1	1	0.669	1	1	1	0:01:14.514444
1500	1	9	2.36	0	9	0	0:01:14.604260
1520	7	6	0.957	0	6	0	0:01:14.946373
1540	8	8	2.12	1	8	1	0:01:14.546007
1560	7	7	3.79	1	7	1	0:01:14.625139
1580	6	9	0.000281	0	9	0	0:01:14.500800
1600	8	9	0.458	0	9	0	0:01:14.698660
1620	5	8	0.129	0	8	0	0:01:14.670970
1640	7	5	1.52	0	5	0	0:01:14.559367
1660	3	5	1.37	0	5	0	0:01:14.500585
1680	6	6	3.31	1	6	1	0:01:14.749724
1700	5	2	0.0804	0	2	0	0:01:14.920048
1720	4	-1	0.0	0	2	0	0:01:14.755821
1740	1	9	0.661	0	9	0	0:01:14.728227
1760	0	8	1.89	0	8	0	0:01:14.546477
1780	7	8	0.512	0	8	0	0:01:14.639399
1800	4	8	2.09	0	8	0	0:01:14.880661
1820	8	-1	0.0	0	-1	0	0:01:14.570647
1840	8	-1	0.0	0	9	0	0:01:15.148031
1860	8	8	1.51	1	8	1	0:01:14.464230
1880	1	1	1.36	1	1	1	0:01:14.561698
1900	8	8	3.79	1	8	1	0:01:14.710608
1920	2	7	0.351	0	7	0	0:01:14.854010
1940	5	2	1.74	0	2	0	0:01:14.994984
1960	2	5	1.18	0	5	0	0:01:15.130507
1980	9	9	1.63	1	9	1	0:01:14.504381
2000	1	6	0.532	0	6	0	0:01:14.900352
2020	9	9	2.91	1	9	1	0:01:14.854205
2040	0	8	2.22	0	8	0	0:01:15.022801
2060	5	5	2.74	1	5	1	0:01:14.639525
2080	1	1	0.846	1	1	1	0:01:14.616076
2100	2	-1	0.0	0	6	0	0:01:14.647806
2120	4	8	0.879	0	8	0	0:01:14.797738
2140	9	9	2.76	1	9	1	0:01:14.669098
2160	0	8	3.28	0	8	0	0:01:14.953554
2180	4	6	2.53	0	6	0	0:01:14.827670
2200	0	0	3.31	1	0	1	0:01:14.600567
2220	1	1	1.47	1	1	1	0:01:14.543682
2240	9	9	2.97	1	9	1	0:01:14.547340
2260	4	7	0.562	0	7	0	0:01:14.589826
2280	4	8	1.13	0	8	0	0:01:14.795051
2300	3	6	2.26	0	6	0	0:01:14.603487
2320	5	8	0.156	0	8	0	0:01:14.759757
2340	7	7	1.05	1	7	1	0:01:14.885266
2360	7	7	1.08	1	7	1	0:01:15.043551
2380	8	8	3.63	1	8	1	0:01:14.621294
2400	0	0	1.86	1	0	1	0:01:14.566692
2420	8	-1	0.0	0	1	0	0:01:14.682936
2440	7	-1	0.0	0	-1	0	0:01:14.687041
2460	9	9	0.987	1	9	1	0:01:14.536234
2480	8	8	1.53	1	8	1	0:01:14.578609
2500	4	6	2.74	0	6	0	0:01:14.910630
2520	1	8	0.817	0	8	0	0:01:14.567637
2540	2	3	0.0236	0	3	0	0:01:14.552094
2560	7	-1	0.0	0	-1	0	0:01:15.080431
2580	6	7	0.649	0	7	0	0:01:14.435474
2600	8	8	3.53	1	8	1	0:01:14.468553
2620	1	1	0.39	1	1	1	0:01:15.078447
2640	7	7	1.93	1	7	1	0:01:14.472342
2660	3	-1	0.0	0	0	0	0:01:15.054247
2680	0	0	2.12	1	0	1	0:01:14.587273
2700	9	-1	0.0	0	9	1	0:01:14.450119
2720	3	6	0.895	0	6	0	0:01:14.810559
2740	1	9	0.048	0	9	0	0:01:14.725708
2760	2	6	1.6	0	6	0	0:01:14.523451
2780	7	7	3.31	1	7	1	0:01:14.525617
2800	4	6	1.85	0	6	0	0:01:14.450593
2820	6	6	3.17	1	6	1	0:01:14.656035
2840	3	3	2.09	1	3	1	0:01:14.745007
2860	5	6	0.643	0	6	0	0:01:14.557158
2880	4	-1	0.0	0	4	1	0:01:14.522063
2900	3	5	1.94	0	5	0	0:01:14.602736
2920	2	-1	0.0	0	5	0	0:01:15.100126
2940	3	8	1.9	0	8	0	0:01:14.758291
2960	9	7	0.821	0	7	0	0:01:14.697098
2980	8	1	1.81	0	1	0	0:01:14.661422
3000	5	5	3.0	1	5	1	0:01:14.891719
3020	1	1	1.54	1	1	1	0:01:14.693292
3040	7	7	3.79	1	7	1	0:01:15.060951
3060	7	7	2.69	1	7	1	0:01:14.612186
3080	1	7	0.28	0	7	0	0:01:14.512417
3100	0	0	2.12	1	0	1	0:01:14.532582
3120	4	6	2.83	0	6	0	0:01:14.572431
3140	8	8	2.1	1	8	1	0:01:14.607032
3160	6	4	0.305	0	4	0	0:01:14.761753
3180	3	-1	0.0	0	8	0	0:01:14.996714
3200	5	1	0.352	0	1	0	0:01:14.599105
3220	3	9	0.377	0	9	0	0:01:14.603678
3240	4	-1	0.0	0	6	0	0:01:14.612724
3260	7	7	1.27	1	7	1	0:01:14.571841
3280	3	5	0.743	0	5	0	0:01:14.693424
3300	4	6	0.0573	0	6	0	0:01:14.866078
3320	2	-1	0.0	0	9	0	0:01:14.454130
3340	6	6	1.25	1	6	1	0:01:14.518990
3360	4	6	1.96	0	6	0	0:01:14.503462
3380	8	8	0.538	1	8	1	0:01:14.601898
3400	6	6	1.1	1	6	1	0:01:14.923502
3420	5	6	1.98	0	6	0	0:01:14.577090
3440	2	9	0.214	0	9	0	0:01:14.599965
3460	1	1	2.32	1	1	1	0:01:14.723902
3480	2	2	2.53	1	2	1	0:01:14.779184
3500	1	1	1.21	1	1	1	0:01:14.622902
3520	1	1	1.82	1	1	1	0:01:14.559177
3540	6	6	1.17	1	6	1	0:01:14.574502
3560	1	8	0.52	0	8	0	0:01:15.159080
3580	4	1	0.373	0	1	0	0:01:14.741210
3600	4	-1	0.0	0	6	0	0:01:14.863466
3620	0	-1	0.0	0	-1	0	0:01:14.501171
3640	6	-1	0.0	0	2	0	0:01:14.600652
3660	0	8	1.99	0	8	0	0:01:14.703610
3680	0	-1	0.0	0	7	0	0:01:14.637379
3700	3	-1	0.0	0	-1	0	0:01:14.602396
3720	2	2	0.583	1	2	1	0:01:14.657809
3740	0	0	0.774	1	0	1	0:01:14.904310
3760	7	7	3.79	1	7	1	0:01:14.956507
3780	4	6	2.43	0	6	0	0:01:14.614097
3800	9	9	0.714	1	9	1	0:01:14.753513
3820	0	0	1.21	1	0	1	0:01:14.612754
3840	6	5	0.562	0	5	0	0:01:14.601207
3860	7	7	1.53	1	7	1	0:01:14.541374
3880	6	7	1.34	0	7	0	0:01:14.964305
3900	3	0	0.337	0	0	0	0:01:14.611319
3920	7	8	0.972	0	8	0	0:01:14.722203
3940	6	6	1.94	1	6	1	0:01:14.708929
3960	2	5	1.26	0	5	0	0:01:14.524682
3980	9	9	0.199	1	9	1	0:01:14.583603
4000	8	7	0.188	0	7	0	0:01:14.676831
4020	8	8	2.22	1	8	1	0:01:14.755128
4040	0	8	0.882	0	8	0	0:01:14.584824
4060	6	6	1.63	1	6	1	0:01:14.730463
4080	1	8	0.766	0	8	0	0:01:14.614093
4100	7	7	3.06	1	7	1	0:01:14.603320
4120	4	0	2.09	0	0	0	0:01:14.713827
4140	5	3	0.355	0	3	0	0:01:14.697710
4160	5	-1	0.0	0	2	0	0:01:14.854305
4180	0	0	0.419	1	0	1	0:01:14.976499
4200	4	6	1.91	0	6	0	0:01:14.927334
4220	4	0	3.79	0	0	0	0:01:14.853525
4240	7	8	0.535	0	8	0	0:01:14.995544
4260	8	8	1.59	1	8	1	0:01:14.655352
4280	8	8	1.66	1	8	1	0:01:15.003349
4300	8	8	2.18	1	8	1	0:01:14.899469
4320	1	8	3.48	0	8	0	0:01:14.657218
4340	0	0	0.103	1	0	1	0:01:14.907645
4360	6	6	0.461	1	6	1	0:01:14.530549
4380	9	9	1.37	1	9	1	0:01:14.571687
4400	3	6	1.23	0	6	0	0:01:14.533810
4420	5	8	1.09	0	8	0	0:01:14.527132
4440	2	6	2.01	0	6	0	0:01:14.494841
4460	9	8	0.462	0	8	0	0:01:14.699302
4480	9	6	0.0759	0	6	0	0:01:14.619299
4500	3	-1	0.0	0	7	0	0:01:14.359810
4520	3	6	1.38	0	6	0	0:01:14.333694
4540	9	9	3.79	1	9	1	0:01:14.467699
4560	1	1	1.69	1	1	1	0:01:14.453800
4580	6	6	2.46	1	6	1	0:01:14.640748
4600	4	7	0.279	0	7	0	0:01:14.899189
4620	7	-1	0.0	0	3	0	0:01:14.382246
4640	2	-1	0.0	0	5	0	0:01:14.348897
4660	7	6	0.579	0	6	0	0:01:14.427516
4680	9	9	0.152	1	9	1	0:01:14.469792
4700	6	1	0.0456	0	1	0	0:01:14.780222
4720	8	8	2.15	1	8	1	0:01:14.645531
4740	5	6	0.0382	0	6	0	0:01:14.530955
4760	3	-1	0.0	0	-1	0	0:01:14.473788
4780	0	8	0.158	0	8	0	0:01:14.617369
4800	9	9	3.63	1	9	1	0:01:14.491948
4820	3	5	0.692	0	5	0	0:01:14.570264
4840	0	0	2.65	1	0	1	0:01:14.520555
4860	5	5	2.31	1	5	1	0:01:14.502360
4880	0	2	1.24	0	2	0	0:01:14.500230
4900	3	6	0.54	0	6	0	0:01:14.577044
4920	7	7	1.3	1	7	1	0:01:14.537671
4940	6	6	2.52	1	6	1	0:01:14.506925
4960	4	6	1.99	0	6	0	0:01:14.521134
4980	1	9	2.6	0	9	0	0:01:14.832966
5000	7	7	3.79	1	7	1	0:01:14.846049
5020	8	8	1.26	1	8	1	0:01:14.424004
5040	3	7	1.0	0	7	0	0:01:14.377072
5060	6	6	2.17	1	6	1	0:01:14.461825
5080	7	7	2.85	1	7	1	0:01:14.856804
5100	3	7	0.192	0	7	0	0:01:14.480371
5120	9	8	1.55	0	8	0	0:01:14.447805
5140	8	8	1.89	1	8	1	0:01:14.388154
5160	0	8	2.85	0	8	0	0:01:14.754918
5180	9	-1	0.0	0	6	0	0:01:14.430791
5200	3	3	3.07	1	3	1	0:01:14.464289
5220	0	0	2.25	1	0	1	0:01:14.430652
5240	1	9	0.521	0	9	0	0:01:14.449570
5260	0	0	3.22	1	0	1	0:01:14.456282
5280	0	8	1.7	0	8	0	0:01:14.490429
5300	9	1	0.856	0	1	0	0:01:14.534496
5320	7	7	2.53	1	7	1	0:01:14.819380
5340	3	7	0.345	0	7	0	0:01:14.803432
5360	9	9	2.56	1	9	1	0:01:14.573847
5380	1	9	2.85	0	9	0	0:01:14.381288
5400	9	9	0.128	1	9	1	0:01:14.396878
5420	6	6	1.15	1	6	1	0:01:14.477585
5440	9	9	0.66	1	9	1	0:01:14.850406
5460	0	5	0.112	0	5	0	0:01:14.388425
5480	1	-1	0.0	0	8	0	0:01:14.418602
5500	8	8	0.433	1	8	1	0:01:14.440227
5520	4	-1	0.0	0	-1	0	0:01:14.401412
5540	5	6	0.724	0	6	0	0:01:14.468671
5560	3	6	0.695	0	6	0	0:01:14.440135
5580	5	6	1.34	0	6	0	0:01:14.391395
5600	6	8	0.0648	0	8	0	0:01:14.491356
5620	3	6	2.51	0	6	0	0:01:14.387818
5640	2	2	1.07	1	2	1	0:01:14.399670
5660	9	9	0.628	1	9	1	0:01:14.467263
5680	2	-1	0.0	0	3	0	0:01:14.430351
5700	3	-1	0.0	0	6	0	0:01:14.357012
5720	9	9	2.66	1	9	1	0:01:14.466123
5740	6	6	3.43	1	6	1	0:01:14.465236
5760	2	6	1.05	0	6	0	0:01:14.408248
5780	7	7	1.74	1	7	1	0:01:14.475347
5800	2	6	1.14	0	6	0	0:01:14.441262
5820	5	6	0.624	0	6	0	0:01:14.511686
5840	2	6	1.1	0	6	0	0:01:14.609093
5860	0	8	1.25	0	8	0	0:01:14.917033
5880	0	8	0.543	0	8	0	0:01:14.507618
5900	4	-1	0.0	0	5	0	0:01:14.559072
5920	8	8	3.67	1	8	1	0:01:14.782940
5940	7	7	1.03	1	7	1	0:01:14.455658
5960	2	6	0.419	0	6	0	0:01:14.421845
5980	9	9	1.21	1	9	1	0:01:14.394884
6000	8	8	0.983	1	8	1	0:01:14.713349
6020	6	6	1.14	1	6	1	0:01:14.522318
6040	2	-1	0.0	0	1	0	0:01:14.441784
6060	3	6	0.821	0	6	0	0:01:14.392057
6080	1	9	0.107	0	9	0	0:01:14.443139
6100	1	1	1.09	1	1	1	0:01:14.709103
6120	5	5	3.19	1	5	1	0:01:14.711709
6140	9	9	1.83	1	9	1	0:01:14.880939
6160	2	5	1.11	0	5	0	0:01:14.547828
6180	0	8	0.725	0	8	0	0:01:14.397717
6200	3	0	0.079	0	0	0	0:01:14.507331
6220	2	6	2.3	0	6	0	0:01:14.429502
6240	2	6	0.862	0	6	0	0:01:14.242260
6260	2	9	0.395	0	9	0	0:01:14.207809
6280	8	5	0.285	0	5	0	0:01:14.266742
6300	1	-1	0.0	0	-1	0	0:01:14.267051
6320	0	0	2.22	1	0	1	0:01:14.409643
6340	3	-1	0.0	0	3	1	0:01:14.355655
6360	2	6	1.83	0	6	0	0:01:14.312128
6380	3	6	0.612	0	6	0	0:01:14.192433
6400	0	1	1.21	0	1	0	0:01:14.433993
6420	7	-1	0.0	0	8	0	0:01:14.199363
6440	3	8	1.16	0	8	0	0:01:14.144339
6460	3	1	0.364	0	1	0	0:01:14.172753
6480	0	0	0.357	1	0	1	0:01:14.088605
6500	7	-1	0.0	0	0	0	0:01:14.110895
6520	6	6	1.63	1	6	1	0:01:14.168478
6540	8	8	1.99	1	8	1	0:01:14.125800
6560	6	6	2.74	1	6	1	0:01:14.063996
6580	1	-1	0.0	0	2	0	0:01:14.178078
6600	7	7	3.79	1	7	1	0:01:14.017656
6620	7	7	1.81	1	7	1	0:01:14.086630
6640	5	3	0.498	0	3	0	0:01:14.088147
6660	0	8	0.116	0	8	0	0:01:14.143457
6680	3	5	0.251	0	5	0	0:01:14.157306
6700	6	6	0.768	1	6	1	0:01:14.280356
6720	2	6	1.96	0	6	0	0:01:14.341453
6740	2	6	2.86	0	6	0	0:01:14.263130
6760	5	5	0.768	1	5	1	0:01:14.196521
6780	7	7	3.05	1	7	1	0:01:14.255776
6800	6	6	2.66	1	6	1	0:01:14.405051
6820	1	1	2.04	1	1	1	0:01:14.204221
6840	9	9	0.787	1	9	1	0:01:14.501982
6860	0	0	3.13	1	0	1	0:01:14.350803
6880	2	6	0.275	0	6	0	0:01:14.409514
6900	3	7	1.61	0	7	0	0:01:14.138607
6920	5	6	1.43	0	6	0	0:01:14.161690
6940	1	1	3.48	1	1	1	0:01:14.187711
6960	9	8	1.73	0	8	0	0:01:14.183631
6980	0	9	0.663	0	9	0	0:01:14.246229
7000	2	-1	0.0	0	8	0	0:01:14.601442
7020	7	7	0.804	1	7	1	0:01:14.362852
7040	7	8	1.45	0	8	0	0:01:14.393697
7060	8	8	1.29	1	8	1	0:01:14.366772
7080	5	-1	0.0	0	7	0	0:01:14.568271
7100	9	9	0.199	1	9	1	0:01:14.344854
7120	7	7	2.52	1	7	1	0:01:14.837338
7140	4	-1	0.0	0	1	0	0:01:14.253394
7160	5	7	0.858	0	7	0	0:01:14.213913
7180	6	6	3.26	1	6	1	0:01:14.214996
7200	4	6	1.45	0	6	0	0:01:14.203631
7220	9	8	0.342	0	8	0	0:01:14.274581
7240	0	8	1.91	0	8	0	0:01:14.228316
7260	1	8	1.57	0	8	0	0:01:14.142830
7280	1	1	0.55	1	1	1	0:01:14.265603
7300	3	7	0.973	0	7	0	0:01:14.471572
7320	8	8	1.01	1	8	1	0:01:14.158086
7340	2	7	0.395	0	7	0	0:01:14.146621
7360	2	-1	0.0	0	7	0	0:01:14.180207
7380	7	-1	0.0	0	1	0	0:01:14.323658
7400	3	9	0.887	0	9	0	0:01:14.006789
7420	3	0	2.53	0	0	0	0:01:14.494707
7440	3	6	0.884	0	6	0	0:01:14.070628
7460	5	5	3.6	1	5	1	0:01:14.042042
7480	1	5	0.0674	0	5	0	0:01:14.104362
7500	6	6	1.99	1	6	1	0:01:14.071438
7520	4	6	2.56	0	6	0	0:01:14.029815
7540	5	5	3.79	1	5	1	0:01:14.084692
7560	0	6	0.398	0	6	0	0:01:14.431345
7580	8	8	1.28	1	8	1	0:01:14.097513
7600	8	9	1.26	0	9	0	0:01:14.110837
7620	5	5	0.313	1	5	1	0:01:14.125810
7640	9	9	0.807	1	9	1	0:01:14.268121
7660	7	9	0.197	0	9	0	0:01:14.355884
7680	3	9	0.844	0	9	0	0:01:14.269816
7700	6	6	3.05	1	6	1	0:01:14.220293
7720	5	5	0.393	1	5	1	0:01:14.122559
7740	4	6	1.97	0	6	0	0:01:14.210921
7760	2	9	0.775	0	9	0	0:01:14.180092
7780	3	8	0.00765	0	8	0	0:01:14.071394
7800	0	0	1.65	1	0	1	0:01:14.168940
7820	5	8	1.11	0	8	0	0:01:14.135675
7840	1	1	3.55	1	1	1	0:01:14.184316
7860	8	1	0.451	0	1	0	0:01:14.269934
7880	0	8	2.3	0	8	0	0:01:14.255653
7900	0	8	1.43	0	8	0	0:01:14.706689
7920	9	8	1.32	0	8	0	0:01:14.278362
7940	2	6	3.04	0	6	0	0:01:14.306014
7960	0	0	0.261	1	0	1	0:01:14.305676
7980	3	7	0.542	0	7	0	0:01:14.189240
8000	9	9	1.47	1	9	1	0:01:14.099634
8020	6	6	2.13	1	6	1	0:01:14.091845
8040	2	6	1.65	0	6	0	0:01:14.451592
8060	6	6	1.94	1	6	1	0:01:14.276378
8080	4	6	2.19	0	6	0	0:01:14.422500
8100	6	6	1.61	1	6	1	0:01:14.100863
8120	8	9	0.207	0	9	0	0:01:14.212669
8140	5	6	1.35	0	6	0	0:01:14.470513
8160	6	6	0.0397	1	6	1	0:01:14.206458
8180	4	6	3.79	0	6	0	0:01:14.161198
8200	3	6	0.387	0	6	0	0:01:14.187518
8220	6	6	0.582	1	6	1	0:01:14.500388
8240	7	7	3.16	1	7	1	0:01:14.349277
8260	1	1	1.72	1	1	1	0:01:14.444075
8280	4	-1	0.0	0	3	0	0:01:14.300145
8300	5	6	0.327	0	6	0	0:01:14.144497
8320	7	-1	0.0	0	6	0	0:01:14.182259
8340	5	5	0.15	1	5	1	0:01:14.053097
8360	7	7	0.358	1	7	1	0:01:14.166602
8380	9	8	1.4	0	8	0	0:01:14.392558
8400	0	8	2.43	0	8	0	0:01:14.239183
8420	3	6	2.55	0	6	0	0:01:14.108725
8440	5	-1	0.0	0	5	1	0:01:14.114667
8460	8	8	3.58	1	8	1	0:01:14.500884
8480	2	-1	0.0	0	-1	0	0:01:14.147786
8500	4	-1	0.0	0	-1	0	0:01:14.200229
8520	8	6	0.23	0	6	0	0:01:14.170383
8540	4	6	2.71	0	6	0	0:01:14.617649
8560	7	7	2.2	1	7	1	0:01:14.264067
8580	3	0	0.976	0	0	0	0:01:14.423272
8600	3	7	1.13	0	7	0	0:01:14.264948
8620	3	-1	0.0	0	1	0	0:01:14.248869
8640	1	1	3.08	1	1	1	0:01:14.225332
8660	7	5	2.69	0	5	0	0:01:14.253628
8680	3	-1	0.0	0	1	0	0:01:14.089735
8700	3	3	0.885	1	3	1	0:01:14.567867
8720	2	0	2.7	0	0	0	0:01:14.432435
8740	2	6	1.68	0	6	0	0:01:14.129099
8760	8	8	0.344	1	8	1	0:01:14.199018
8780	4	6	0.952	0	6	0	0:01:14.269348
8800	0	0	3.79	1	0	1	0:01:14.324892
8820	2	2	1.88	1	2	1	0:01:14.220526
8840	2	1	1.83	0	1	0	0:01:14.166119
8860	2	2	0.212	1	2	1	0:01:14.166961
8880	1	1	0.919	1	1	1	0:01:14.168988
8900	2	6	0.449	0	6	0	0:01:14.433887
8920	6	6	3.22	1	6	1	0:01:14.194772
8940	6	6	0.0732	1	6	1	0:01:14.310750
8960	0	0	3.79	1	0	1	0:01:14.047150
8980	9	9	1.88	1	9	1	0:01:14.111432
9000	8	8	2.95	1	8	1	0:01:14.014076
9020	7	9	0.276	0	9	0	0:01:14.272522
9040	2	5	2.42	0	5	0	0:01:14.175120
9060	9	5	1.06	0	5	0	0:01:14.830724
9080	3	0	0.765	0	0	0	0:01:14.443241
9100	9	6	1.11	0	6	0	0:01:14.180359
9120	3	6	0.127	0	6	0	0:01:14.640105
9140	7	-1	0.0	0	6	0	0:01:14.637178
9160	5	5	0.182	1	5	1	0:01:14.129000
9180	5	5	3.79	1	5	1	0:01:14.701769
9200	8	8	3.79	1	8	1	0:01:14.659216
9220	8	8	3.79	1	8	1	0:01:14.140120
9240	8	8	1.29	1	8	1	0:01:15.089861
9260	5	5	0.59	1	5	1	0:01:14.706709
9280	9	-1	0.0	0	-1	0	0:01:15.117961
9300	5	5	0.672	1	5	1	0:01:14.839839
9320	9	9	0.563	1	9	1	0:01:14.978319
9340	1	1	2.28	1	1	1	0:01:15.013691
9360	5	6	0.0504	0	6	0	0:01:14.808627
9380	5	5	1.46	1	5	1	0:01:14.753644
9400	6	6	2.24	1	6	1	0:01:16.561770
9420	5	-1	0.0	0	-1	0	0:01:15.101727
9440	8	8	3.16	1	8	1	0:01:14.871532
9460	3	6	0.867	0	6	0	0:01:14.970989
9480	2	6	1.35	0	6	0	0:01:15.004722
9500	9	-1	0.0	0	1	0	0:01:14.713497
9520	1	9	1.3	0	9	0	0:01:15.320755
9540	5	5	0.723	1	5	1	0:01:14.712336
9560	9	7	2.84	0	7	0	0:01:14.740306
9580	1	1	0.211	1	1	1	0:01:15.216854
9600	8	8	3.79	1	8	1	0:01:14.738615
9620	4	7	0.625	0	7	0	0:01:15.219184
9640	5	6	0.134	0	6	0	0:01:14.992433
9660	6	6	0.439	1	6	1	0:01:14.786207
9680	8	8	1.71	1	8	1	0:01:15.010991
9700	0	0	2.12	1	0	1	0:01:14.977140
9720	8	-1	0.0	0	6	0	0:01:14.720719
9740	3	6	2.84	0	6	0	0:01:14.949340
9760	9	9	1.62	1	9	1	0:01:15.277561
9780	4	6	3.51	0	6	0	0:01:14.716386
9800	1	1	2.82	1	1	1	0:01:15.272245
9820	0	-1	0.0	0	-1	0	0:01:14.993868
9840	4	3	0.597	0	3	0	0:01:14.742623
9860	0	8	0.448	0	8	0	0:01:15.318140
9880	7	7	2.8	1	7	1	0:01:14.747564
9900	8	0	1.41	0	0	0	0:01:15.032345
9920	6	6	3.58	1	6	1	0:01:14.971761
9940	4	-1	0.0	0	-1	0	0:01:15.067490
9960	2	0	3.12	0	0	0	0:01:14.969318
9980	0	0	2.28	1	0	1	0:01:14.975296
