idx	predict	radius	unperturbed predict	time
0	0	0.577	0	0:01:15.120206
20	0	0.161	0	0:01:14.966023
40	1	0.308	1	0:01:14.724899
60	1	1.85	1	0:01:14.500137
80	1	0.914	1	0:01:14.527648
100	1	0.484	1	0:01:14.555163
120	1	0.866	1	0:01:14.606349
140	0	0.505	0	0:01:14.704177
160	1	0.57	1	0:01:14.707612
180	1	0.729	1	0:01:14.636127
200	0	0.803	0	0:01:14.635158
220	1	2.89	1	0:01:14.688493
240	1	2.79	1	0:01:14.774125
260	1	1.04	1	0:01:17.301276
280	1	2.57	1	0:01:16.683327
300	0	0.92	0	0:01:14.729485
320	0	0.122	0	0:01:14.719708
340	1	0.104	1	0:01:14.714247
360	0	0.839	0	0:01:15.209990
380	0	0.267	0	0:01:15.082953
400	0	0.386	0	0:01:14.863061
420	0	1.63	0	0:01:14.685628
440	1	1.17	1	0:01:15.752945
460	0	0.117	0	0:01:16.121221
480	1	1.27	1	0:01:16.172266
500	0	0.182	0	0:01:17.434173
520	1	0.438	1	0:01:17.044986
540	1	1.81	1	0:01:14.849095
560	1	1.17	1	0:01:15.487033
580	0	0.039	0	0:01:14.613176
600	0	0.392	0	0:01:15.809812
620	0	0.703	0	0:01:14.692171
640	1	0.258	1	0:01:15.038973
660	1	0.639	1	0:01:14.520746
680	0	0.753	0	0:01:14.459088
700	1	1.6	1	0:01:14.490397
720	0	0.333	0	0:01:14.514956
740	1	0.815	1	0:01:14.560720
760	0	0.68	0	0:01:14.996830
780	1	0.743	1	0:01:14.584463
800	1	2.31	1	0:01:14.785093
820	0	0.41	0	0:01:14.714575
840	1	3.63	1	0:01:14.998783
860	0	0.393	0	0:01:15.422061
880	1	3.51	1	0:01:14.574622
900	0	0.222	0	0:01:15.130871
920	1	0.352	1	0:01:14.665213
940	1	1.6	1	0:01:15.889980
960	1	0.16	1	0:01:15.628382
980	1	0.235	1	0:01:14.609875
1000	1	2.02	1	0:01:14.847343
1020	1	1.76	1	0:01:15.299788
1040	1	3.03	1	0:01:15.196767
1060	1	0.109	1	0:01:16.154704
1080	1	1.94	1	0:01:15.995359
1100	1	0.635	1	0:01:16.865111
1120	1	0.0771	1	0:01:17.920789
1140	0	0.53	0	0:01:16.235172
1160	1	1.45	1	0:01:16.465026
1180	0	1.39	0	0:01:16.158297
1200	1	2.18	1	0:01:15.998037
1220	0	0.0142	-1	0:01:15.864351
1240	1	0.111	1	0:01:15.845189
1260	1	1.09	1	0:01:15.930074
1280	1	1.23	1	0:01:17.986542
1300	0	1.81	0	0:01:16.627553
1320	1	1.04	1	0:01:14.497708
1340	1	0.7	1	0:01:14.949708
1360	1	0.765	1	0:01:14.668112
1380	-1	0.0	1	0:01:15.373327
1400	0	0.422	0	0:01:14.738439
1420	0	0.935	0	0:01:14.635742
1440	1	0.292	1	0:01:14.538638
1460	0	0.408	0	0:01:14.424057
1480	1	0.398	1	0:01:14.514444
1500	1	2.09	1	0:01:14.604260
1520	0	0.979	0	0:01:14.946373
1540	1	1.19	1	0:01:14.546007
1560	1	3.79	1	0:01:14.625139
1580	1	0.573	1	0:01:14.500800
1600	1	0.29	1	0:01:14.698660
1620	0	0.373	0	0:01:14.670970
1640	1	1.04	1	0:01:14.559367
1660	0	0.551	0	0:01:14.500585
1680	1	1.39	1	0:01:14.749724
1700	1	0.282	1	0:01:14.920048
1720	1	0.202	1	0:01:14.755821
1740	1	1.37	1	0:01:14.728227
1760	-1	0.0	-1	0:01:14.546477
1780	0	1.04	0	0:01:14.639399
1800	1	0.282	1	0:01:14.880661
1820	1	1.17	1	0:01:14.570647
1840	1	0.158	1	0:01:15.148031
1860	1	1.66	1	0:01:14.464230
1880	1	1.43	1	0:01:14.561698
1900	1	2.92	1	0:01:14.710608
1920	1	0.386	1	0:01:14.854010
1940	1	0.146	1	0:01:14.994984
1960	1	1.47	1	0:01:15.130507
1980	1	1.76	1	0:01:14.504381
2000	0	0.208	0	0:01:14.900352
2020	1	2.65	1	0:01:14.854205
2040	1	2.62	1	0:01:15.022801
2060	1	1.08	1	0:01:14.639525
2080	1	0.692	1	0:01:14.616076
2100	0	0.139	0	0:01:14.647806
2120	-1	0.0	0	0:01:14.797738
2140	1	2.23	1	0:01:14.669098
2160	1	1.81	1	0:01:14.953554
2180	1	0.258	1	0:01:14.827670
2200	1	2.01	1	0:01:14.600567
2220	1	1.76	1	0:01:14.543682
2240	1	0.54	1	0:01:14.547340
2260	1	0.372	1	0:01:14.589826
2280	0	0.639	0	0:01:14.795051
2300	0	0.718	0	0:01:14.603487
2320	0	0.589	0	0:01:14.759757
2340	1	1.66	1	0:01:14.885266
2360	1	1.09	1	0:01:15.043551
2380	1	1.88	1	0:01:14.621294
2400	0	0.0489	0	0:01:14.566692
2420	1	0.078	1	0:01:14.682936
2440	1	0.605	1	0:01:14.687041
2460	0	1.73	0	0:01:14.536234
2480	1	1.18	1	0:01:14.578609
2500	1	0.426	1	0:01:14.910630
2520	1	0.816	1	0:01:14.567637
2540	1	0.0531	1	0:01:14.552094
2560	-1	0.0	0	0:01:15.080431
2580	1	0.489	1	0:01:14.435474
2600	1	2.0	1	0:01:14.468553
2620	1	0.093	1	0:01:15.078447
2640	1	1.89	1	0:01:14.472342
2660	0	0.574	0	0:01:15.054247
2680	1	3.2	1	0:01:14.587273
2700	1	0.594	1	0:01:14.450119
2720	0	0.866	0	0:01:14.810559
2740	0	0.598	0	0:01:14.725708
2760	0	0.621	0	0:01:14.523451
2780	1	3.46	1	0:01:14.525617
2800	0	0.446	0	0:01:14.450593
2820	-1	0.0	0	0:01:14.656035
2840	1	0.932	1	0:01:14.745007
2860	0	0.841	0	0:01:14.557158
2880	1	1.22	1	0:01:14.522063
2900	1	0.311	1	0:01:14.602736
2920	0	0.512	0	0:01:15.100126
2940	1	0.246	1	0:01:14.758291
2960	-1	0.0	1	0:01:14.697098
2980	1	1.08	1	0:01:14.661422
3000	1	2.79	1	0:01:14.891719
3020	1	1.89	1	0:01:14.693292
3040	1	3.79	1	0:01:15.060951
3060	1	1.99	1	0:01:14.612186
3080	1	0.266	1	0:01:14.512417
3100	1	1.09	1	0:01:14.532582
3120	0	0.254	0	0:01:14.572431
3140	1	0.917	1	0:01:14.607032
3160	-1	0.0	1	0:01:14.761753
3180	0	0.476	0	0:01:14.996714
3200	1	0.00392	-1	0:01:14.599105
3220	0	0.901	0	0:01:14.603678
3240	-1	0.0	0	0:01:14.612724
3260	1	1.41	1	0:01:14.571841
3280	1	0.301	1	0:01:14.693424
3300	0	0.207	0	0:01:14.866078
3320	0	0.36	0	0:01:14.454130
3340	0	0.801	0	0:01:14.518990
3360	0	0.307	0	0:01:14.503462
3380	1	0.154	1	0:01:14.601898
3400	0	1.08	0	0:01:14.923502
3420	0	2.03	0	0:01:14.577090
3440	0	1.16	0	0:01:14.599965
3460	1	0.887	1	0:01:14.723902
3480	1	2.9	1	0:01:14.779184
3500	1	0.431	1	0:01:14.622902
3520	1	2.41	1	0:01:14.559177
3540	0	0.266	0	0:01:14.574502
3560	0	0.22	0	0:01:15.159080
3580	0	0.411	0	0:01:14.741210
3600	0	0.159	0	0:01:14.863466
3620	1	0.21	1	0:01:14.501171
3640	1	0.517	1	0:01:14.600652
3660	1	1.36	1	0:01:14.703610
3680	0	0.13	0	0:01:14.637379
3700	1	0.802	1	0:01:14.602396
3720	1	1.17	1	0:01:14.657809
3740	1	2.39	1	0:01:14.904310
3760	1	3.67	1	0:01:14.956507
3780	0	0.471	0	0:01:14.614097
3800	0	0.559	0	0:01:14.753513
3820	0	0.334	0	0:01:14.612754
3840	0	0.0388	0	0:01:14.601207
3860	1	1.97	1	0:01:14.541374
3880	1	0.602	1	0:01:14.964305
3900	0	1.53	0	0:01:14.611319
3920	1	0.0957	1	0:01:14.722203
3940	0	1.5	0	0:01:14.708929
3960	1	0.728	1	0:01:14.524682
3980	-1	0.0	1	0:01:14.583603
4000	1	0.439	1	0:01:14.676831
4020	1	0.611	1	0:01:14.755128
4040	1	3.53	1	0:01:14.584824
4060	1	0.221	1	0:01:14.730463
4080	1	0.991	1	0:01:14.614093
4100	1	3.18	1	0:01:14.603320
4120	0	0.836	0	0:01:14.713827
4140	1	0.0629	1	0:01:14.697710
4160	0	0.348	0	0:01:14.854305
4180	1	0.616	1	0:01:14.976499
4200	1	0.777	1	0:01:14.927334
4220	1	0.995	1	0:01:14.853525
4240	1	0.799	1	0:01:14.995544
4260	1	2.36	1	0:01:14.655352
4280	1	1.73	1	0:01:15.003349
4300	1	2.56	1	0:01:14.899469
4320	1	1.16	1	0:01:14.657218
4340	1	1.72	1	0:01:14.907645
4360	1	0.849	1	0:01:14.530549
4380	0	0.14	0	0:01:14.571687
4400	0	0.591	0	0:01:14.533810
4420	0	1.41	0	0:01:14.527132
4440	0	1.38	0	0:01:14.494841
4460	0	0.00174	-1	0:01:14.699302
4480	0	0.0275	-1	0:01:14.619299
4500	1	1.03	1	0:01:14.359810
4520	0	1.5	0	0:01:14.333694
4540	1	1.07	1	0:01:14.467699
4560	1	1.62	1	0:01:14.453800
4580	1	0.467	1	0:01:14.640748
4600	0	0.0142	-1	0:01:14.899189
4620	1	0.775	1	0:01:14.382246
4640	-1	0.0	-1	0:01:14.348897
4660	0	0.801	0	0:01:14.427516
4680	1	1.57	1	0:01:14.469792
4700	0	0.0838	0	0:01:14.780222
4720	1	3.31	1	0:01:14.645531
4740	0	0.151	0	0:01:14.530955
4760	0	0.21	0	0:01:14.473788
4780	1	0.627	1	0:01:14.617369
4800	1	2.59	1	0:01:14.491948
4820	1	0.298	1	0:01:14.570264
4840	1	0.464	1	0:01:14.520555
4860	1	1.78	1	0:01:14.502360
4880	1	1.3	1	0:01:14.500230
4900	1	0.00407	-1	0:01:14.577044
4920	1	1.4	1	0:01:14.537671
4940	1	0.141	1	0:01:14.506925
4960	0	1.27	0	0:01:14.521134
4980	1	0.343	1	0:01:14.832966
5000	1	3.79	1	0:01:14.846049
5020	1	0.807	1	0:01:14.424004
5040	1	0.423	1	0:01:14.377072
5060	0	0.802	0	0:01:14.461825
5080	1	3.29	1	0:01:14.856804
5100	1	0.19	1	0:01:14.480371
5120	0	0.253	0	0:01:14.447805
5140	1	0.829	1	0:01:14.388154
5160	1	1.3	1	0:01:14.754918
5180	0	0.87	0	0:01:14.430791
5200	1	1.5	1	0:01:14.464289
5220	0	0.418	0	0:01:14.430652
5240	1	0.409	1	0:01:14.449570
5260	1	1.5	1	0:01:14.456282
5280	1	0.0609	-1	0:01:14.490429
5300	1	1.86	1	0:01:14.534496
5320	1	2.29	1	0:01:14.819380
5340	1	0.641	1	0:01:14.803432
5360	-1	0.0	1	0:01:14.573847
5380	1	2.23	1	0:01:14.381288
5400	1	0.441	1	0:01:14.396878
5420	1	1.56	1	0:01:14.477585
5440	1	0.965	1	0:01:14.850406
5460	1	0.145	1	0:01:14.388425
5480	0	0.156	0	0:01:14.418602
5500	1	0.988	1	0:01:14.440227
5520	0	0.247	0	0:01:14.401412
5540	0	0.579	0	0:01:14.468671
5560	1	0.53	1	0:01:14.440135
5580	1	0.718	1	0:01:14.391395
5600	0	1.2	0	0:01:14.491356
5620	0	0.649	0	0:01:14.387818
5640	1	0.9	1	0:01:14.399670
5660	1	0.703	1	0:01:14.467263
5680	1	0.239	1	0:01:14.430351
5700	0	0.548	0	0:01:14.357012
5720	1	1.87	1	0:01:14.466123
5740	1	0.505	1	0:01:14.465236
5760	-1	0.0	-1	0:01:14.408248
5780	1	1.56	1	0:01:14.475347
5800	0	0.759	0	0:01:14.441262
5820	0	0.936	0	0:01:14.511686
5840	0	1.2	0	0:01:14.609093
5860	1	0.235	1	0:01:14.917033
5880	1	2.53	1	0:01:14.507618
5900	1	0.0775	1	0:01:14.559072
5920	1	3.58	1	0:01:14.782940
5940	1	1.35	1	0:01:14.455658
5960	0	0.27	0	0:01:14.421845
5980	1	0.933	1	0:01:14.394884
6000	1	0.19	1	0:01:14.713349
6020	0	0.932	0	0:01:14.522318
6040	0	0.549	0	0:01:14.441784
6060	0	0.549	0	0:01:14.392057
6080	1	1.48	1	0:01:14.443139
6100	1	1.06	1	0:01:14.709103
6120	1	2.12	1	0:01:14.711709
6140	1	1.3	1	0:01:14.880939
6160	1	0.81	1	0:01:14.547828
6180	0	0.572	0	0:01:14.397717
6200	0	0.935	0	0:01:14.507331
6220	0	0.675	0	0:01:14.429502
6240	0	0.567	0	0:01:14.242260
6260	-1	0.0	-1	0:01:14.207809
6280	0	0.0912	0	0:01:14.266742
6300	0	0.396	0	0:01:14.267051
6320	1	0.979	1	0:01:14.409643
6340	-1	0.0	0	0:01:14.355655
6360	0	0.0764	0	0:01:14.312128
6380	0	0.757	0	0:01:14.192433
6400	1	0.741	1	0:01:14.433993
6420	1	0.445	1	0:01:14.199363
6440	0	1.43	0	0:01:14.144339
6460	0	0.551	0	0:01:14.172753
6480	0	0.49	0	0:01:14.088605
6500	0	0.317	0	0:01:14.110895
6520	1	0.201	1	0:01:14.168478
6540	1	0.471	1	0:01:14.125800
6560	0	0.544	0	0:01:14.063996
6580	1	0.324	1	0:01:14.178078
6600	1	3.79	1	0:01:14.017656
6620	1	1.8	1	0:01:14.086630
6640	-1	0.0	1	0:01:14.088147
6660	1	0.849	1	0:01:14.143457
6680	1	1.33	1	0:01:14.157306
6700	0	0.806	0	0:01:14.280356
6720	1	0.713	1	0:01:14.341453
6740	0	0.235	0	0:01:14.263130
6760	1	1.07	1	0:01:14.196521
6780	1	3.05	1	0:01:14.255776
6800	0	0.376	0	0:01:14.405051
6820	1	1.97	1	0:01:14.204221
6840	1	1.78	1	0:01:14.501982
6860	1	1.03	1	0:01:14.350803
6880	0	0.598	0	0:01:14.409514
6900	1	1.31	1	0:01:14.138607
6920	1	2.03	1	0:01:14.161690
6940	1	3.16	1	0:01:14.187711
6960	1	1.45	1	0:01:14.183631
6980	1	0.527	1	0:01:14.246229
7000	0	0.248	0	0:01:14.601442
7020	1	2.1	1	0:01:14.362852
7040	1	0.637	1	0:01:14.393697
7060	1	2.57	1	0:01:14.366772
7080	1	0.141	1	0:01:14.568271
7100	0	1.14	0	0:01:14.344854
7120	1	2.32	1	0:01:14.837338
7140	0	0.328	0	0:01:14.253394
7160	1	0.445	1	0:01:14.213913
7180	1	1.11	1	0:01:14.214996
7200	0	0.318	0	0:01:14.203631
7220	1	0.19	1	0:01:14.274581
7240	1	0.569	1	0:01:14.228316
7260	1	0.951	1	0:01:14.142830
7280	1	1.22	1	0:01:14.265603
7300	1	0.337	1	0:01:14.471572
7320	1	3.22	1	0:01:14.158086
7340	1	0.452	1	0:01:14.146621
7360	0	0.182	0	0:01:14.180207
7380	0	0.42	0	0:01:14.323658
7400	0	1.3	0	0:01:14.006789
7420	0	0.179	0	0:01:14.494707
7440	0	0.88	0	0:01:14.070628
7460	1	3.6	1	0:01:14.042042
7480	1	0.159	1	0:01:14.104362
7500	1	2.41	1	0:01:14.071438
7520	1	0.118	1	0:01:14.029815
7540	1	2.14	1	0:01:14.084692
7560	0	0.51	0	0:01:14.431345
7580	1	2.58	1	0:01:14.097513
7600	0	0.0811	0	0:01:14.110837
7620	0	0.798	0	0:01:14.125810
7640	-1	0.0	1	0:01:14.268121
7660	0	1.46	0	0:01:14.355884
7680	0	0.359	0	0:01:14.269816
7700	-1	0.0	1	0:01:14.220293
7720	1	0.202	1	0:01:14.122559
7740	0	0.33	0	0:01:14.210921
7760	0	0.247	0	0:01:14.180092
7780	-1	0.0	-1	0:01:14.071394
7800	1	0.73	1	0:01:14.168940
7820	1	0.13	1	0:01:14.135675
7840	1	2.53	1	0:01:14.184316
7860	0	0.321	0	0:01:14.269934
7880	0	0.904	0	0:01:14.255653
7900	0	0.995	0	0:01:14.706689
7920	0	0.827	0	0:01:14.278362
7940	1	0.662	1	0:01:14.306014
7960	1	0.0558	1	0:01:14.305676
7980	1	0.615	1	0:01:14.189240
8000	1	1.24	1	0:01:14.099634
8020	0	1.63	0	0:01:14.091845
8040	0	0.393	0	0:01:14.451592
8060	0	0.424	0	0:01:14.276378
8080	0	0.571	0	0:01:14.422500
8100	0	0.556	0	0:01:14.100863
8120	1	0.977	1	0:01:14.212669
8140	0	1.23	0	0:01:14.470513
8160	1	0.246	1	0:01:14.206458
8180	1	1.19	1	0:01:14.161198
8200	0	0.644	0	0:01:14.187518
8220	0	0.851	0	0:01:14.500388
8240	1	3.0	1	0:01:14.349277
8260	1	1.7	1	0:01:14.444075
8280	0	0.0151	-1	0:01:14.300145
8300	0	0.391	0	0:01:14.144497
8320	0	0.731	0	0:01:14.182259
8340	1	0.277	1	0:01:14.053097
8360	1	0.419	1	0:01:14.166602
8380	1	1.08	1	0:01:14.392558
8400	1	0.578	1	0:01:14.239183
8420	0	0.116	0	0:01:14.108725
8440	1	0.275	1	0:01:14.114667
8460	1	1.71	1	0:01:14.500884
8480	0	0.674	0	0:01:14.147786
8500	1	1.01	1	0:01:14.200229
8520	0	0.415	0	0:01:14.170383
8540	1	0.392	1	0:01:14.617649
8560	1	2.35	1	0:01:14.264067
8580	0	1.45	0	0:01:14.423272
8600	0	0.171	0	0:01:14.264948
8620	0	0.703	0	0:01:14.248869
8640	1	1.47	1	0:01:14.225332
8660	1	0.662	1	0:01:14.253628
8680	0	0.593	0	0:01:14.089735
8700	-1	0.0	1	0:01:14.567867
8720	1	0.841	1	0:01:14.432435
8740	0	1.03	0	0:01:14.129099
8760	1	0.845	1	0:01:14.199018
8780	0	0.634	0	0:01:14.269348
8800	1	2.91	1	0:01:14.324892
8820	1	1.78	1	0:01:14.220526
8840	0	0.822	0	0:01:14.166119
8860	1	0.454	1	0:01:14.166961
8880	1	1.06	1	0:01:14.168988
8900	0	0.59	0	0:01:14.433887
8920	1	0.374	1	0:01:14.194772
8940	1	1.27	1	0:01:14.310750
8960	0	1.01	0	0:01:14.047150
8980	1	3.04	1	0:01:14.111432
9000	1	3.18	1	0:01:14.014076
9020	1	1.01	1	0:01:14.272522
9040	0	0.0269	-1	0:01:14.175120
9060	1	1.09	1	0:01:14.830724
9080	0	1.44	0	0:01:14.443241
9100	0	0.791	0	0:01:14.180359
9120	0	0.638	0	0:01:14.640105
9140	0	0.691	0	0:01:14.637178
9160	1	0.56	1	0:01:14.129000
9180	1	2.07	1	0:01:14.701769
9200	1	3.34	1	0:01:14.659216
9220	1	3.41	1	0:01:14.140120
9240	1	0.344	1	0:01:15.089861
9260	1	1.28	1	0:01:14.706709
9280	1	0.405	1	0:01:15.117961
9300	0	0.544	0	0:01:14.839839
9320	1	0.836	1	0:01:14.978319
9340	1	3.45	1	0:01:15.013691
9360	0	0.688	0	0:01:14.808627
9380	1	1.56	1	0:01:14.753644
9400	1	0.341	1	0:01:16.561770
9420	1	0.208	1	0:01:15.101727
9440	1	2.34	1	0:01:14.871532
9460	0	1.03	0	0:01:14.970989
9480	0	0.828	0	0:01:15.004722
9500	1	0.602	1	0:01:14.713497
9520	0	0.302	0	0:01:15.320755
9540	1	0.804	1	0:01:14.712336
9560	1	2.18	1	0:01:14.740306
9580	1	0.128	1	0:01:15.216854
9600	1	2.7	1	0:01:14.738615
9620	1	0.687	1	0:01:15.219184
9640	0	0.879	0	0:01:14.992433
9660	1	1.74	1	0:01:14.786207
9680	1	2.21	1	0:01:15.010991
9700	0	0.794	0	0:01:14.977140
9720	0	0.553	0	0:01:14.720719
9740	-1	0.0	1	0:01:14.949340
9760	0	0.511	0	0:01:15.277561
9780	1	0.391	1	0:01:14.716386
9800	1	3.79	1	0:01:15.272245
9820	0	0.0701	0	0:01:14.993868
9840	1	1.47	1	0:01:14.742623
9860	0	0.928	0	0:01:15.318140
9880	1	2.81	1	0:01:14.747564
9900	-1	0.0	-1	0:01:15.032345
9920	1	0.338	1	0:01:14.971761
9940	1	0.453	1	0:01:15.067490
9960	1	2.0	1	0:01:14.969318
9980	1	2.36	1	0:01:14.975296
