idx	predict	radius	unperturbed predict	time
0	0	2.56	0	0:01:15.120206
20	0	1.47	0	0:01:14.966023
40	0	1.68	0	0:01:14.724899
60	0	0.138	0	0:01:14.500137
80	0	1.91	0	0:01:14.527648
100	0	1.88	0	0:01:14.555163
120	0	0.838	0	0:01:14.606349
140	0	1.62	0	0:01:14.704177
160	0	0.393	0	0:01:14.707612
180	0	0.918	0	0:01:14.636127
200	0	2.64	0	0:01:14.635158
220	1	1.04	1	0:01:14.688493
240	1	0.763	1	0:01:14.774125
260	0	1.56	0	0:01:17.301276
280	1	0.11	1	0:01:16.683327
300	0	1.87	0	0:01:14.729485
320	0	2.7	0	0:01:14.719708
340	0	1.96	0	0:01:14.714247
360	0	1.36	0	0:01:15.209990
380	0	2.32	0	0:01:15.082953
400	0	1.9	0	0:01:14.863061
420	0	2.69	0	0:01:14.685628
440	0	1.12	0	0:01:15.752945
460	0	2.78	0	0:01:16.121221
480	0	1.58	0	0:01:16.172266
500	0	1.69	0	0:01:17.434173
520	0	2.28	0	0:01:17.044986
540	0	1.24	0	0:01:14.849095
560	0	0.932	0	0:01:15.487033
580	0	2.41	0	0:01:14.613176
600	0	1.29	0	0:01:15.809812
620	0	1.07	0	0:01:14.692171
640	0	1.78	0	0:01:15.038973
660	0	2.47	0	0:01:14.520746
680	0	2.63	0	0:01:14.459088
700	1	0.316	1	0:01:14.490397
720	0	1.91	0	0:01:14.514956
740	0	2.23	0	0:01:14.560720
760	0	1.78	0	0:01:14.996830
780	0	1.53	0	0:01:14.584463
800	1	1.44	1	0:01:14.785093
820	0	2.09	0	0:01:14.714575
840	1	2.17	1	0:01:14.998783
860	0	2.01	0	0:01:15.422061
880	1	1.71	1	0:01:14.574622
900	0	2.88	0	0:01:15.130871
920	0	1.53	0	0:01:14.665213
940	1	0.0311	1	0:01:15.889980
960	0	1.69	0	0:01:15.628382
980	0	2.07	0	0:01:14.609875
1000	0	0.814	0	0:01:14.847343
1020	0	0.443	0	0:01:15.299788
1040	0	2.32	0	0:01:15.196767
1060	0	1.6	0	0:01:16.154704
1080	1	0.182	1	0:01:15.995359
1100	0	0.853	0	0:01:16.865111
1120	0	1.93	0	0:01:17.920789
1140	0	2.41	0	0:01:16.235172
1160	0	1.11	0	0:01:16.465026
1180	0	2.62	0	0:01:16.158297
1200	1	0.589	1	0:01:15.998037
1220	0	1.62	0	0:01:15.864351
1240	0	1.04	0	0:01:15.845189
1260	0	2.19	0	0:01:15.930074
1280	0	0.633	0	0:01:17.986542
1300	0	3.29	0	0:01:16.627553
1320	0	1.43	0	0:01:14.497708
1340	0	1.61	0	0:01:14.949708
1360	0	0.405	0	0:01:14.668112
1380	0	2.71	0	0:01:15.373327
1400	0	2.06	0	0:01:14.738439
1420	0	1.5	0	0:01:14.635742
1440	0	1.32	0	0:01:14.538638
1460	0	2.25	0	0:01:14.424057
1480	0	1.36	0	0:01:14.514444
1500	0	2.33	0	0:01:14.604260
1520	0	1.35	0	0:01:14.946373
1540	-1	0.0	1	0:01:14.546007
1560	1	3.45	1	0:01:14.625139
1580	0	0.847	0	0:01:14.500800
1600	0	2.01	0	0:01:14.698660
1620	0	2.03	0	0:01:14.670970
1640	0	1.46	0	0:01:14.559367
1660	0	2.53	0	0:01:14.500585
1680	1	0.0643	1	0:01:14.749724
1700	0	1.71	0	0:01:14.920048
1720	0	0.865	0	0:01:14.755821
1740	0	2.1	0	0:01:14.728227
1760	0	2.03	0	0:01:14.546477
1780	0	1.65	0	0:01:14.639399
1800	0	1.26	0	0:01:14.880661
1820	0	1.07	0	0:01:14.570647
1840	0	1.42	0	0:01:15.148031
1860	1	0.805	1	0:01:14.464230
1880	0	1.37	0	0:01:14.561698
1900	1	0.877	1	0:01:14.710608
1920	0	1.31	0	0:01:14.854010
1940	0	1.87	0	0:01:14.994984
1960	0	0.268	0	0:01:15.130507
1980	0	0.637	0	0:01:14.504381
2000	0	1.41	0	0:01:14.900352
2020	-1	0.0	0	0:01:14.854205
2040	0	1.89	0	0:01:15.022801
2060	0	2.95	0	0:01:14.639525
2080	0	1.68	0	0:01:14.616076
2100	0	1.79	0	0:01:14.647806
2120	0	0.991	0	0:01:14.797738
2140	1	0.613	1	0:01:14.669098
2160	0	0.75	0	0:01:14.953554
2180	0	2.36	0	0:01:14.827670
2200	0	0.873	0	0:01:14.600567
2220	0	0.358	0	0:01:14.543682
2240	0	2.75	0	0:01:14.547340
2260	0	1.06	0	0:01:14.589826
2280	0	1.86	0	0:01:14.795051
2300	0	2.82	0	0:01:14.603487
2320	0	2.02	0	0:01:14.759757
2340	1	0.688	1	0:01:14.885266
2360	0	0.315	0	0:01:15.043551
2380	0	0.204	0	0:01:14.621294
2400	0	2.26	0	0:01:14.566692
2420	0	1.94	0	0:01:14.682936
2440	0	0.744	0	0:01:14.687041
2460	0	2.69	0	0:01:14.536234
2480	0	0.453	0	0:01:14.578609
2500	0	3.05	0	0:01:14.910630
2520	0	0.797	0	0:01:14.567637
2540	0	1.7	0	0:01:14.552094
2560	0	1.01	0	0:01:15.080431
2580	0	2.06	0	0:01:14.435474
2600	1	0.2	1	0:01:14.468553
2620	0	1.67	0	0:01:15.078447
2640	1	0.522	1	0:01:14.472342
2660	0	1.95	0	0:01:15.054247
2680	1	1.1	1	0:01:14.587273
2700	0	1.37	0	0:01:14.450119
2720	0	2.0	0	0:01:14.810559
2740	0	2.38	0	0:01:14.725708
2760	0	1.85	0	0:01:14.523451
2780	1	2.3	1	0:01:14.525617
2800	0	2.13	0	0:01:14.450593
2820	0	1.42	0	0:01:14.656035
2840	0	3.79	0	0:01:14.745007
2860	0	1.42	0	0:01:14.557158
2880	0	0.684	0	0:01:14.522063
2900	0	3.24	0	0:01:14.602736
2920	0	3.26	0	0:01:15.100126
2940	0	1.11	0	0:01:14.758291
2960	0	1.24	0	0:01:14.697098
2980	0	1.87	0	0:01:14.661422
3000	0	0.45	0	0:01:14.891719
3020	1	0.0349	-1	0:01:14.693292
3040	1	3.38	1	0:01:15.060951
3060	1	0.258	1	0:01:14.612186
3080	0	1.47	0	0:01:14.512417
3100	0	0.824	0	0:01:14.532582
3120	0	2.38	0	0:01:14.572431
3140	0	1.51	0	0:01:14.607032
3160	0	1.92	0	0:01:14.761753
3180	0	1.77	0	0:01:14.996714
3200	0	1.26	0	0:01:14.599105
3220	0	2.57	0	0:01:14.603678
3240	0	1.41	0	0:01:14.612724
3260	1	0.45	1	0:01:14.571841
3280	0	3.12	0	0:01:14.693424
3300	0	1.64	0	0:01:14.866078
3320	0	1.38	0	0:01:14.454130
3340	0	1.84	0	0:01:14.518990
3360	0	2.06	0	0:01:14.503462
3380	0	1.62	0	0:01:14.601898
3400	0	2.47	0	0:01:14.923502
3420	0	2.98	0	0:01:14.577090
3440	0	2.78	0	0:01:14.599965
3460	0	1.29	0	0:01:14.723902
3480	0	0.462	0	0:01:14.779184
3500	0	1.92	0	0:01:14.622902
3520	1	0.757	1	0:01:14.559177
3540	0	1.92	0	0:01:14.574502
3560	0	2.39	0	0:01:15.159080
3580	0	1.99	0	0:01:14.741210
3600	0	1.36	0	0:01:14.863466
3620	0	1.39	0	0:01:14.501171
3640	0	0.751	0	0:01:14.600652
3660	0	1.97	0	0:01:14.703610
3680	0	1.71	0	0:01:14.637379
3700	0	2.22	0	0:01:14.602396
3720	0	0.303	0	0:01:14.657809
3740	1	0.0914	1	0:01:14.904310
3760	1	2.33	1	0:01:14.956507
3780	0	2.78	0	0:01:14.614097
3800	0	2.36	0	0:01:14.753513
3820	0	2.16	0	0:01:14.612754
3840	0	2.39	0	0:01:14.601207
3860	1	1.22	1	0:01:14.541374
3880	0	2.26	0	0:01:14.964305
3900	0	3.67	0	0:01:14.611319
3920	0	1.71	0	0:01:14.722203
3940	0	2.57	0	0:01:14.708929
3960	0	2.75	0	0:01:14.524682
3980	0	1.01	0	0:01:14.583603
4000	0	0.952	0	0:01:14.676831
4020	0	2.34	0	0:01:14.755128
4040	0	0.429	0	0:01:14.584824
4060	0	1.79	0	0:01:14.730463
4080	0	0.867	0	0:01:14.614093
4100	1	2.03	1	0:01:14.603320
4120	0	2.26	0	0:01:14.713827
4140	0	2.24	0	0:01:14.697710
4160	0	2.38	0	0:01:14.854305
4180	0	1.42	0	0:01:14.976499
4200	0	2.52	0	0:01:14.927334
4220	0	0.57	0	0:01:14.853525
4240	0	2.05	0	0:01:14.995544
4260	0	0.741	0	0:01:14.655352
4280	0	1.27	0	0:01:15.003349
4300	1	0.826	1	0:01:14.899469
4320	0	1.66	0	0:01:14.657218
4340	0	0.273	0	0:01:14.907645
4360	0	0.683	0	0:01:14.530549
4380	0	1.81	0	0:01:14.571687
4400	0	2.61	0	0:01:14.533810
4420	0	2.71	0	0:01:14.527132
4440	0	2.64	0	0:01:14.494841
4460	0	1.94	0	0:01:14.699302
4480	0	0.889	0	0:01:14.619299
4500	0	1.16	0	0:01:14.359810
4520	0	2.45	0	0:01:14.333694
4540	0	2.11	0	0:01:14.467699
4560	-1	0.0	-1	0:01:14.453800
4580	0	2.5	0	0:01:14.640748
4600	0	1.13	0	0:01:14.899189
4620	0	1.3	0	0:01:14.382246
4640	0	1.95	0	0:01:14.348897
4660	0	1.62	0	0:01:14.427516
4680	0	1.35	0	0:01:14.469792
4700	0	1.47	0	0:01:14.780222
4720	1	0.621	1	0:01:14.645531
4740	0	1.92	0	0:01:14.530955
4760	0	1.83	0	0:01:14.473788
4780	0	1.25	0	0:01:14.617369
4800	1	0.748	1	0:01:14.491948
4820	0	2.12	0	0:01:14.570264
4840	0	1.35	0	0:01:14.520555
4860	0	3.36	0	0:01:14.502360
4880	0	0.972	0	0:01:14.500230
4900	0	1.47	0	0:01:14.577044
4920	1	0.172	1	0:01:14.537671
4940	0	2.38	0	0:01:14.506925
4960	0	2.83	0	0:01:14.521134
4980	0	2.88	0	0:01:14.832966
5000	1	2.84	1	0:01:14.846049
5020	0	1.47	0	0:01:14.424004
5040	0	2.13	0	0:01:14.377072
5060	0	2.36	0	0:01:14.461825
5080	1	1.88	1	0:01:14.856804
5100	0	2.29	0	0:01:14.480371
5120	0	1.64	0	0:01:14.447805
5140	0	1.16	0	0:01:14.388154
5160	0	2.11	0	0:01:14.754918
5180	0	1.91	0	0:01:14.430791
5200	0	2.39	0	0:01:14.464289
5220	0	2.29	0	0:01:14.430652
5240	0	1.48	0	0:01:14.449570
5260	1	0.0799	1	0:01:14.456282
5280	0	1.19	0	0:01:14.490429
5300	0	0.907	0	0:01:14.534496
5320	1	1.67	1	0:01:14.819380
5340	0	1.44	0	0:01:14.803432
5360	0	2.01	0	0:01:14.573847
5380	0	1.22	0	0:01:14.381288
5400	0	1.52	0	0:01:14.396878
5420	0	0.7	0	0:01:14.477585
5440	0	0.385	0	0:01:14.850406
5460	0	1.75	0	0:01:14.388425
5480	0	1.14	0	0:01:14.418602
5500	0	1.32	0	0:01:14.440227
5520	0	2.57	0	0:01:14.401412
5540	0	2.0	0	0:01:14.468671
5560	0	1.86	0	0:01:14.440135
5580	0	1.55	0	0:01:14.391395
5600	0	2.84	0	0:01:14.491356
5620	0	3.42	0	0:01:14.387818
5640	0	1.92	0	0:01:14.399670
5660	0	1.8	0	0:01:14.467263
5680	0	1.51	0	0:01:14.430351
5700	0	2.2	0	0:01:14.357012
5720	0	0.0948	0	0:01:14.466123
5740	0	3.72	0	0:01:14.465236
5760	0	1.92	0	0:01:14.408248
5780	1	0.435	1	0:01:14.475347
5800	0	1.88	0	0:01:14.441262
5820	0	2.63	0	0:01:14.511686
5840	0	2.13	0	0:01:14.609093
5860	0	1.55	0	0:01:14.917033
5880	0	0.363	0	0:01:14.507618
5900	0	1.71	0	0:01:14.559072
5920	1	2.96	1	0:01:14.782940
5940	0	1.29	0	0:01:14.455658
5960	0	1.76	0	0:01:14.421845
5980	0	0.576	0	0:01:14.394884
6000	0	1.45	0	0:01:14.713349
6020	0	1.76	0	0:01:14.522318
6040	0	1.49	0	0:01:14.441784
6060	0	2.15	0	0:01:14.392057
6080	0	0.775	0	0:01:14.443139
6100	0	0.762	0	0:01:14.709103
6120	0	2.05	0	0:01:14.711709
6140	0	1.44	0	0:01:14.880939
6160	0	1.81	0	0:01:14.547828
6180	0	2.48	0	0:01:14.397717
6200	0	2.86	0	0:01:14.507331
6220	0	1.78	0	0:01:14.429502
6240	0	2.28	0	0:01:14.242260
6260	0	1.86	0	0:01:14.207809
6280	0	2.07	0	0:01:14.266742
6300	0	1.28	0	0:01:14.267051
6320	0	0.459	0	0:01:14.409643
6340	0	2.31	0	0:01:14.355655
6360	0	2.25	0	0:01:14.312128
6380	0	2.01	0	0:01:14.192433
6400	0	1.06	0	0:01:14.433993
6420	0	0.701	0	0:01:14.199363
6440	0	2.58	0	0:01:14.144339
6460	0	1.9	0	0:01:14.172753
6480	0	2.28	0	0:01:14.088605
6500	0	1.85	0	0:01:14.110895
6520	0	2.19	0	0:01:14.168478
6540	0	1.24	0	0:01:14.125800
6560	0	2.1	0	0:01:14.063996
6580	0	1.31	0	0:01:14.178078
6600	1	3.37	1	0:01:14.017656
6620	-1	0.0	-1	0:01:14.086630
6640	0	1.94	0	0:01:14.088147
6660	0	0.827	0	0:01:14.143457
6680	0	2.52	0	0:01:14.157306
6700	0	2.03	0	0:01:14.280356
6720	0	2.36	0	0:01:14.341453
6740	0	3.29	0	0:01:14.263130
6760	0	2.08	0	0:01:14.196521
6780	1	1.78	1	0:01:14.255776
6800	0	2.3	0	0:01:14.405051
6820	1	0.243	1	0:01:14.204221
6840	0	0.441	0	0:01:14.501982
6860	0	1.55	0	0:01:14.350803
6880	0	1.91	0	0:01:14.409514
6900	0	0.68	0	0:01:14.138607
6920	0	1.92	0	0:01:14.161690
6940	1	1.83	1	0:01:14.187711
6960	0	0.653	0	0:01:14.183631
6980	0	2.61	0	0:01:14.246229
7000	0	1.72	0	0:01:14.601442
7020	1	0.457	1	0:01:14.362852
7040	0	0.884	0	0:01:14.393697
7060	1	0.667	1	0:01:14.366772
7080	0	1.63	0	0:01:14.568271
7100	0	3.38	0	0:01:14.344854
7120	1	0.252	1	0:01:14.837338
7140	0	1.9	0	0:01:14.253394
7160	0	1.58	0	0:01:14.213913
7180	0	0.0984	0	0:01:14.214996
7200	0	2.25	0	0:01:14.203631
7220	0	1.06	0	0:01:14.274581
7240	0	1.2	0	0:01:14.228316
7260	0	1.42	0	0:01:14.142830
7280	0	0.069	0	0:01:14.265603
7300	0	1.46	0	0:01:14.471572
7320	1	0.773	1	0:01:14.158086
7340	0	1.54	0	0:01:14.146621
7360	0	2.4	0	0:01:14.180207
7380	0	1.2	0	0:01:14.323658
7400	0	3.15	0	0:01:14.006789
7420	0	2.49	0	0:01:14.494707
7440	0	2.67	0	0:01:14.070628
7460	0	0.0149	-1	0:01:14.042042
7480	0	1.78	0	0:01:14.104362
7500	1	1.34	1	0:01:14.071438
7520	0	2.88	0	0:01:14.029815
7540	0	1.92	0	0:01:14.084692
7560	0	2.09	0	0:01:14.431345
7580	1	0.175	1	0:01:14.097513
7600	0	2.44	0	0:01:14.110837
7620	0	2.7	0	0:01:14.125810
7640	0	1.63	0	0:01:14.268121
7660	0	1.98	0	0:01:14.355884
7680	0	2.58	0	0:01:14.269816
7700	0	1.24	0	0:01:14.220293
7720	0	3.09	0	0:01:14.122559
7740	0	2.91	0	0:01:14.210921
7760	0	1.74	0	0:01:14.180092
7780	0	2.01	0	0:01:14.071394
7800	0	1.29	0	0:01:14.168940
7820	0	1.07	0	0:01:14.135675
7840	1	0.255	1	0:01:14.184316
7860	0	2.06	0	0:01:14.269934
7880	0	3.49	0	0:01:14.255653
7900	0	2.69	0	0:01:14.706689
7920	0	2.17	0	0:01:14.278362
7940	0	2.43	0	0:01:14.306014
7960	0	1.01	0	0:01:14.305676
7980	0	1.52	0	0:01:14.189240
8000	0	0.991	0	0:01:14.099634
8020	0	2.48	0	0:01:14.091845
8040	0	2.2	0	0:01:14.451592
8060	0	1.77	0	0:01:14.276378
8080	0	2.34	0	0:01:14.422500
8100	0	2.21	0	0:01:14.100863
8120	0	2.04	0	0:01:14.212669
8140	0	2.37	0	0:01:14.470513
8160	0	1.87	0	0:01:14.206458
8180	0	3.31	0	0:01:14.161198
8200	0	1.89	0	0:01:14.187518
8220	0	1.93	0	0:01:14.500388
8240	1	1.4	1	0:01:14.349277
8260	1	0.394	1	0:01:14.444075
8280	0	2.16	0	0:01:14.300145
8300	0	1.79	0	0:01:14.144497
8320	0	2.5	0	0:01:14.182259
8340	0	3.16	0	0:01:14.053097
8360	0	0.0678	0	0:01:14.166602
8380	0	1.97	0	0:01:14.392558
8400	0	1.42	0	0:01:14.239183
8420	0	2.68	0	0:01:14.108725
8440	0	2.01	0	0:01:14.114667
8460	1	0.471	1	0:01:14.500884
8480	0	2.45	0	0:01:14.147786
8500	0	1.79	0	0:01:14.200229
8520	0	1.65	0	0:01:14.170383
8540	0	2.94	0	0:01:14.617649
8560	1	0.81	1	0:01:14.264067
8580	0	3.34	0	0:01:14.423272
8600	0	2.66	0	0:01:14.264948
8620	0	2.31	0	0:01:14.248869
8640	0	1.5	0	0:01:14.225332
8660	0	2.56	0	0:01:14.253628
8680	0	2.05	0	0:01:14.089735
8700	0	2.24	0	0:01:14.567867
8720	0	0.447	0	0:01:14.432435
8740	0	2.45	0	0:01:14.129099
8760	0	0.148	0	0:01:14.199018
8780	0	1.42	0	0:01:14.269348
8800	1	1.36	1	0:01:14.324892
8820	1	0.67	1	0:01:14.220526
8840	0	2.61	0	0:01:14.166119
8860	0	0.549	0	0:01:14.166961
8880	1	0.663	1	0:01:14.168988
8900	0	2.44	0	0:01:14.433887
8920	0	1.41	0	0:01:14.194772
8940	0	1.24	0	0:01:14.310750
8960	0	2.8	0	0:01:14.047150
8980	-1	0.0	1	0:01:14.111432
9000	1	2.38	1	0:01:14.014076
9020	0	0.399	0	0:01:14.272522
9040	0	3.01	0	0:01:14.175120
9060	0	1.64	0	0:01:14.830724
9080	0	3.08	0	0:01:14.443241
9100	0	2.2	0	0:01:14.180359
9120	0	2.62	0	0:01:14.640105
9140	0	1.53	0	0:01:14.637178
9160	0	1.95	0	0:01:14.129000
9180	0	2.01	0	0:01:14.701769
9200	1	1.09	1	0:01:14.659216
9220	1	1.08	1	0:01:14.140120
9240	0	1.1	0	0:01:15.089861
9260	0	1.74	0	0:01:14.706709
9280	0	1.51	0	0:01:15.117961
9300	0	3.13	0	0:01:14.839839
9320	0	0.848	0	0:01:14.978319
9340	1	1.5	1	0:01:15.013691
9360	0	1.44	0	0:01:14.808627
9380	0	2.63	0	0:01:14.753644
9400	0	2.57	0	0:01:16.561770
9420	0	1.98	0	0:01:15.101727
9440	1	1.23	1	0:01:14.871532
9460	0	1.69	0	0:01:14.970989
9480	0	2.14	0	0:01:15.004722
9500	0	1.46	0	0:01:14.713497
9520	0	2.94	0	0:01:15.320755
9540	0	1.98	0	0:01:14.712336
9560	1	0.615	1	0:01:14.740306
9580	0	1.97	0	0:01:15.216854
9600	1	0.558	1	0:01:14.738615
9620	0	1.26	0	0:01:15.219184
9640	0	1.84	0	0:01:14.992433
9660	0	0.0984	0	0:01:14.786207
9680	1	0.738	1	0:01:15.010991
9700	0	2.26	0	0:01:14.977140
9720	0	1.51	0	0:01:14.720719
9740	0	2.49	0	0:01:14.949340
9760	0	2.5	0	0:01:15.277561
9780	0	2.17	0	0:01:14.716386
9800	1	2.59	1	0:01:15.272245
9820	0	1.36	0	0:01:14.993868
9840	0	1.9	0	0:01:14.742623
9860	0	2.46	0	0:01:15.318140
9880	0	0.0243	0	0:01:14.747564
9900	0	2.3	0	0:01:15.032345
9920	0	2.52	0	0:01:14.971761
9940	0	0.745	0	0:01:15.067490
9960	0	0.303	0	0:01:14.969318
9980	0	0.513	0	0:01:14.975296
