idx	predict	radius	unperturbed predict	time
0	1	1.46	1	0:01:15.120206
20	1	1.23	1	0:01:14.966023
40	1	2.08	1	0:01:14.724899
60	1	3.79	1	0:01:14.500137
80	1	2.25	1	0:01:14.527648
100	1	2.35	1	0:01:14.555163
120	1	1.92	1	0:01:14.606349
140	1	1.68	1	0:01:14.704177
160	1	3.4	1	0:01:14.707612
180	1	2.43	1	0:01:14.636127
200	1	2.58	1	0:01:14.635158
220	1	3.72	1	0:01:14.688493
240	1	3.6	1	0:01:14.774125
260	1	3.2	1	0:01:17.301276
280	1	3.48	1	0:01:16.683327
300	1	1.08	1	0:01:14.729485
320	1	2.8	1	0:01:14.719708
340	1	2.78	1	0:01:14.714247
360	1	0.122	1	0:01:15.209990
380	1	1.32	1	0:01:15.082953
400	1	1.32	1	0:01:14.863061
420	1	0.368	1	0:01:14.685628
440	1	2.16	1	0:01:15.752945
460	1	2.98	1	0:01:16.121221
480	1	2.46	1	0:01:16.172266
500	1	2.06	1	0:01:17.434173
520	1	1.65	1	0:01:17.044986
540	1	2.91	1	0:01:14.849095
560	1	3.17	1	0:01:15.487033
580	1	1.5	1	0:01:14.613176
600	1	0.967	1	0:01:15.809812
620	1	1.75	1	0:01:14.692171
640	1	3.24	1	0:01:15.038973
660	1	1.69	1	0:01:14.520746
680	1	1.26	1	0:01:14.459088
700	1	2.37	1	0:01:14.490397
720	1	1.43	1	0:01:14.514956
740	1	3.07	1	0:01:14.560720
760	1	0.812	1	0:01:14.996830
780	1	2.12	1	0:01:14.584463
800	1	3.28	1	0:01:14.785093
820	1	1.3	1	0:01:14.714575
840	1	3.79	1	0:01:14.998783
860	1	1.8	1	0:01:15.422061
880	1	3.79	1	0:01:14.574622
900	1	1.76	1	0:01:15.130871
920	1	2.25	1	0:01:14.665213
940	1	2.2	1	0:01:15.889980
960	1	1.79	1	0:01:15.628382
980	1	2.33	1	0:01:14.609875
1000	1	2.91	1	0:01:14.847343
1020	1	2.75	1	0:01:15.299788
1040	1	3.79	1	0:01:15.196767
1060	1	1.81	1	0:01:16.154704
1080	1	3.46	1	0:01:15.995359
1100	1	1.82	1	0:01:16.865111
1120	1	1.46	1	0:01:17.920789
1140	1	1.53	1	0:01:16.235172
1160	1	2.79	1	0:01:16.465026
1180	1	0.608	1	0:01:16.158297
1200	1	3.63	1	0:01:15.998037
1220	1	2.49	1	0:01:15.864351
1240	1	1.99	1	0:01:15.845189
1260	1	2.85	1	0:01:15.930074
1280	1	3.15	1	0:01:17.986542
1300	0	0.0578	0	0:01:16.627553
1320	1	3.49	1	0:01:14.497708
1340	1	2.5	1	0:01:14.949708
1360	1	2.17	1	0:01:14.668112
1380	1	0.932	1	0:01:15.373327
1400	1	2.69	1	0:01:14.738439
1420	1	1.26	1	0:01:14.635742
1440	1	2.81	1	0:01:14.538638
1460	1	1.56	1	0:01:14.424057
1480	1	2.01	1	0:01:14.514444
1500	1	3.07	1	0:01:14.604260
1520	1	0.413	1	0:01:14.946373
1540	1	3.04	1	0:01:14.546007
1560	1	3.79	1	0:01:14.625139
1580	1	1.51	1	0:01:14.500800
1600	1	1.52	1	0:01:14.698660
1620	1	0.885	1	0:01:14.670970
1640	1	2.46	1	0:01:14.559367
1660	1	2.25	1	0:01:14.500585
1680	1	3.15	1	0:01:14.749724
1700	1	2.25	1	0:01:14.920048
1720	1	3.35	1	0:01:14.755821
1740	1	3.51	1	0:01:14.728227
1760	1	1.81	1	0:01:14.546477
1780	1	0.878	1	0:01:14.639399
1800	1	1.89	1	0:01:14.880661
1820	1	2.4	1	0:01:14.570647
1840	1	1.28	1	0:01:15.148031
1860	1	3.72	1	0:01:14.464230
1880	1	2.66	1	0:01:14.561698
1900	1	3.72	1	0:01:14.710608
1920	1	2.66	1	0:01:14.854010
1940	1	2.5	1	0:01:14.994984
1960	1	3.23	1	0:01:15.130507
1980	1	2.51	1	0:01:14.504381
2000	1	1.15	1	0:01:14.900352
2020	1	3.72	1	0:01:14.854205
2040	1	3.79	1	0:01:15.022801
2060	1	3.58	1	0:01:14.639525
2080	1	2.13	1	0:01:14.616076
2100	1	2.06	1	0:01:14.647806
2120	1	1.41	1	0:01:14.797738
2140	1	3.43	1	0:01:14.669098
2160	1	3.16	1	0:01:14.953554
2180	1	2.25	1	0:01:14.827670
2200	1	3.79	1	0:01:14.600567
2220	1	2.84	1	0:01:14.543682
2240	1	1.9	1	0:01:14.547340
2260	1	1.57	1	0:01:14.589826
2280	1	0.887	1	0:01:14.795051
2300	1	1.46	1	0:01:14.603487
2320	1	1.39	1	0:01:14.759757
2340	1	2.85	1	0:01:14.885266
2360	1	2.37	1	0:01:15.043551
2380	1	3.22	1	0:01:14.621294
2400	1	3.48	1	0:01:14.566692
2420	1	1.74	1	0:01:14.682936
2440	1	2.15	1	0:01:14.687041
2460	0	0.0951	0	0:01:14.536234
2480	1	2.13	1	0:01:14.578609
2500	1	2.27	1	0:01:14.910630
2520	1	2.11	1	0:01:14.567637
2540	1	1.91	1	0:01:14.552094
2560	1	1.39	1	0:01:15.080431
2580	1	2.75	1	0:01:14.435474
2600	1	3.25	1	0:01:14.468553
2620	1	1.08	1	0:01:15.078447
2640	1	2.93	1	0:01:14.472342
2660	1	3.02	1	0:01:15.054247
2680	1	3.79	1	0:01:14.587273
2700	1	2.2	1	0:01:14.450119
2720	1	1.12	1	0:01:14.810559
2740	1	0.828	1	0:01:14.725708
2760	1	2.79	1	0:01:14.523451
2780	1	3.79	1	0:01:14.525617
2800	1	1.34	1	0:01:14.450593
2820	1	1.74	1	0:01:14.656035
2840	1	3.79	1	0:01:14.745007
2860	1	1.16	1	0:01:14.557158
2880	1	3.33	1	0:01:14.522063
2900	1	3.2	1	0:01:14.602736
2920	1	1.65	1	0:01:15.100126
2940	1	1.58	1	0:01:14.758291
2960	1	2.51	1	0:01:14.697098
2980	1	2.51	1	0:01:14.661422
3000	1	3.79	1	0:01:14.891719
3020	1	2.75	1	0:01:14.693292
3040	1	3.79	1	0:01:15.060951
3060	1	2.96	1	0:01:14.612186
3080	1	2.0	1	0:01:14.512417
3100	1	3.33	1	0:01:14.532582
3120	1	1.58	1	0:01:14.572431
3140	1	2.44	1	0:01:14.607032
3160	1	1.52	1	0:01:14.761753
3180	1	0.853	1	0:01:14.996714
3200	1	1.67	1	0:01:14.599105
3220	1	1.38	1	0:01:14.603678
3240	1	1.34	1	0:01:14.612724
3260	1	2.91	1	0:01:14.571841
3280	1	3.05	1	0:01:14.693424
3300	1	2.09	1	0:01:14.866078
3320	1	1.31	1	0:01:14.454130
3340	1	1.88	1	0:01:14.518990
3360	1	1.25	1	0:01:14.503462
3380	1	1.35	1	0:01:14.601898
3400	1	0.944	1	0:01:14.923502
3420	1	0.714	1	0:01:14.577090
3440	1	0.438	1	0:01:14.599965
3460	1	2.23	1	0:01:14.723902
3480	1	3.79	1	0:01:14.779184
3500	1	1.79	1	0:01:14.622902
3520	1	3.26	1	0:01:14.559177
3540	1	1.73	1	0:01:14.574502
3560	1	1.2	1	0:01:15.159080
3580	1	0.932	1	0:01:14.741210
3600	1	2.48	1	0:01:14.863466
3620	1	2.7	1	0:01:14.501171
3640	1	3.1	1	0:01:14.600652
3660	1	3.12	1	0:01:14.703610
3680	1	2.24	1	0:01:14.637379
3700	1	3.45	1	0:01:14.602396
3720	1	3.28	1	0:01:14.657809
3740	1	3.6	1	0:01:14.904310
3760	1	3.79	1	0:01:14.956507
3780	1	1.58	1	0:01:14.614097
3800	1	0.696	1	0:01:14.753513
3820	1	2.42	1	0:01:14.612754
3840	1	2.4	1	0:01:14.601207
3860	1	3.4	1	0:01:14.541374
3880	1	2.81	1	0:01:14.964305
3900	-1	0.0	-1	0:01:14.611319
3920	1	1.45	1	0:01:14.722203
3940	1	1.31	1	0:01:14.708929
3960	1	3.11	1	0:01:14.524682
3980	1	2.18	1	0:01:14.583603
4000	1	1.76	1	0:01:14.676831
4020	1	2.16	1	0:01:14.755128
4040	1	3.79	1	0:01:14.584824
4060	1	2.51	1	0:01:14.730463
4080	1	2.01	1	0:01:14.614093
4100	1	3.63	1	0:01:14.603320
4120	1	1.93	1	0:01:14.713827
4140	1	3.72	1	0:01:14.697710
4160	1	2.63	1	0:01:14.854305
4180	1	2.65	1	0:01:14.976499
4200	1	3.43	1	0:01:14.927334
4220	1	3.53	1	0:01:14.853525
4240	1	2.75	1	0:01:14.995544
4260	1	3.49	1	0:01:14.655352
4280	1	3.31	1	0:01:15.003349
4300	1	3.41	1	0:01:14.899469
4320	1	2.58	1	0:01:14.657218
4340	1	3.31	1	0:01:14.907645
4360	1	3.42	1	0:01:14.530549
4380	1	1.77	1	0:01:14.571687
4400	1	1.37	1	0:01:14.533810
4420	0	0.198	0	0:01:14.527132
4440	1	1.45	1	0:01:14.494841
4460	1	1.31	1	0:01:14.699302
4480	1	1.45	1	0:01:14.619299
4500	1	3.1	1	0:01:14.359810
4520	1	1.42	1	0:01:14.333694
4540	1	3.11	1	0:01:14.467699
4560	1	2.52	1	0:01:14.453800
4580	1	2.1	1	0:01:14.640748
4600	1	1.92	1	0:01:14.899189
4620	1	2.28	1	0:01:14.382246
4640	1	2.39	1	0:01:14.348897
4660	1	1.13	1	0:01:14.427516
4680	1	3.13	1	0:01:14.469792
4700	1	1.02	1	0:01:14.780222
4720	1	3.79	1	0:01:14.645531
4740	1	2.46	1	0:01:14.530955
4760	1	1.51	1	0:01:14.473788
4780	1	1.92	1	0:01:14.617369
4800	1	3.63	1	0:01:14.491948
4820	1	1.76	1	0:01:14.570264
4840	1	3.63	1	0:01:14.520555
4860	1	3.67	1	0:01:14.502360
4880	1	3.19	1	0:01:14.500230
4900	1	0.957	1	0:01:14.577044
4920	1	3.12	1	0:01:14.537671
4940	1	2.72	1	0:01:14.506925
4960	1	2.03	1	0:01:14.521134
4980	1	2.06	1	0:01:14.832966
5000	1	3.79	1	0:01:14.846049
5020	1	2.07	1	0:01:14.424004
5040	1	2.68	1	0:01:14.377072
5060	1	0.862	1	0:01:14.461825
5080	1	3.79	1	0:01:14.856804
5100	1	1.83	1	0:01:14.480371
5120	1	1.16	1	0:01:14.447805
5140	1	2.02	1	0:01:14.388154
5160	1	2.85	1	0:01:14.754918
5180	1	0.577	1	0:01:14.430791
5200	1	3.79	1	0:01:14.464289
5220	1	2.0	1	0:01:14.430652
5240	1	1.63	1	0:01:14.449570
5260	1	3.38	1	0:01:14.456282
5280	1	1.47	1	0:01:14.490429
5300	1	2.83	1	0:01:14.534496
5320	1	3.43	1	0:01:14.819380
5340	1	2.53	1	0:01:14.803432
5360	1	2.18	1	0:01:14.573847
5380	1	3.42	1	0:01:14.381288
5400	1	2.22	1	0:01:14.396878
5420	1	3.6	1	0:01:14.477585
5440	1	1.98	1	0:01:14.850406
5460	1	2.03	1	0:01:14.388425
5480	1	1.01	1	0:01:14.418602
5500	1	2.16	1	0:01:14.440227
5520	1	2.58	1	0:01:14.401412
5540	1	1.99	1	0:01:14.468671
5560	1	3.02	1	0:01:14.440135
5580	1	3.13	1	0:01:14.391395
5600	1	0.162	1	0:01:14.491356
5620	1	3.51	1	0:01:14.387818
5640	1	3.11	1	0:01:14.399670
5660	1	2.12	1	0:01:14.467263
5680	1	1.83	1	0:01:14.430351
5700	1	1.42	1	0:01:14.357012
5720	1	3.58	1	0:01:14.466123
5740	1	3.02	1	0:01:14.465236
5760	1	2.12	1	0:01:14.408248
5780	1	2.76	1	0:01:14.475347
5800	1	1.89	1	0:01:14.441262
5820	1	1.28	1	0:01:14.511686
5840	1	0.725	1	0:01:14.609093
5860	1	1.33	1	0:01:14.917033
5880	1	3.43	1	0:01:14.507618
5900	1	1.93	1	0:01:14.559072
5920	1	3.79	1	0:01:14.782940
5940	1	2.69	1	0:01:14.455658
5960	1	2.22	1	0:01:14.421845
5980	1	2.21	1	0:01:14.394884
6000	1	1.39	1	0:01:14.713349
6020	1	1.09	1	0:01:14.522318
6040	1	0.761	1	0:01:14.441784
6060	1	1.64	1	0:01:14.392057
6080	1	2.57	1	0:01:14.443139
6100	1	2.14	1	0:01:14.709103
6120	1	3.79	1	0:01:14.711709
6140	1	2.91	1	0:01:14.880939
6160	1	2.45	1	0:01:14.547828
6180	1	1.31	1	0:01:14.397717
6200	1	0.266	1	0:01:14.507331
6220	1	2.21	1	0:01:14.429502
6240	1	0.842	1	0:01:14.242260
6260	1	1.29	1	0:01:14.207809
6280	1	1.83	1	0:01:14.266742
6300	1	0.639	1	0:01:14.267051
6320	1	3.39	1	0:01:14.409643
6340	1	1.83	1	0:01:14.355655
6360	1	2.66	1	0:01:14.312128
6380	1	0.668	1	0:01:14.192433
6400	1	2.21	1	0:01:14.433993
6420	1	2.53	1	0:01:14.199363
6440	0	0.176	0	0:01:14.144339
6460	1	0.807	1	0:01:14.172753
6480	1	2.87	1	0:01:14.088605
6500	1	1.66	1	0:01:14.110895
6520	1	3.21	1	0:01:14.168478
6540	1	1.63	1	0:01:14.125800
6560	1	2.39	1	0:01:14.063996
6580	1	2.11	1	0:01:14.178078
6600	1	3.79	1	0:01:14.017656
6620	1	3.79	1	0:01:14.086630
6640	1	1.46	1	0:01:14.088147
6660	1	3.24	1	0:01:14.143457
6680	1	3.41	1	0:01:14.157306
6700	1	0.498	1	0:01:14.280356
6720	1	3.55	1	0:01:14.341453
6740	1	1.85	1	0:01:14.263130
6760	1	3.37	1	0:01:14.196521
6780	1	3.55	1	0:01:14.255776
6800	1	1.62	1	0:01:14.405051
6820	1	2.83	1	0:01:14.204221
6840	1	2.44	1	0:01:14.501982
6860	1	3.6	1	0:01:14.350803
6880	1	1.61	1	0:01:14.409514
6900	1	2.32	1	0:01:14.138607
6920	1	3.79	1	0:01:14.161690
6940	1	3.67	1	0:01:14.187711
6960	1	2.72	1	0:01:14.183631
6980	1	1.98	1	0:01:14.246229
7000	1	1.04	1	0:01:14.601442
7020	1	3.6	1	0:01:14.362852
7040	1	1.73	1	0:01:14.393697
7060	1	3.58	1	0:01:14.366772
7080	1	1.82	1	0:01:14.568271
7100	1	1.22	1	0:01:14.344854
7120	1	3.38	1	0:01:14.837338
7140	1	1.27	1	0:01:14.253394
7160	1	3.17	1	0:01:14.213913
7180	1	2.89	1	0:01:14.214996
7200	1	2.32	1	0:01:14.203631
7220	1	1.86	1	0:01:14.274581
7240	1	2.24	1	0:01:14.228316
7260	1	2.29	1	0:01:14.142830
7280	1	2.01	1	0:01:14.265603
7300	1	2.03	1	0:01:14.471572
7320	1	3.79	1	0:01:14.158086
7340	1	2.27	1	0:01:14.146621
7360	1	1.12	1	0:01:14.180207
7380	1	0.954	1	0:01:14.323658
7400	1	1.74	1	0:01:14.006789
7420	1	2.91	1	0:01:14.494707
7440	1	1.27	1	0:01:14.070628
7460	1	3.79	1	0:01:14.042042
7480	1	1.74	1	0:01:14.104362
7500	1	3.79	1	0:01:14.071438
7520	1	1.73	1	0:01:14.029815
7540	1	3.79	1	0:01:14.084692
7560	1	1.43	1	0:01:14.431345
7580	1	3.49	1	0:01:14.097513
7600	1	1.07	1	0:01:14.110837
7620	1	1.35	1	0:01:14.125810
7640	1	1.43	1	0:01:14.268121
7660	1	0.142	1	0:01:14.355884
7680	1	1.43	1	0:01:14.269816
7700	1	2.09	1	0:01:14.220293
7720	1	2.19	1	0:01:14.122559
7740	1	2.39	1	0:01:14.210921
7760	1	1.48	1	0:01:14.180092
7780	1	1.31	1	0:01:14.071394
7800	1	2.92	1	0:01:14.168940
7820	1	1.54	1	0:01:14.135675
7840	1	3.79	1	0:01:14.184316
7860	1	1.04	1	0:01:14.269934
7880	1	3.13	1	0:01:14.255653
7900	1	0.86	1	0:01:14.706689
7920	1	0.364	1	0:01:14.278362
7940	1	2.2	1	0:01:14.306014
7960	1	2.23	1	0:01:14.305676
7980	1	2.53	1	0:01:14.189240
8000	1	2.91	1	0:01:14.099634
8020	1	0.694	1	0:01:14.091845
8040	1	1.43	1	0:01:14.451592
8060	1	2.18	1	0:01:14.276378
8080	1	1.76	1	0:01:14.422500
8100	1	1.98	1	0:01:14.100863
8120	1	2.43	1	0:01:14.212669
8140	1	0.981	1	0:01:14.470513
8160	1	2.09	1	0:01:14.206458
8180	1	3.24	1	0:01:14.161198
8200	1	1.35	1	0:01:14.187518
8220	1	1.17	1	0:01:14.500388
8240	1	3.79	1	0:01:14.349277
8260	1	2.95	1	0:01:14.444075
8280	1	1.59	1	0:01:14.300145
8300	1	1.59	1	0:01:14.144497
8320	1	0.715	1	0:01:14.182259
8340	1	2.08	1	0:01:14.053097
8360	1	1.4	1	0:01:14.166602
8380	1	2.64	1	0:01:14.392558
8400	1	2.56	1	0:01:14.239183
8420	1	1.87	1	0:01:14.108725
8440	1	2.19	1	0:01:14.114667
8460	1	2.67	1	0:01:14.500884
8480	1	0.835	1	0:01:14.147786
8500	1	3.63	1	0:01:14.200229
8520	1	0.763	1	0:01:14.170383
8540	1	2.48	1	0:01:14.617649
8560	1	3.72	1	0:01:14.264067
8580	1	2.21	1	0:01:14.423272
8600	1	2.52	1	0:01:14.264948
8620	1	0.606	1	0:01:14.248869
8640	1	3.18	1	0:01:14.225332
8660	1	3.21	1	0:01:14.253628
8680	1	0.827	1	0:01:14.089735
8700	1	3.11	1	0:01:14.567867
8720	1	3.15	1	0:01:14.432435
8740	1	1.28	1	0:01:14.129099
8760	1	2.97	1	0:01:14.199018
8780	1	1.09	1	0:01:14.269348
8800	1	3.79	1	0:01:14.324892
8820	1	3.79	1	0:01:14.220526
8840	1	0.764	1	0:01:14.166119
8860	1	2.02	1	0:01:14.166961
8880	1	1.7	1	0:01:14.168988
8900	1	1.22	1	0:01:14.433887
8920	1	2.4	1	0:01:14.194772
8940	1	2.93	1	0:01:14.310750
8960	1	2.95	1	0:01:14.047150
8980	1	3.79	1	0:01:14.111432
9000	1	3.79	1	0:01:14.014076
9020	1	2.15	1	0:01:14.272522
9040	1	3.0	1	0:01:14.175120
9060	1	3.79	1	0:01:14.830724
9080	1	0.861	1	0:01:14.443241
9100	1	1.34	1	0:01:14.180359
9120	1	1.24	1	0:01:14.640105
9140	1	0.513	1	0:01:14.637178
9160	1	2.21	1	0:01:14.129000
9180	1	3.79	1	0:01:14.701769
9200	1	3.79	1	0:01:14.659216
9220	1	3.79	1	0:01:14.140120
9240	1	1.53	1	0:01:15.089861
9260	1	2.57	1	0:01:14.706709
9280	1	2.36	1	0:01:15.117961
9300	1	2.2	1	0:01:14.839839
9320	1	2.1	1	0:01:14.978319
9340	1	3.79	1	0:01:15.013691
9360	1	0.782	1	0:01:14.808627
9380	1	3.72	1	0:01:14.753644
9400	1	2.41	1	0:01:16.561770
9420	1	1.92	1	0:01:15.101727
9440	1	3.38	1	0:01:14.871532
9460	1	0.921	1	0:01:14.970989
9480	1	1.28	1	0:01:15.004722
9500	1	1.81	1	0:01:14.713497
9520	1	1.49	1	0:01:15.320755
9540	1	2.76	1	0:01:14.712336
9560	1	3.55	1	0:01:14.740306
9580	1	1.77	1	0:01:15.216854
9600	1	3.6	1	0:01:14.738615
9620	1	3.29	1	0:01:15.219184
9640	1	0.68	1	0:01:14.992433
9660	1	3.63	1	0:01:14.786207
9680	1	3.04	1	0:01:15.010991
9700	1	1.67	1	0:01:14.977140
9720	1	0.513	1	0:01:14.720719
9740	1	1.99	1	0:01:14.949340
9760	1	0.747	1	0:01:15.277561
9780	1	2.27	1	0:01:14.716386
9800	1	3.79	1	0:01:15.272245
9820	1	1.58	1	0:01:14.993868
9840	1	3.55	1	0:01:14.742623
9860	1	0.283	1	0:01:15.318140
9880	1	3.79	1	0:01:14.747564
9900	1	1.81	1	0:01:15.032345
9920	1	2.48	1	0:01:14.971761
9940	1	2.3	1	0:01:15.067490
9960	1	3.79	1	0:01:14.969318
9980	1	3.79	1	0:01:14.975296
