idx	mean	std	min	25 percentile	50 percentile	75 percentile	max
0	0.6437	0.1572	0.09735	0.5495	0.6743	0.7561	0.9797
20	0.5869	0.2116	0.05345	0.4207	0.6305	0.7574	0.9521
40	0.4969	0.1789	0.07665	0.3589	0.4925	0.6419	0.9077
60	0.2602	0.1418	0.02464	0.1466	0.2343	0.3497	0.7289
80	0.4239	0.1492	0.07057	0.311	0.3859	0.5077	0.9238
100	0.5006	0.1409	0.05502	0.4069	0.5036	0.5964	0.9716
120	0.4057	0.207	0.005693	0.2646	0.4164	0.5275	0.9525
140	0.619	0.1825	0.0239	0.5423	0.665	0.7464	0.9383
160	0.3744	0.2201	0.02581	0.1495	0.4065	0.58	0.7876
180	0.4302	0.1878	0.0249	0.2754	0.4574	0.5592	0.9357
200	0.637	0.1015	0.1637	0.587	0.6478	0.7011	0.9015
220	0.1407	0.0925	0.01665	0.07722	0.1137	0.1741	0.5894
240	0.1665	0.08626	0.02961	0.1036	0.1482	0.2122	0.6919
260	0.4426	0.1288	0.02576	0.3671	0.4413	0.5264	0.8402
280	0.2175	0.07751	0.04591	0.1676	0.2105	0.2586	0.7332
300	0.6918	0.1832	0.1024	0.66	0.756	0.8073	0.9409
320	0.5669	0.14	0.1355	0.4676	0.5973	0.6788	0.8777
340	0.5404	0.1487	0.02673	0.4364	0.5515	0.661	0.8843
360	0.7301	0.2388	0.07834	0.6816	0.8247	0.8936	0.9774
380	0.6296	0.1418	0.07197	0.5222	0.6165	0.7288	0.9677
400	0.6155	0.1888	0.1154	0.4854	0.6597	0.7703	0.9363
420	0.788	0.1218	0.0878	0.7345	0.8111	0.8703	0.9683
440	0.3537	0.1533	0.02438	0.252	0.3073	0.4034	0.9292
460	0.5775	0.1243	0.1847	0.4908	0.5875	0.674	0.8509
480	0.4079	0.1304	0.05186	0.3316	0.389	0.4662	0.9534
500	0.5853	0.165	0.02804	0.4909	0.6043	0.7103	0.9273
520	0.5287	0.1443	0.09736	0.4334	0.5047	0.602	0.9422
540	0.3434	0.1121	0.01322	0.2686	0.3347	0.414	0.9138
560	0.3567	0.1511	0.01451	0.2485	0.3173	0.4445	0.8162
580	0.6057	0.1417	0.04359	0.4995	0.5725	0.7124	0.9491
600	0.6226	0.2327	0.02828	0.452	0.7127	0.8128	0.9138
620	0.6339	0.2286	0.01049	0.622	0.734	0.7638	0.9254
640	0.4979	0.1651	0.1398	0.3508	0.4993	0.6596	0.7769
660	0.4729	0.1803	0.1416	0.3337	0.4113	0.5838	0.9409
680	0.6768	0.1517	0.0965	0.5862	0.71	0.7978	0.9346
700	0.2242	0.1687	0.01176	0.1037	0.1805	0.2876	0.901
720	0.6036	0.1825	0.04381	0.4779	0.6321	0.7489	0.9482
740	0.4613	0.141	0.1538	0.3587	0.4359	0.5446	0.8078
760	0.6792	0.1921	0.03174	0.5734	0.7335	0.8235	0.9569
780	0.4177	0.1788	0.05323	0.2816	0.363	0.5321	0.9505
800	0.0862	0.1107	0.002454	0.02564	0.04678	0.09237	0.7221
820	0.6406	0.1614	0.07155	0.5264	0.6685	0.7735	0.9636
840	0.08124	0.04391	0.01949	0.05186	0.06954	0.09916	0.3531
860	0.6318	0.1353	0.1039	0.5341	0.643	0.7348	0.9475
880	0.04999	0.07177	0.001745	0.01158	0.02325	0.0534	0.6409
900	0.6166	0.1179	0.2349	0.5196	0.6045	0.7064	0.9509
920	0.4979	0.1684	0.0401	0.3906	0.5051	0.6187	0.9484
940	0.2474	0.1415	0.0278	0.1727	0.218	0.2696	0.9388
960	0.54	0.1758	0.007897	0.4292	0.5356	0.6709	0.9283
980	0.5573	0.123	0.04498	0.4796	0.546	0.6414	0.9333
1000	0.3104	0.1128	0.06787	0.2277	0.2985	0.3722	0.8623
1020	0.29	0.1402	0.01551	0.1839	0.2834	0.3656	0.9035
1040	0.3576	0.06305	0.153	0.319	0.3569	0.3951	0.5615
1060	0.5342	0.1909	0.08186	0.3778	0.5488	0.698	0.899
1080	0.2184	0.1534	0.008	0.09071	0.1897	0.3109	0.7626
1100	0.4116	0.2216	0.01843	0.2555	0.3812	0.5585	0.9357
1120	0.5606	0.1883	0.07483	0.4087	0.5388	0.7248	0.9715
1140	0.649	0.1312	0.05702	0.5553	0.6646	0.7446	0.9377
1160	0.3448	0.1355	0.02169	0.277	0.3219	0.4017	0.9013
1180	0.7533	0.1249	0.2022	0.6865	0.7805	0.8416	0.9642
1200	0.1571	0.1214	0.005617	0.05894	0.1297	0.2301	0.7168
1220	0.5223	0.1824	0.09103	0.3711	0.556	0.6851	0.8741
1240	0.4985	0.2164	0.01561	0.3329	0.5367	0.6731	0.9435
1260	0.4227	0.1229	0.09459	0.3343	0.3933	0.4886	0.8823
1280	0.3465	0.1614	0.0242	0.2161	0.3289	0.4709	0.9035
1300	0.8295	0.1149	0.3095	0.7598	0.8592	0.9201	0.9805
1320	0.4443	0.1352	0.04159	0.3725	0.4706	0.5391	0.7329
1340	0.4352	0.1615	0.1315	0.3084	0.4064	0.545	0.9203
1360	0.3667	0.2282	0.0107	0.1646	0.336	0.5318	0.9459
1380	0.5977	0.1838	0.06049	0.4602	0.5655	0.7418	0.9726
1400	0.5959	0.1547	0.09333	0.4911	0.6517	0.7171	0.8432
1420	0.682	0.1949	0.02854	0.648	0.745	0.7967	0.9459
1440	0.4788	0.1862	0.01515	0.329	0.4979	0.6297	0.8439
1460	0.6306	0.1463	0.04144	0.5331	0.6491	0.7379	0.9438
1480	0.4837	0.1849	0.06502	0.3437	0.4828	0.6209	0.9357
1500	0.3136	0.07587	0.07145	0.2754	0.2953	0.3243	0.8983
1520	0.7282	0.223	0.01191	0.7209	0.8003	0.8658	0.9696
1540	0.2663	0.2176	0.001954	0.06819	0.2116	0.4268	0.8767
1560	0.02	0.01451	0.003092	0.01087	0.01637	0.02372	0.1454
1580	0.4264	0.2239	0.06073	0.2564	0.3736	0.5918	0.9586
1600	0.5264	0.1861	0.1316	0.3769	0.4919	0.6693	0.9396
1620	0.6266	0.1954	0.05761	0.4829	0.6538	0.7857	0.971
1640	0.4176	0.1423	0.07993	0.3146	0.399	0.5105	0.8657
1660	0.6114	0.1189	0.08297	0.5422	0.6307	0.6957	0.8949
1680	0.2615	0.1982	0.005269	0.07607	0.2227	0.4357	0.8071
1700	0.5064	0.1569	0.05296	0.3825	0.5163	0.6262	0.9094
1720	0.4703	0.1998	0.05546	0.3035	0.532	0.6263	0.8271
1740	0.4258	0.1022	0.02899	0.3503	0.4202	0.5057	0.8104
1760	0.5575	0.1728	0.04187	0.4144	0.5752	0.6988	0.9618
1780	0.7174	0.1842	0.03169	0.6945	0.7821	0.8265	0.9371
1800	0.4956	0.2096	0.01155	0.3323	0.4897	0.6734	0.9164
1820	0.3908	0.1529	0.01541	0.2819	0.383	0.4816	0.9525
1840	0.5313	0.2295	0.0285	0.3313	0.5184	0.744	0.9579
1860	0.1421	0.1559	0.007808	0.04431	0.08011	0.1607	0.7481
1880	0.3726	0.1295	0.02275	0.2874	0.3615	0.4375	0.8728
1900	0.09988	0.1151	0.0007599	0.01162	0.04134	0.1695	0.4865
1920	0.4986	0.1633	0.01823	0.4253	0.5259	0.6065	0.8977
1940	0.5289	0.1589	0.05234	0.418	0.5368	0.6549	0.8834
1960	0.2892	0.1497	0.03772	0.1743	0.2635	0.3803	0.8008
1980	0.2762	0.1127	0.0489	0.2193	0.2598	0.3025	0.9337
2000	0.5749	0.2199	0.09953	0.3886	0.6135	0.7647	0.9455
2020	0.2316	0.06631	0.04769	0.1894	0.2334	0.2691	0.6424
2040	0.3505	0.0646	0.05104	0.3165	0.3443	0.3825	0.7621
2060	0.4743	0.08359	0.2171	0.4169	0.4689	0.5259	0.7759
2080	0.4523	0.1616	0.0649	0.3309	0.4209	0.5599	0.9117
2100	0.5538	0.1769	0.09721	0.4262	0.5904	0.6936	0.9057
2120	0.5241	0.2457	0.01247	0.3212	0.5805	0.7201	0.9489
2140	0.1827	0.1195	0.01681	0.09922	0.1505	0.2334	0.7062
2160	0.2907	0.1253	0.009868	0.2351	0.2898	0.3373	0.8172
2180	0.5551	0.118	0.01917	0.4811	0.5341	0.6262	0.9379
2200	0.3433	0.1278	0.01098	0.2644	0.3606	0.4329	0.6662
2220	0.2849	0.1263	0.03315	0.1979	0.2649	0.3476	0.842
2240	0.4958	0.1534	0.174	0.3813	0.4544	0.5853	0.9275
2260	0.4758	0.2367	0.08018	0.2741	0.4059	0.7251	0.9853
2280	0.6745	0.1926	0.04286	0.5748	0.7236	0.8235	0.9561
2300	0.666	0.1245	0.03005	0.5729	0.6772	0.7524	0.9658
2320	0.6448	0.1584	0.02906	0.5533	0.6659	0.7632	0.9196
2340	0.169	0.1692	0.01016	0.05746	0.09815	0.1987	0.8498
2360	0.3355	0.1977	0.02728	0.1773	0.2933	0.4806	0.962
2380	0.2643	0.1641	0.008227	0.1252	0.2704	0.3848	0.816
2400	0.5614	0.09936	0.134	0.5159	0.576	0.6265	0.7956
2420	0.5493	0.1716	0.08358	0.4153	0.5468	0.6845	0.938
2440	0.4125	0.211	0.02335	0.2371	0.406	0.5825	0.9075
2460	0.8196	0.1161	0.145	0.7807	0.8485	0.8951	0.9752
2480	0.3396	0.1988	0.01622	0.196	0.3141	0.4459	0.9595
2500	0.559	0.0939	0.4081	0.4865	0.527	0.6113	0.9079
2520	0.4027	0.199	0.002379	0.2405	0.4036	0.5411	0.9133
2540	0.521	0.2043	0.1452	0.3302	0.5191	0.7216	0.9187
2560	0.5567	0.2538	0.01767	0.3188	0.6432	0.7793	0.9772
2580	0.4948	0.1407	0.1267	0.3896	0.4784	0.6001	0.8238
2600	0.2124	0.1467	0.008686	0.0888	0.1857	0.3144	0.8096
2620	0.5768	0.2129	0.08952	0.4034	0.5748	0.7653	0.9505
2640	0.1772	0.1337	0.01062	0.08559	0.1417	0.2308	0.9461
2660	0.6102	0.1466	0.07418	0.5391	0.6502	0.7185	0.8471
2680	0.1509	0.06345	0.02455	0.1074	0.1454	0.1839	0.5609
2700	0.4497	0.1827	0.01719	0.3097	0.4433	0.5825	0.9097
2720	0.6898	0.1602	0.07073	0.6177	0.7142	0.8023	0.9578
2740	0.674	0.1768	0.1181	0.5501	0.7128	0.8159	0.973
2760	0.624	0.1414	0.02872	0.5638	0.6674	0.7191	0.9105
2780	0.05398	0.04129	0.005537	0.02699	0.04321	0.0675	0.4189
2800	0.6303	0.1508	0.06309	0.5316	0.6355	0.7359	0.9655
2820	0.563	0.1964	0.01653	0.4557	0.5868	0.7163	0.9273
2840	0.4983	0.07506	0.279	0.4469	0.4981	0.5452	0.7094
2860	0.6777	0.2045	0.01994	0.6484	0.7506	0.7995	0.9499
2880	0.3727	0.1786	0.004738	0.2298	0.4088	0.5107	0.8351
2900	0.5452	0.08652	0.2524	0.4908	0.546	0.5985	0.8665
2920	0.6392	0.1244	0.255	0.5424	0.6457	0.7311	0.9292
2940	0.49	0.2228	0.08419	0.296	0.4905	0.6844	0.9694
2960	0.4947	0.1876	0.03693	0.3503	0.5034	0.6503	0.9034
2980	0.428	0.1365	0.1499	0.3315	0.4026	0.5001	0.9118
3000	0.2742	0.08945	0.08496	0.2084	0.2637	0.3314	0.6801
3020	0.2344	0.1208	0.006214	0.1528	0.2128	0.2956	0.9073
3040	0.0203	0.01826	0.001687	0.009274	0.0152	0.02475	0.1867
3060	0.212	0.1372	0.01601	0.1059	0.181	0.2813	0.8442
3080	0.4997	0.1957	0.06985	0.3383	0.488	0.6678	0.9467
3100	0.3765	0.1662	0.06243	0.233	0.3722	0.5071	0.7944
3120	0.6225	0.1354	0.07526	0.5178	0.6144	0.7243	0.9585
3140	0.4585	0.1445	0.01036	0.3796	0.465	0.5325	0.8913
3160	0.553	0.1736	0.08049	0.4259	0.5459	0.681	0.9316
3180	0.6582	0.2032	0.03357	0.5196	0.711	0.8267	0.9559
3200	0.5316	0.2071	0.05576	0.3862	0.5632	0.6875	0.936
3220	0.6798	0.1361	0.1223	0.6081	0.7072	0.7762	0.9446
3240	0.5479	0.2155	0.03442	0.365	0.5686	0.7302	0.9853
3260	0.223	0.1932	0.01291	0.08136	0.1502	0.2924	0.8884
3280	0.5364	0.126	0.2567	0.4363	0.5116	0.6415	0.8546
3300	0.5665	0.1931	0.01172	0.4104	0.6211	0.7215	0.9379
3320	0.6165	0.2082	0.02641	0.4833	0.6729	0.7849	0.9259
3340	0.6563	0.1505	0.07536	0.5968	0.7018	0.7533	0.9164
3360	0.6325	0.1593	0.02928	0.5215	0.625	0.7495	0.9704
3380	0.5357	0.2028	0.009282	0.3852	0.5273	0.6928	0.9616
3400	0.718	0.1309	0.0651	0.6419	0.7383	0.8123	0.952
3420	0.7828	0.0849	0.2182	0.7417	0.7779	0.8333	0.961
3440	0.7515	0.1437	0.1813	0.6711	0.7854	0.8624	0.9754
3460	0.4124	0.1619	0.1022	0.2904	0.3824	0.5153	0.8953
3480	0.2601	0.07076	0.09113	0.2128	0.2502	0.3054	0.5662
3500	0.4909	0.1811	0.09836	0.3484	0.4637	0.6289	0.9391
3520	0.173	0.09068	0.03711	0.1117	0.1557	0.208	0.7413
3540	0.5881	0.1537	0.06455	0.4979	0.5982	0.6959	0.9415
3560	0.6275	0.1666	0.06098	0.5205	0.6173	0.7609	0.9642
3580	0.645	0.1913	0.09577	0.5167	0.6653	0.8057	0.969
3600	0.5495	0.1893	0.0282	0.4262	0.6042	0.6981	0.9034
3620	0.4988	0.1879	0.05464	0.3516	0.5243	0.6625	0.8588
3640	0.425	0.1992	0.0216	0.2463	0.4578	0.5885	0.8185
3660	0.3706	0.1203	0.05305	0.2872	0.3253	0.4287	0.8296
3680	0.5754	0.1764	0.0728	0.4541	0.6199	0.7182	0.9051
3700	0.4722	0.119	0.05965	0.3915	0.4667	0.5536	0.7558
3720	0.3216	0.1777	0.02977	0.1683	0.2872	0.4628	0.8528
3740	0.2314	0.09318	0.01555	0.1691	0.2148	0.2764	0.7564
3760	0.06142	0.04588	0.007091	0.03093	0.04792	0.07777	0.4295
3780	0.6483	0.119	0.2276	0.5455	0.6563	0.7388	0.9122
3800	0.6828	0.1795	0.1139	0.5553	0.7115	0.8358	0.9734
3820	0.5837	0.1383	0.0615	0.5179	0.6077	0.6781	0.8815
3840	0.5836	0.1327	0.02647	0.4832	0.5845	0.6877	0.8701
3860	0.09217	0.1309	0.005005	0.02554	0.0456	0.08871	0.7887
3880	0.4956	0.1142	0.1216	0.4174	0.4985	0.5732	0.8824
3900	0.7977	0.1084	0.345	0.7734	0.8372	0.8655	0.9473
3920	0.5471	0.1801	0.03731	0.4258	0.5451	0.672	0.9637
3940	0.7277	0.09736	0.07828	0.688	0.7365	0.7833	0.9482
3960	0.4783	0.1178	0.1976	0.3899	0.4698	0.5532	0.8996
3980	0.4918	0.2156	0.02233	0.309	0.5275	0.6655	0.934
4000	0.447	0.2211	0.04664	0.2604	0.4328	0.617	0.9594
4020	0.5137	0.1276	0.07285	0.4306	0.5019	0.5783	0.9029
4040	0.2235	0.07666	0.009681	0.1982	0.2471	0.2718	0.4461
4060	0.5328	0.1486	0.01857	0.4505	0.5402	0.6353	0.8713
4080	0.3914	0.1878	0.01214	0.2562	0.3951	0.5071	0.965
4100	0.0741	0.05293	0.01137	0.04041	0.05984	0.09206	0.4328
4120	0.6495	0.1283	0.1287	0.5849	0.6671	0.7375	0.89
4140	0.5481	0.1011	0.1337	0.5033	0.5646	0.6192	0.7527
4160	0.5889	0.1274	0.1083	0.5249	0.6112	0.6806	0.898
4180	0.4382	0.1743	0.03411	0.2979	0.4114	0.5851	0.8593
4200	0.5182	0.08383	0.1338	0.47	0.4961	0.5548	0.8667
4220	0.3655	0.1799	0.05451	0.1936	0.3676	0.5156	0.7976
4240	0.4453	0.1347	0.1132	0.3401	0.4248	0.5368	0.8791
4260	0.2912	0.1059	0.003091	0.2296	0.3013	0.3568	0.8118
4280	0.3816	0.1219	0.0193	0.3132	0.3906	0.4612	0.774
4300	0.1454	0.1093	0.01135	0.06188	0.114	0.1992	0.7544
4320	0.4522	0.1257	0.01796	0.3808	0.4621	0.5203	0.8911
4340	0.2667	0.1452	0.003526	0.1531	0.2775	0.3534	0.7819
4360	0.3801	0.1844	0.03578	0.2156	0.3819	0.542	0.8134
4380	0.5897	0.1641	0.05375	0.4837	0.6047	0.7189	0.9151
4400	0.6623	0.1262	0.2425	0.5664	0.6541	0.7591	0.9832
4420	0.8163	0.1508	0.1019	0.7568	0.8686	0.9256	0.9834
4440	0.722	0.1003	0.1834	0.6905	0.7401	0.7759	0.9428
4460	0.5764	0.1817	0.03286	0.4653	0.5607	0.7111	0.9708
4480	0.5102	0.2472	0.08508	0.2665	0.5713	0.7289	0.9363
4500	0.4034	0.1521	0.0674	0.2804	0.4005	0.5092	0.9218
4520	0.7267	0.1089	0.09283	0.7064	0.7452	0.7791	0.9301
4540	0.4244	0.1256	0.1223	0.3289	0.4023	0.4965	0.8053
4560	0.2542	0.1556	0.03178	0.1486	0.2165	0.3157	0.9286
4580	0.5355	0.1109	0.1315	0.4688	0.5065	0.5934	0.9368
4600	0.5215	0.2262	0.08311	0.297	0.5903	0.7238	0.9115
4620	0.4475	0.1686	0.01068	0.3369	0.4613	0.5522	0.9328
4640	0.5626	0.1492	0.01519	0.4704	0.5879	0.6715	0.9345
4660	0.671	0.2021	0.05708	0.6108	0.7424	0.8037	0.9753
4680	0.3659	0.1155	0.1201	0.2821	0.3502	0.4344	0.7825
4700	0.5865	0.2314	0.03751	0.3904	0.6231	0.7891	0.9697
4720	0.1477	0.08834	0.008246	0.06462	0.1375	0.2294	0.5361
4740	0.5645	0.1854	0.0885	0.3909	0.6503	0.7227	0.9218
4760	0.6025	0.1853	0.06622	0.4699	0.637	0.7501	0.9576
4780	0.4336	0.1952	0.02263	0.2941	0.3874	0.5683	0.9096
4800	0.1655	0.1034	0.02542	0.09336	0.1376	0.2081	0.7856
4820	0.5404	0.1597	0.05876	0.435	0.5332	0.6468	0.9729
4840	0.4635	0.1601	0.0509	0.3518	0.4922	0.5854	0.804
4860	0.4433	0.06468	0.2554	0.3987	0.4392	0.4813	0.7508
4880	0.3703	0.1426	0.07627	0.2577	0.3618	0.4735	0.8156
4900	0.558	0.2419	0.1006	0.3378	0.5459	0.7798	0.981
4920	0.2431	0.1857	0.008292	0.09808	0.1767	0.3477	0.7997
4940	0.5679	0.1099	0.1746	0.4797	0.5508	0.6643	0.8274
4960	0.6913	0.09211	0.09104	0.6603	0.7153	0.7416	0.923
4980	0.5228	0.1435	0.2427	0.4047	0.4951	0.6258	0.897
5000	0.03527	0.02799	0.005717	0.01815	0.02645	0.04216	0.2625
5020	0.4644	0.1552	0.07787	0.3705	0.4443	0.5509	0.9534
5040	0.4936	0.1547	0.1074	0.3678	0.4785	0.6119	0.8757
5060	0.7008	0.1506	0.1348	0.5999	0.7247	0.8121	0.9663
5080	0.08897	0.05376	0.01451	0.05332	0.0762	0.1092	0.4088
5100	0.5358	0.1619	0.1509	0.4122	0.5279	0.6507	0.938
5120	0.621	0.1888	0.03264	0.4973	0.6375	0.7759	0.9495
5140	0.4185	0.1895	0.003585	0.2914	0.3909	0.5271	0.9498
5160	0.4444	0.1111	0.01038	0.3775	0.444	0.4987	0.8773
5180	0.7133	0.1899	0.07775	0.6207	0.7762	0.8526	0.982
5200	0.4655	0.07791	0.167	0.4232	0.4749	0.5219	0.6373
5220	0.6147	0.1687	0.1684	0.496	0.6655	0.7497	0.8782
5240	0.478	0.1956	0.04933	0.3309	0.4539	0.6221	0.949
5260	0.26	0.1689	0.03609	0.1246	0.2043	0.3776	0.8171
5280	0.5301	0.2292	0.02822	0.3427	0.547	0.7353	0.9346
5300	0.3056	0.108	0.05402	0.247	0.2947	0.351	0.9214
5320	0.04851	0.09973	0.001136	0.008626	0.01673	0.04308	0.872
5340	0.4786	0.1521	0.02375	0.3884	0.4974	0.5844	0.8705
5360	0.5391	0.1744	0.02209	0.4006	0.5561	0.6795	0.8938
5380	0.2815	0.07781	0.1606	0.238	0.2642	0.2983	0.8343
5400	0.4876	0.1778	0.009801	0.3624	0.4766	0.6215	0.8996
5420	0.3403	0.1552	0.0125	0.2141	0.356	0.4587	0.7199
5440	0.3564	0.197	0.06599	0.1952	0.2958	0.4906	0.9252
5460	0.5378	0.1582	0.0495	0.4407	0.548	0.6394	0.9023
5480	0.594	0.2479	0.05101	0.4098	0.6466	0.7985	0.9774
5500	0.4363	0.1589	0.01049	0.3378	0.4343	0.527	0.9331
5520	0.6015	0.1384	0.03031	0.4994	0.6303	0.7189	0.8466
5540	0.6312	0.1596	0.05841	0.5526	0.6841	0.7445	0.9118
5560	0.4959	0.1311	0.03792	0.4246	0.4967	0.5884	0.8249
5580	0.4763	0.139	0.01703	0.4185	0.4967	0.5702	0.8158
5600	0.7784	0.1402	0.2547	0.7043	0.8145	0.8873	0.963
5620	0.6306	0.07821	0.4504	0.5681	0.6316	0.6942	0.8251
5640	0.4542	0.1359	0.1282	0.3545	0.4502	0.5399	0.8747
5660	0.4691	0.1596	0.02728	0.3621	0.4358	0.5676	0.9285
5680	0.5113	0.1903	0.05885	0.3651	0.5137	0.6496	0.9712
5700	0.6373	0.1528	0.08362	0.5487	0.6577	0.7474	0.972
5720	0.26	0.1271	0.02852	0.169	0.2315	0.3255	0.7679
5740	0.5497	0.07552	0.4513	0.4913	0.527	0.5911	0.8809
5760	0.5842	0.1265	0.009559	0.5088	0.5754	0.6683	0.9368
5780	0.2031	0.1633	0.01292	0.086	0.1501	0.2756	0.8622
5800	0.6496	0.1502	0.06327	0.5847	0.6883	0.7495	0.9001
5820	0.7057	0.1437	0.1113	0.6688	0.7457	0.7907	0.9542
5840	0.734	0.1601	0.1106	0.7032	0.7677	0.8305	0.9687
5860	0.536	0.202	0.01916	0.4105	0.5198	0.6751	0.9593
5880	0.2361	0.1041	0.01362	0.171	0.2609	0.2849	0.7748
5900	0.5364	0.1782	0.01328	0.4169	0.5535	0.6622	0.9591
5920	0.01826	0.01476	0.003769	0.01008	0.01419	0.02093	0.1521
5940	0.3815	0.1385	0.08792	0.2875	0.3702	0.4639	0.933
5960	0.582	0.1682	0.03864	0.4745	0.6352	0.7077	0.9703
5980	0.3676	0.1949	0.05477	0.2071	0.3041	0.5042	0.9287
6000	0.537	0.2062	0.008617	0.3936	0.5283	0.707	0.9229
6020	0.7032	0.1631	0.04373	0.6525	0.7431	0.8025	0.9601
6040	0.6479	0.2226	0.02779	0.5119	0.7113	0.8244	0.9587
6060	0.639	0.1503	0.07589	0.5509	0.6642	0.7495	0.9288
6080	0.3073	0.1334	0.09095	0.2243	0.2765	0.3423	0.8974
6100	0.3688	0.1806	0.05943	0.2331	0.3348	0.4706	0.9447
6120	0.3883	0.08044	0.1074	0.3387	0.3877	0.4358	0.6933
6140	0.3618	0.1379	0.05387	0.27	0.3218	0.4296	0.9087
6160	0.4534	0.1436	0.1341	0.353	0.4414	0.5419	0.945
6180	0.6584	0.1535	0.1545	0.5527	0.6899	0.7798	0.9358
6200	0.7477	0.159	0.1104	0.6518	0.8002	0.8717	0.9716
6220	0.6297	0.1512	0.02581	0.57	0.6783	0.7245	0.903
6240	0.6719	0.1745	0.1361	0.5447	0.698	0.8084	0.9609
6260	0.5678	0.1957	0.05834	0.4115	0.5624	0.7286	0.9673
6280	0.5668	0.1523	0.08396	0.4699	0.5833	0.6729	0.9759
6300	0.6313	0.2547	0.04005	0.4191	0.7145	0.8466	0.9659
6320	0.3422	0.1837	0.04476	0.1783	0.3248	0.4911	0.7988
6340	0.5774	0.1413	0.136	0.484	0.5891	0.675	0.9567
6360	0.5975	0.1095	0.03306	0.5108	0.5893	0.6926	0.8845
6380	0.6874	0.1931	0.02233	0.5823	0.7426	0.8339	0.9647
6400	0.429	0.1851	0.03961	0.2906	0.414	0.5461	0.9224
6420	0.4227	0.2211	0.01687	0.2176	0.4652	0.6048	0.9386
6440	0.8058	0.1409	0.06862	0.7447	0.8582	0.9019	0.978
6460	0.6752	0.191	0.05624	0.5562	0.7157	0.8314	0.9503
6480	0.6084	0.1255	0.1341	0.5416	0.6321	0.7015	0.8594
6500	0.601	0.1753	0.04676	0.4869	0.6321	0.7375	0.9501
6520	0.5525	0.1078	0.09451	0.4836	0.545	0.6342	0.8303
6540	0.4744	0.1961	0.02537	0.3446	0.4575	0.601	0.9597
6560	0.6295	0.1283	0.05685	0.5596	0.6566	0.723	0.8738
6580	0.4921	0.1906	0.04445	0.3473	0.4924	0.6451	0.909
6600	0.03142	0.01625	0.006941	0.02024	0.02756	0.03858	0.1126
6620	0.2535	0.1201	0.03189	0.1698	0.2228	0.2972	0.6995
6640	0.5371	0.1893	0.1504	0.3857	0.5226	0.6855	0.9243
6660	0.406	0.1873	0.009593	0.2771	0.4142	0.5322	0.8542
6680	0.4428	0.09956	0.1669	0.3762	0.4355	0.5056	0.8478
6700	0.711	0.1875	0.01592	0.6141	0.7585	0.8609	0.9707
6720	0.5215	0.08257	0.03286	0.4773	0.5071	0.5609	0.8184
6740	0.6205	0.1142	0.2393	0.5206	0.6009	0.7157	0.9274
6760	0.4254	0.1232	0.09641	0.3368	0.4066	0.4944	0.8307
6780	0.0827	0.05623	0.01173	0.04311	0.06753	0.1025	0.3948
6800	0.631	0.1404	0.01815	0.5255	0.6431	0.7358	0.9453
6820	0.225	0.1193	0.03104	0.1486	0.1997	0.2635	0.8853
6840	0.2697	0.126	0.0576	0.2048	0.2488	0.2844	0.9465
6860	0.4588	0.1208	0.06853	0.3969	0.4724	0.5413	0.7646
6880	0.6379	0.1719	0.1008	0.5475	0.6878	0.7612	0.9519
6900	0.3408	0.1637	0.05378	0.2258	0.3025	0.4216	0.8994
6920	0.4597	0.06534	0.07804	0.4545	0.4624	0.4777	0.7513
6940	0.08677	0.05795	0.01482	0.05033	0.07252	0.104	0.5214
6960	0.3251	0.1636	0.01029	0.2119	0.3281	0.4229	0.8827
6980	0.5025	0.1367	0.1512	0.4016	0.4862	0.5725	0.9565
7000	0.6028	0.214	0.03715	0.4354	0.6398	0.7817	0.9766
7020	0.1883	0.1547	0.01617	0.07204	0.1263	0.2761	0.8129
7040	0.4271	0.2201	0.02162	0.2672	0.4128	0.5791	0.9755
7060	0.1592	0.1125	0.01108	0.07403	0.1307	0.2154	0.6908
7080	0.5402	0.1722	0.02343	0.4294	0.5422	0.6654	0.956
7100	0.72	0.119	0.3365	0.6647	0.7438	0.8069	0.9314
7120	0.2122	0.1137	0.03127	0.1291	0.1898	0.2726	0.7513
7140	0.6237	0.1897	0.03488	0.4865	0.654	0.7812	0.9465
7160	0.4794	0.1551	0.0758	0.3594	0.4918	0.6032	0.8102
7180	0.291	0.2208	0.005248	0.08258	0.2503	0.4745	0.8678
7200	0.6047	0.1282	0.01061	0.5274	0.6219	0.7022	0.9211
7220	0.4939	0.2298	0.03536	0.2962	0.5108	0.6927	0.9061
7240	0.4458	0.1869	0.04705	0.309	0.4234	0.6011	0.9077
7260	0.4581	0.1479	0.02026	0.3875	0.4836	0.5379	0.9241
7280	0.2806	0.1851	0.007765	0.1451	0.2251	0.3737	0.9385
7300	0.5029	0.1806	0.06314	0.3662	0.5091	0.6468	0.907
7320	0.1191	0.1026	0.003982	0.03632	0.06932	0.2086	0.5004
7340	0.4726	0.1857	0.02318	0.3292	0.4474	0.6245	0.9035
7360	0.6193	0.1762	0.1508	0.493	0.6122	0.7427	0.9741
7380	0.6016	0.2437	0.0187	0.4449	0.6647	0.7931	0.9581
7400	0.7028	0.1007	0.248	0.6552	0.7204	0.7721	0.9065
7420	0.5883	0.112	0.1359	0.5194	0.5977	0.6697	0.8701
7440	0.6958	0.1515	0.1847	0.6573	0.7412	0.7852	0.9663
7460	0.224	0.08133	0.04437	0.1608	0.2244	0.2869	0.4304
7480	0.5493	0.1731	0.004718	0.4551	0.5412	0.6684	0.9664
7500	0.1308	0.0907	0.02868	0.08015	0.1087	0.1424	0.6273
7520	0.591	0.1173	0.1327	0.4971	0.5605	0.6689	0.9385
7540	0.3826	0.08821	0.1428	0.316	0.3816	0.442	0.697
7560	0.6353	0.1636	0.0843	0.5395	0.6543	0.7539	0.9485
7580	0.2012	0.1168	0.008986	0.103	0.1897	0.2809	0.7798
7600	0.6147	0.1807	0.06711	0.4638	0.5994	0.7718	0.9607
7620	0.6672	0.1368	0.2099	0.5848	0.6836	0.7662	0.9582
7640	0.5353	0.2037	0.01644	0.3689	0.5271	0.7021	0.9402
7660	0.7924	0.1536	0.03896	0.7779	0.8344	0.8756	0.9566
7680	0.6263	0.168	0.1676	0.506	0.6536	0.7561	0.9642
7700	0.5161	0.2006	0.01276	0.4017	0.5426	0.6724	0.9474
7720	0.5603	0.1294	0.2533	0.4618	0.5266	0.6779	0.9235
7740	0.6141	0.1048	0.181	0.5272	0.6185	0.7019	0.9192
7760	0.5984	0.1899	0.0563	0.4606	0.6421	0.7528	0.9461
7780	0.5791	0.1814	0.07323	0.4508	0.5744	0.7089	0.9548
7800	0.4251	0.1668	0.08542	0.2898	0.4033	0.5457	0.8582
7820	0.506	0.2282	0.01805	0.3282	0.5144	0.6974	0.9489
7840	0.2096	0.1012	0.04591	0.1348	0.1891	0.2656	0.7862
7860	0.6193	0.1869	0.03218	0.492	0.6285	0.7694	0.9588
7880	0.6375	0.07988	0.36	0.5944	0.649	0.6949	0.8306
7900	0.7215	0.1416	0.1264	0.6415	0.7402	0.828	0.9691
7920	0.7249	0.1841	0.1108	0.6186	0.7689	0.8729	0.9807
7940	0.5265	0.1106	0.05957	0.4647	0.5017	0.5751	0.9175
7960	0.5172	0.2082	0.04136	0.3821	0.5641	0.6726	0.8783
7980	0.4472	0.1673	0.0467	0.3246	0.4196	0.5633	0.8415
8000	0.3491	0.1421	0.09832	0.243	0.3075	0.4305	0.8681
8020	0.7626	0.1085	0.07684	0.7183	0.7783	0.8376	0.9284
8040	0.6407	0.1469	0.01028	0.5326	0.6437	0.7523	0.9449
8060	0.6051	0.1556	0.03196	0.5302	0.6462	0.7182	0.9447
8080	0.6454	0.1211	0.07019	0.5526	0.6643	0.7361	0.9325
8100	0.6387	0.1233	0.1245	0.5597	0.6532	0.7302	0.8989
8120	0.4545	0.138	0.117	0.3586	0.4309	0.531	0.9198
8140	0.7358	0.1194	0.1744	0.685	0.7579	0.8099	0.9601
8160	0.5227	0.1551	0.09284	0.4064	0.5216	0.6351	0.9684
8180	0.5065	0.05802	0.4049	0.4694	0.4874	0.5179	0.7981
8200	0.6545	0.183	0.112	0.57	0.7195	0.7818	0.9435
8220	0.6818	0.1707	0.05297	0.6156	0.7344	0.7972	0.9617
8240	0.09046	0.07584	0.006374	0.03786	0.06826	0.1213	0.611
8260	0.2207	0.1524	0.02256	0.1154	0.174	0.2785	0.8432
8280	0.5619	0.1873	0.1758	0.4048	0.5742	0.7222	0.9251
8300	0.6227	0.1852	0.07053	0.5104	0.6816	0.7579	0.9588
8320	0.7058	0.1748	0.1732	0.6047	0.7645	0.8376	0.963
8340	0.5369	0.1233	0.2391	0.444	0.5283	0.6185	0.9568
8360	0.4052	0.2953	0.03569	0.1464	0.2534	0.7359	0.9713
8380	0.4668	0.1108	0.06112	0.4127	0.4754	0.5207	0.931
8400	0.4828	0.1639	0.01399	0.4113	0.4941	0.579	0.917
8420	0.6062	0.1175	0.1183	0.5087	0.589	0.695	0.9401
8440	0.5091	0.1817	0.08651	0.3445	0.4997	0.67	0.9082
8460	0.175	0.1736	0.003215	0.04019	0.1048	0.2746	0.9154
8480	0.6865	0.1696	0.0827	0.5604	0.7243	0.8194	0.9839
8500	0.4595	0.1176	0.03235	0.3705	0.4818	0.543	0.7444
8520	0.6523	0.2159	0.02707	0.4943	0.7119	0.8331	0.956
8540	0.5649	0.09824	0.1064	0.4852	0.5329	0.6314	0.9319
8560	0.1781	0.08164	0.04561	0.1262	0.1662	0.2118	0.7921
8580	0.6673	0.07305	0.1922	0.6313	0.6697	0.7083	0.8965
8600	0.5778	0.1161	0.1776	0.5071	0.5916	0.6608	0.9192
8620	0.6985	0.1868	0.09238	0.5706	0.7482	0.8439	0.9893
8640	0.3713	0.1191	0.124	0.2868	0.3551	0.436	0.8287
8660	0.4996	0.1096	0.1763	0.4265	0.5082	0.5712	0.8548
8680	0.6726	0.1919	0.05365	0.5552	0.7122	0.8193	0.9813
8700	0.551	0.1115	0.1156	0.49	0.5671	0.6276	0.84
8720	0.3612	0.188	0.04984	0.1931	0.3278	0.5197	0.7847
8740	0.6945	0.1244	0.07621	0.6276	0.7229	0.776	0.9598
8760	0.3154	0.2386	0.004657	0.05978	0.3166	0.5391	0.8315
8780	0.6408	0.2122	0.02588	0.5504	0.7042	0.795	0.9615
8800	0.1182	0.07974	0.0242	0.07086	0.09469	0.134	0.6247
8820	0.1824	0.1317	0.03751	0.1	0.1402	0.2078	0.7538
8840	0.7095	0.1547	0.1797	0.6038	0.7439	0.8358	0.9487
8860	0.4172	0.234	0.02199	0.199	0.4234	0.6228	0.9408
8880	0.2178	0.2397	0.01502	0.07378	0.1128	0.2199	0.9585
8900	0.653	0.1434	0.02615	0.5563	0.6553	0.7574	0.961
8920	0.5048	0.1602	0.04013	0.425	0.5147	0.6251	0.9218
8940	0.4148	0.1284	0.08803	0.336	0.4269	0.4936	0.8025
8960	0.6568	0.1048	0.1872	0.6049	0.6787	0.7314	0.8661
8980	0.2162	0.07731	0.03998	0.1589	0.2122	0.2634	0.5526
9000	0.02405	0.03815	0.004146	0.01066	0.01586	0.02522	0.6095
9020	0.3258	0.213	0.009701	0.1565	0.2962	0.4668	0.9465
9040	0.5737	0.1085	0.1966	0.4921	0.5843	0.6559	0.8256
9060	0.4604	0.1114	0.04445	0.4105	0.4706	0.5303	0.7892
9080	0.7535	0.1075	0.1475	0.7113	0.7839	0.8253	0.9429
9100	0.6668	0.1586	0.08779	0.5919	0.7037	0.7724	0.9423
9120	0.6664	0.1441	0.1747	0.5635	0.6829	0.7864	0.9235
9140	0.6886	0.2179	0.04299	0.5799	0.7549	0.851	0.9817
9160	0.5023	0.1427	0.1195	0.4221	0.4956	0.5875	0.9237
9180	0.3838	0.08359	0.1323	0.3254	0.3813	0.4403	0.693
9200	0.118	0.07525	0.008194	0.05674	0.1021	0.1699	0.4378
9220	0.1046	0.09343	0.006016	0.03542	0.07208	0.1395	0.6036
9240	0.4889	0.2142	0.01166	0.3435	0.4751	0.6471	0.9216
9260	0.4252	0.1161	0.07763	0.3562	0.4211	0.4848	0.9378
9280	0.4953	0.1623	0.0731	0.3862	0.5073	0.6112	0.9334
9300	0.615	0.09391	0.1658	0.5583	0.6184	0.6731	0.9073
9320	0.3914	0.1949	0.04251	0.2419	0.3387	0.5305	0.9565
9340	0.1273	0.05474	0.02163	0.08684	0.12	0.1589	0.3287
9360	0.6665	0.2224	0.05815	0.5792	0.7408	0.8313	0.9672
9380	0.3793	0.08816	0.1176	0.3158	0.3566	0.4203	0.702
9400	0.5564	0.1056	0.1267	0.4835	0.528	0.6168	0.9527
9420	0.516	0.1829	0.0398	0.3559	0.5113	0.6667	0.9434
9440	0.1032	0.1094	0.006401	0.03766	0.06379	0.1263	0.817
9460	0.7106	0.1854	0.02473	0.6835	0.7615	0.818	0.9651
9480	0.6785	0.1444	0.0946	0.5927	0.71	0.7791	0.9491
9500	0.4573	0.1905	0.08196	0.3069	0.4175	0.5933	0.9545
9520	0.6248	0.1476	0.2489	0.5023	0.6427	0.7434	0.9174
9540	0.4516	0.1376	0.04621	0.3426	0.4432	0.5575	0.8683
9560	0.1708	0.1315	0.01101	0.07694	0.1368	0.2248	0.8654
9580	0.5575	0.1687	0.02457	0.4279	0.5534	0.6974	0.947
9600	0.1464	0.1187	0.002441	0.04069	0.1133	0.2439	0.5512
9620	0.4365	0.1569	0.06271	0.3208	0.4432	0.5611	0.7894
9640	0.7045	0.1861	0.01693	0.6228	0.7594	0.8386	0.9628
9660	0.2752	0.1757	0.008525	0.1101	0.2663	0.4264	0.7977
9680	0.1408	0.1422	0.004808	0.0407	0.08411	0.1951	0.8192
9700	0.6686	0.1473	0.09552	0.6063	0.704	0.7751	0.8941
9720	0.6758	0.2343	0.05073	0.5325	0.7491	0.8616	0.9812
9740	0.583	0.1196	0.0413	0.4932	0.5612	0.6758	0.9287
9760	0.6657	0.1917	0.04912	0.5214	0.7173	0.8263	0.949
9780	0.5386	0.1241	0.04066	0.4649	0.5144	0.621	0.8996
9800	0.08706	0.03901	0.01502	0.05726	0.08069	0.11	0.3342
9820	0.5489	0.2148	0.01807	0.4034	0.5819	0.7156	0.9494
9840	0.4166	0.1137	0.1256	0.3217	0.4189	0.5126	0.7323
9860	0.7453	0.1648	0.1444	0.646	0.7957	0.8739	0.9665
9880	0.2346	0.08984	0.03833	0.1675	0.2271	0.2909	0.6201
9900	0.5678	0.1773	0.09627	0.4231	0.5796	0.7167	0.9059
9920	0.5586	0.101	0.07885	0.4856	0.535	0.6226	0.9097
9940	0.4229	0.223	0.0333	0.2271	0.3994	0.6261	0.9131
9960	0.2863	0.1601	0.01524	0.1414	0.2942	0.419	0.697
9980	0.2833	0.1222	0.01615	0.1934	0.3006	0.3677	0.6604
