idx	label	predict	radius	correct	unperturbed predict	unperturbed correct	time
0	0	0	0.165	1	0	1	0:02:59.208441
100	2	2	0.947	1	2	1	0:02:55.306593
200	4	395	0.0461	0	395	0	0:02:55.561347
300	6	6	0.947	1	6	1	0:02:55.437163
400	8	8	0.947	1	8	1	0:02:55.035227
500	10	10	0.874	1	10	1	0:02:55.079712
600	12	12	0.0471	1	12	1	0:02:55.346980
700	14	14	0.947	1	14	1	0:02:55.689689
800	16	16	0.947	1	16	1	0:02:55.277646
900	18	18	0.117	1	18	1	0:02:55.430384
1000	20	20	0.947	1	20	1	0:02:55.187507
1100	22	21	0.265	0	21	0	0:02:55.388259
1200	24	24	0.947	1	24	1	0:02:55.041906
1300	26	26	0.461	1	26	1	0:02:55.148571
1400	28	-1	0.0	0	28	1	0:02:51.404179
1500	30	30	0.287	1	30	1	0:02:51.631798
1600	32	-1	0.0	0	103	0	0:02:51.705750
1700	34	327	0.0545	0	327	0	0:02:52.338639
1800	36	35	0.611	0	35	0	0:02:51.446994
1900	38	38	0.222	1	38	1	0:02:49.874795
2000	40	31	0.0489	0	31	0	0:02:49.802814
2100	42	48	0.826	0	48	0	0:02:51.246090
2200	44	44	0.666	1	44	1	0:02:50.954461
2300	46	46	0.537	1	46	1	0:02:51.471067
2400	48	48	0.168	1	48	1	0:02:51.281027
2500	50	50	0.676	1	50	1	0:02:51.464936
2600	52	52	0.41	1	52	1	0:02:51.114359
2700	54	57	0.947	0	57	0	0:02:51.420085
2800	56	56	0.478	1	56	1	0:02:51.432154
2900	58	-1	0.0	0	58	1	0:02:51.482459
3000	60	62	0.367	0	62	0	0:02:51.468013
3100	62	62	0.444	1	62	1	0:02:51.245007
3200	64	64	0.631	1	64	1	0:02:50.968415
3300	66	63	0.132	0	63	0	0:02:51.379649
3400	68	-1	0.0	0	-1	0	0:02:51.031942
3500	70	70	0.947	1	70	1	0:02:51.605877
3600	72	72	0.947	1	72	1	0:02:51.424470
3700	74	74	0.499	1	74	1	0:02:51.523192
3800	76	76	0.635	1	76	1	0:02:51.200137
3900	78	78	0.634	1	78	1	0:02:51.203840
4000	80	80	0.947	1	80	1	0:02:50.948725
4100	82	82	0.947	1	82	1	0:02:51.262001
4200	84	84	0.402	1	84	1	0:02:51.233199
4300	86	86	0.567	1	86	1	0:02:51.334450
4400	88	88	0.128	1	88	1	0:02:51.349220
4500	90	90	0.719	1	90	1	0:02:51.209859
4600	92	92	0.497	1	92	1	0:02:51.013069
4700	94	94	0.947	1	94	1	0:02:51.272842
4800	96	96	0.947	1	96	1	0:02:51.018947
4900	98	98	0.718	1	98	1	0:02:51.081823
5000	100	100	0.947	1	100	1	0:02:51.349762
5100	102	102	0.947	1	102	1	0:02:51.040239
5200	104	342	0.213	0	342	0	0:02:50.806493
5300	106	106	0.554	1	106	1	0:02:51.374167
5400	108	470	0.254	0	470	0	0:02:51.264254
5500	110	110	0.947	1	110	1	0:02:51.447166
5600	112	112	0.874	1	112	1	0:02:51.118170
5700	114	113	0.391	0	113	0	0:02:51.220783
5800	116	116	0.947	1	116	1	0:02:50.996635
5900	118	118	0.645	1	118	1	0:02:51.299021
6000	120	119	0.0789	0	119	0	0:02:51.402184
6100	122	122	0.947	1	122	1	0:02:51.569973
6200	124	123	0.111	0	123	0	0:02:51.247245
6300	126	126	0.528	1	126	1	0:02:51.214550
6400	128	128	0.947	1	128	1	0:02:51.561099
6500	130	130	0.947	1	130	1	0:02:51.183236
6600	132	132	0.947	1	132	1	0:02:51.213117
6700	134	132	0.21	0	132	0	0:02:51.191909
6800	136	136	0.947	1	136	1	0:02:51.362966
6900	138	138	0.93	1	138	1	0:02:51.172824
7000	140	140	0.947	1	140	1	0:02:51.070396
7100	142	142	0.802	1	142	1	0:02:51.204056
7200	144	144	0.93	1	144	1	0:02:51.209723
7300	146	146	0.0524	1	146	1	0:02:50.884405
7400	148	148	0.947	1	148	1	0:02:51.124857
7500	150	360	0.493	0	360	0	0:02:51.239350
7600	152	152	0.788	1	152	1	0:02:50.959744
7700	154	154	0.883	1	154	1	0:02:51.551165
7800	156	156	0.947	1	156	1	0:02:51.014872
7900	158	158	0.684	1	158	1	0:02:51.174413
8000	160	160	0.947	1	160	1	0:02:50.981098
8100	162	162	0.697	1	162	1	0:02:51.422409
8200	164	164	0.25	1	164	1	0:02:51.165891
8300	166	166	0.947	1	166	1	0:02:51.240503
8400	168	211	0.0549	0	211	0	0:02:50.938916
8500	170	172	0.348	0	172	0	0:02:51.480705
8600	172	172	0.625	1	172	1	0:02:51.060444
8700	174	174	0.676	1	174	1	0:02:50.996088
8800	176	176	0.386	1	176	1	0:02:50.873410
8900	178	178	0.947	1	178	1	0:02:50.933966
9000	180	243	0.286	0	243	0	0:02:51.151730
9100	182	182	0.042	1	182	1	0:02:51.494729
9200	184	-1	0.0	0	188	0	0:02:51.223023
9300	186	192	0.594	0	192	0	0:02:51.297728
9400	188	188	0.163	1	188	1	0:02:50.744832
9500	190	190	0.947	1	190	1	0:02:51.497031
9600	192	199	0.671	0	199	0	0:02:51.504453
9700	194	-1	0.0	0	202	0	0:02:50.356195
9800	196	199	0.947	0	199	0	0:02:49.506390
9900	198	196	0.036	0	196	0	0:02:49.543545
10000	200	200	0.819	1	200	1	0:02:49.224286
10100	202	202	0.947	1	202	1	0:02:49.385939
10200	204	204	0.244	1	204	1	0:02:49.334745
10300	206	206	0.947	1	206	1	0:02:49.820823
10400	208	208	0.392	1	208	1	0:02:49.288156
10500	210	210	0.51	1	210	1	0:02:49.769213
10600	212	212	0.219	1	212	1	0:02:49.247578
10700	214	214	0.571	1	214	1	0:02:49.607162
10800	216	216	0.83	1	216	1	0:02:49.363014
10900	218	218	0.947	1	218	1	0:02:49.678654
11000	220	220	0.533	1	220	1	0:02:49.439099
11100	222	222	0.0566	1	222	1	0:02:49.878769
11200	224	233	0.115	0	233	0	0:02:49.502757
11300	226	226	0.687	1	226	1	0:02:49.719462
11400	228	228	0.947	1	228	1	0:02:49.251937
11500	230	230	0.186	1	230	1	0:02:49.791168
11600	232	232	0.93	1	232	1	0:02:49.677713
11700	234	234	0.433	1	234	1	0:02:49.830812
11800	236	234	0.016	0	234	0	0:02:49.649412
11900	238	238	0.697	1	238	1	0:02:49.980216
12000	240	238	0.685	0	238	0	0:02:49.933295
12100	242	242	0.777	1	242	1	0:02:50.060148
12200	244	244	0.947	1	244	1	0:02:49.688851
12300	246	251	0.6	0	251	0	0:02:49.791946
12400	248	248	0.0839	1	248	1	0:02:49.685203
12500	250	169	0.239	0	169	0	0:02:49.530607
12600	252	252	0.719	1	252	1	0:02:49.521324
12700	254	254	0.235	1	254	1	0:02:49.524008
12800	256	256	0.947	1	256	1	0:02:49.337395
12900	258	258	0.508	1	258	1	0:02:49.645965
13000	260	260	0.532	1	260	1	0:02:49.630480
13100	262	262	0.947	1	262	1	0:02:49.727880
13200	264	264	0.308	1	264	1	0:02:49.646528
13300	266	266	0.176	1	266	1	0:02:49.844749
13400	268	268	0.947	1	268	1	0:02:49.538392
13500	270	270	0.947	1	270	1	0:02:49.433087
13600	272	274	0.309	0	274	0	0:02:49.842914
13700	274	274	0.947	1	274	1	0:02:49.804827
13800	276	276	0.947	1	276	1	0:02:50.091865
13900	278	278	0.704	1	278	1	0:02:50.098307
14000	280	280	0.626	1	280	1	0:02:49.662395
14100	282	282	0.909	1	282	1	0:02:49.696626
14200	284	284	0.947	1	284	1	0:02:49.666968
14300	286	286	0.947	1	286	1	0:02:49.707803
14400	288	288	0.719	1	288	1	0:02:49.560396
14500	290	290	0.947	1	290	1	0:02:49.608844
14600	292	290	0.606	0	290	0	0:02:49.961836
14700	294	294	0.639	1	294	1	0:02:49.937193
14800	296	296	0.627	1	296	1	0:02:49.596571
14900	298	-1	0.0	0	298	1	0:02:50.020284
15000	300	300	0.947	1	300	1	0:02:49.765125
15100	302	302	0.0343	1	302	1	0:02:50.260038
15200	304	301	0.947	0	301	0	0:02:49.776577
15300	306	306	0.947	1	306	1	0:02:49.715883
15400	308	308	0.812	1	308	1	0:02:49.702004
15500	310	310	0.947	1	310	1	0:02:49.762083
15600	312	-1	0.0	0	315	0	0:02:49.622478
15700	314	314	0.734	1	314	1	0:02:50.223437
15800	316	316	0.947	1	316	1	0:02:49.797333
15900	318	318	0.466	1	318	1	0:02:49.453312
16000	320	320	0.947	1	320	1	0:02:49.366428
16100	322	322	0.748	1	322	1	0:02:49.969216
16200	324	324	0.947	1	324	1	0:02:49.758452
16300	326	326	0.93	1	326	1	0:02:49.543522
16400	328	328	0.947	1	328	1	0:02:49.711472
16500	330	330	0.402	1	330	1	0:02:49.767642
16600	332	-1	0.0	0	153	0	0:02:49.263495
16700	334	334	0.947	1	334	1	0:02:49.761350
16800	336	336	0.83	1	336	1	0:02:50.063448
16900	338	617	0.461	0	617	0	0:02:49.739291
17000	340	340	0.947	1	340	1	0:02:49.449767
17100	342	287	0.16	0	287	0	0:02:49.816856
17200	344	344	0.93	1	344	1	0:02:49.720679
17300	346	344	0.0428	0	344	0	0:02:49.633162
17400	348	348	0.781	1	348	1	0:02:49.503000
17500	350	350	0.947	1	350	1	0:02:49.878487
17600	352	352	0.847	1	352	1	0:02:49.435078
17700	354	354	0.947	1	354	1	0:02:50.083596
17800	356	-1	0.0	0	-1	0	0:02:49.786921
17900	358	359	0.183	0	359	0	0:02:50.059068
18000	360	360	0.847	1	360	1	0:02:50.037887
18100	362	362	0.947	1	362	1	0:02:50.067643
18200	364	364	0.719	1	364	1	0:02:49.391384
18300	366	366	0.406	1	366	1	0:02:49.701626
18400	368	368	0.947	1	368	1	0:02:49.793494
18500	370	370	0.947	1	370	1	0:02:50.155224
18600	372	372	0.527	1	372	1	0:02:49.797374
18700	374	-1	0.0	0	374	1	0:02:49.587114
18800	376	376	0.772	1	376	1	0:02:49.833130
18900	378	378	0.232	1	378	1	0:02:49.972833
19000	380	380	0.83	1	380	1	0:02:49.845277
19100	382	382	0.947	1	382	1	0:02:49.820962
19200	384	-1	0.0	0	283	0	0:02:49.790953
19300	386	101	0.402	0	101	0	0:02:49.706165
19400	388	388	0.544	1	388	1	0:02:49.310171
19500	390	390	0.771	1	390	1	0:02:49.977889
19600	392	397	0.57	0	397	0	0:02:49.938782
19700	394	-1	0.0	0	467	0	0:02:49.712397
19800	396	396	0.947	1	396	1	0:02:49.759850
19900	398	398	0.947	1	398	1	0:02:49.662291
20000	400	400	0.186	1	400	1	0:02:49.855851
20100	402	402	0.246	1	402	1	0:02:49.953566
20200	404	404	0.947	1	404	1	0:02:49.430671
20300	406	406	0.61	1	406	1	0:02:49.991560
20400	408	847	0.569	0	847	0	0:02:49.770605
20500	410	410	0.0814	1	410	1	0:02:49.962314
20600	412	412	0.332	1	412	1	0:02:49.470059
20700	414	414	0.39	1	414	1	0:02:49.643103
20800	416	416	0.866	1	416	1	0:02:49.737817
20900	418	563	0.947	0	563	0	0:02:49.688113
21000	420	420	0.241	1	420	1	0:02:49.833678
21100	422	422	0.259	1	422	1	0:02:49.819638
21200	424	-1	0.0	0	454	0	0:02:49.357641
21300	426	426	0.947	1	426	1	0:02:49.626011
21400	428	428	0.947	1	428	1	0:02:49.379318
21500	430	430	0.51	1	430	1	0:02:49.593544
21600	432	432	0.947	1	432	1	0:02:49.540724
21700	434	-1	0.0	0	434	1	0:02:49.677412
21800	436	436	0.947	1	436	1	0:02:49.556257
21900	438	438	0.261	1	438	1	0:02:49.533691
22000	440	737	0.069	0	737	0	0:02:49.425610
22100	442	442	0.918	1	442	1	0:02:49.569742
22200	444	-1	0.0	0	870	0	0:02:49.790193
22300	446	446	0.894	1	446	1	0:02:49.913970
22400	448	448	0.539	1	448	1	0:02:49.307070
22500	450	407	0.154	0	407	0	0:02:49.567217
22600	452	452	0.894	1	452	1	0:02:49.818627
22700	454	454	0.894	1	454	1	0:02:49.684386
22800	456	-1	0.0	0	645	0	0:02:49.328434
22900	458	458	0.918	1	458	1	0:02:49.998719
23000	460	978	0.118	0	978	0	0:02:49.620497
23100	462	462	0.947	1	462	1	0:02:50.088335
23200	464	439	0.515	0	439	0	0:02:49.682947
23300	466	466	0.947	1	466	1	0:02:49.729299
23400	468	468	0.93	1	468	1	0:02:49.634950
23500	470	624	0.0428	0	624	0	0:02:49.450752
23600	472	472	0.947	1	472	1	0:02:49.422618
23700	474	841	0.144	0	841	0	0:02:49.715098
23800	476	476	0.894	1	476	1	0:02:49.351881
23900	478	478	0.391	1	478	1	0:02:49.448018
24000	480	509	0.506	0	509	0	0:02:49.359332
24100	482	481	0.239	0	481	0	0:02:49.931095
24200	484	871	0.839	0	871	0	0:02:49.486942
24300	486	486	0.104	1	486	1	0:02:49.769871
24400	488	488	0.468	1	488	1	0:02:49.483720
24500	490	490	0.615	1	490	1	0:02:50.070900
24600	492	492	0.808	1	492	1	0:02:49.709052
24700	494	398	0.947	0	398	0	0:02:49.609166
24800	496	496	0.132	1	496	1	0:02:49.547514
24900	498	498	0.947	1	498	1	0:02:49.527589
25000	500	500	0.947	1	500	1	0:02:49.533906
25100	502	502	0.862	1	502	1	0:02:49.744394
25200	504	504	0.0479	1	504	1	0:02:49.948946
25300	506	506	0.661	1	506	1	0:02:49.923554
25400	508	508	0.947	1	508	1	0:02:49.333744
25500	510	510	0.947	1	510	1	0:02:49.862689
25600	512	740	0.252	0	740	0	0:02:49.350815
25700	514	514	0.947	1	514	1	0:02:49.834198
25800	516	431	0.0179	0	431	0	0:02:49.522008
25900	518	518	0.947	1	518	1	0:02:49.769003
26000	520	520	0.947	1	520	1	0:02:50.533701
26100	522	522	0.947	1	522	1	0:02:51.542499
26200	524	461	0.651	0	461	0	0:02:51.370194
26300	526	526	0.041	1	526	1	0:02:51.715223
26400	528	-1	0.0	0	478	0	0:02:51.238569
26500	530	531	0.947	0	531	0	0:02:51.709675
26600	532	532	0.14	1	532	1	0:02:51.447809
26700	534	-1	0.0	0	534	1	0:02:51.409771
26800	536	403	0.761	0	403	0	0:02:51.378526
26900	538	538	0.947	1	538	1	0:02:51.388895
27000	540	540	0.947	1	540	1	0:02:51.358673
27100	542	477	0.0224	0	477	0	0:02:50.573167
27200	544	926	0.37	0	926	0	0:02:51.221455
27300	546	546	0.719	1	546	1	0:02:51.321114
27400	548	548	0.888	1	548	1	0:02:51.248199
27500	550	505	0.249	0	505	0	0:02:51.225484
27600	552	552	0.947	1	552	1	0:02:51.095940
27700	554	554	0.768	1	554	1	0:02:51.393054
27800	556	421	0.0588	0	421	0	0:02:51.010356
27900	558	251	0.226	0	251	0	0:02:50.384925
28000	560	768	0.252	0	768	0	0:02:50.543137
28100	562	562	0.947	1	562	1	0:02:50.751453
28200	564	564	0.191	1	564	1	0:02:50.490861
28300	566	566	0.819	1	566	1	0:02:50.423288
28400	568	399	0.157	0	399	0	0:02:50.487296
28500	570	-1	0.0	0	-1	0	0:02:50.551382
28600	572	418	0.116	0	418	0	0:02:50.737467
28700	574	574	0.947	1	574	1	0:02:50.922105
28800	576	-1	0.0	0	-1	0	0:02:50.520101
28900	578	578	0.459	1	578	1	0:02:51.062440
29000	580	738	0.947	0	738	0	0:02:50.702503
29100	582	-1	0.0	0	-1	0	0:02:50.677331
29200	584	754	0.101	0	754	0	0:02:50.584871
29300	586	586	0.947	1	586	1	0:02:50.406993
29400	588	588	0.682	1	588	1	0:02:50.840035
29500	590	590	0.665	1	590	1	0:02:50.781870
29600	592	592	0.947	1	592	1	0:02:50.612306
29700	594	843	0.375	0	843	0	0:02:50.571625
29800	596	56	0.027	0	56	0	0:02:50.233969
29900	598	664	0.598	0	664	0	0:02:50.394497
30000	600	517	0.204	0	517	0	0:02:50.295604
30100	602	602	0.947	1	602	1	0:02:50.473945
30200	604	604	0.361	1	604	1	0:02:50.398068
30300	606	606	0.947	1	606	1	0:02:51.049184
30400	608	608	0.443	1	608	1	0:02:50.530068
30500	610	800	0.138	0	800	0	0:02:50.502435
30600	612	612	0.947	1	612	1	0:02:50.529936
30700	614	614	0.811	1	614	1	0:02:50.723782
30800	616	534	0.119	0	534	0	0:02:50.644035
30900	618	-1	0.0	0	828	0	0:02:50.514382
31000	620	681	0.118	0	681	0	0:02:50.568937
31100	622	622	0.947	1	622	1	0:02:50.780907
31200	624	453	0.832	0	453	0	0:02:50.752826
31300	626	542	0.124	0	542	0	0:02:50.519719
31400	628	-1	0.0	0	624	0	0:02:50.341674
31500	630	703	0.667	0	703	0	0:02:50.629124
31600	632	632	0.883	1	632	1	0:02:50.556322
31700	634	489	0.947	0	489	0	0:02:50.475402
31800	636	636	0.603	1	636	1	0:02:50.903418
31900	638	638	0.894	1	638	1	0:02:50.592554
32000	640	640	0.947	1	640	1	0:02:50.289580
32100	642	642	0.947	1	642	1	0:02:50.290758
32200	644	644	0.947	1	644	1	0:02:50.070544
32300	646	646	0.947	1	646	1	0:02:50.450208
32400	648	729	0.00994	0	729	0	0:02:50.434307
32500	650	546	0.0648	0	546	0	0:02:50.906375
32600	652	652	0.554	1	652	1	0:02:50.642872
32700	654	436	0.102	0	436	0	0:02:50.769566
32800	656	-1	0.0	0	656	1	0:02:50.518939
32900	658	658	0.947	1	658	1	0:02:50.719731
33000	660	660	0.433	1	660	1	0:02:50.625920
33100	662	662	0.014	1	662	1	0:02:50.943088
33200	664	851	0.116	0	851	0	0:02:50.344026
33300	666	659	0.255	0	659	0	0:02:50.917195
33400	668	-1	0.0	0	668	1	0:02:50.790048
33500	670	670	0.947	1	670	1	0:02:50.792535
33600	672	672	0.351	1	672	1	0:02:50.641438
33700	674	674	0.42	1	674	1	0:02:51.310180
33800	676	560	0.0274	0	560	0	0:02:50.687533
33900	678	678	0.947	1	678	1	0:02:50.882146
34000	680	-1	0.0	0	793	0	0:02:50.260132
34100	682	682	0.299	1	682	1	0:02:51.200795
34200	684	684	0.901	1	684	1	0:02:50.494368
34300	686	-1	0.0	0	550	0	0:02:50.836179
34400	688	688	0.947	1	688	1	0:02:50.581855
34500	690	690	0.0397	1	690	1	0:02:50.905822
34600	692	-1	0.0	0	481	0	0:02:50.788029
34700	694	694	0.947	1	694	1	0:02:50.975775
34800	696	-1	0.0	0	-1	0	0:02:50.764440
34900	698	698	0.086	1	698	1	0:02:51.146963
35000	700	700	0.459	1	700	1	0:02:50.575526
35100	702	422	0.826	0	422	0	0:02:50.802444
35200	704	704	0.723	1	704	1	0:02:50.564806
35300	706	536	0.213	0	536	0	0:02:49.976086
35400	708	682	0.778	0	682	0	0:02:49.638910
35500	710	710	0.361	1	710	1	0:02:49.764990
35600	712	-1	0.0	0	622	0	0:02:49.585483
35700	714	714	0.592	1	714	1	0:02:49.606837
35800	716	716	0.918	1	716	1	0:02:49.429688
35900	718	449	0.213	0	449	0	0:02:49.988209
36000	720	720	0.373	1	720	1	0:02:49.625461
36100	722	722	0.947	1	722	1	0:02:49.831781
36200	724	780	0.947	0	780	0	0:02:49.474784
36300	726	726	0.947	1	726	1	0:02:49.957896
36400	728	728	0.0588	1	728	1	0:02:49.996202
36500	730	856	0.847	0	856	0	0:02:49.952173
36600	732	732	0.947	1	732	1	0:02:49.593491
36700	734	734	0.947	1	734	1	0:02:49.835093
36800	736	736	0.947	1	736	1	0:02:49.599648
36900	738	738	0.618	1	738	1	0:02:49.907726
37000	740	-1	0.0	0	796	0	0:02:49.889726
37100	742	-1	0.0	0	466	0	0:02:50.207164
37200	744	657	0.918	0	657	0	0:02:49.945695
37300	746	746	0.947	1	746	1	0:02:50.581416
37400	748	748	0.947	1	748	1	0:02:51.196948
37500	750	172	0.0165	0	172	0	0:02:51.033710
37600	752	-1	0.0	0	830	0	0:02:50.622639
37700	754	848	0.33	0	848	0	0:02:50.866143
37800	756	756	0.947	1	756	1	0:02:50.572998
37900	758	758	0.526	1	758	1	0:02:50.971853
38000	760	651	0.242	0	651	0	0:02:50.723924
38100	762	762	0.452	1	762	1	0:02:50.866193
38200	764	593	0.019	0	593	0	0:02:50.717173
38300	766	766	0.878	1	766	1	0:02:50.812672
38400	768	768	0.555	1	768	1	0:02:50.626994
38500	770	770	0.207	1	770	1	0:02:50.757908
38600	772	772	0.769	1	772	1	0:02:51.069937
38700	774	774	0.874	1	774	1	0:02:50.966232
38800	776	683	0.206	0	683	0	0:02:50.624049
38900	778	707	0.271	0	707	0	0:02:50.880827
39000	780	780	0.101	1	780	1	0:02:50.774223
39100	782	664	0.57	0	664	0	0:02:50.811369
39200	784	505	0.0567	0	505	0	0:02:50.722723
39300	786	-1	0.0	0	513	0	0:02:50.938096
39400	788	743	0.0985	0	743	0	0:02:50.661484
39500	790	791	0.272	0	791	0	0:02:50.710917
39600	792	795	0.194	0	795	0	0:02:50.648831
39700	794	794	0.814	1	794	1	0:02:50.620515
39800	796	796	0.947	1	796	1	0:02:50.650073
39900	798	798	0.947	1	798	1	0:02:50.497416
40000	800	800	0.947	1	800	1	0:02:50.568143
40100	802	802	0.667	1	802	1	0:02:50.588955
40200	804	804	0.211	1	804	1	0:02:50.535336
40300	806	806	0.947	1	806	1	0:02:50.819732
40400	808	808	0.93	1	808	1	0:02:50.402732
40500	810	878	0.327	0	878	0	0:02:50.647805
40600	812	812	0.947	1	812	1	0:02:50.794941
40700	814	814	0.171	1	814	1	0:02:50.808038
40800	816	816	0.947	1	816	1	0:02:50.673663
40900	818	745	0.517	0	745	0	0:02:50.945804
41000	820	820	0.262	1	820	1	0:02:50.461613
41100	822	822	0.947	1	822	1	0:02:50.826896
41200	824	824	0.697	1	824	1	0:02:50.435557
41300	826	826	0.475	1	826	1	0:02:50.650455
41400	828	618	0.0508	0	618	0	0:02:50.735136
41500	830	830	0.211	1	830	1	0:02:51.008276
41600	832	832	0.445	1	832	1	0:02:51.322916
41700	834	417	0.335	0	417	0	0:02:51.933182
41800	836	444	0.418	0	444	0	0:02:52.141354
41900	838	631	0.894	0	631	0	0:02:51.981232
42000	840	840	0.947	1	840	1	0:02:51.718863
42100	842	842	0.0778	1	842	1	0:02:51.916956
42200	844	844	0.947	1	844	1	0:02:52.307510
42300	846	583	0.192	0	583	0	0:02:51.797134
42400	848	848	0.451	1	848	1	0:02:52.088269
42500	850	850	0.419	1	850	1	0:02:52.226091
42600	852	852	0.947	1	852	1	0:02:52.135420
42700	854	854	0.391	1	854	1	0:02:51.999703
42800	856	856	0.0842	1	856	1	0:02:51.868953
42900	858	832	0.228	0	832	0	0:02:51.955432
43000	860	892	0.709	0	892	0	0:02:51.804258
43100	862	862	0.262	1	862	1	0:02:51.906316
43200	864	864	0.104	1	864	1	0:02:51.743268
43300	866	866	0.203	1	866	1	0:02:51.855355
43400	868	968	0.269	0	968	0	0:02:51.853422
43500	870	870	0.856	1	870	1	0:02:52.063480
43600	872	840	0.157	0	840	0	0:02:51.646364
43700	874	874	0.947	1	874	1	0:02:51.875646
43800	876	648	0.366	0	648	0	0:02:51.810641
43900	878	878	0.947	1	878	1	0:02:51.879674
44000	880	870	0.418	0	870	0	0:02:52.121569
44100	882	-1	0.0	0	882	1	0:02:52.161296
44200	884	884	0.947	1	884	1	0:02:52.206524
44300	886	886	0.947	1	886	1	0:02:51.793100
44400	888	718	0.93	0	718	0	0:02:52.042066
44500	890	890	0.74	1	890	1	0:02:52.474074
44600	892	442	0.459	0	442	0	0:02:51.841697
44700	894	894	0.947	1	894	1	0:02:51.946647
44800	896	896	0.313	1	896	1	0:02:52.105917
44900	898	-1	0.0	0	508	0	0:02:52.442998
45000	900	900	0.947	1	900	1	0:02:51.704299
45100	902	902	0.947	1	902	1	0:02:52.152738
45200	904	905	0.673	0	905	0	0:02:52.041509
45300	906	906	0.909	1	906	1	0:02:51.918497
45400	908	895	0.374	0	895	0	0:02:51.720818
45500	910	910	0.0119	1	910	1	0:02:51.969094
45600	912	912	0.369	1	912	1	0:02:52.005862
45700	914	914	0.947	1	914	1	0:02:51.673928
45800	916	916	0.947	1	916	1	0:02:51.843775
45900	918	918	0.947	1	918	1	0:02:52.076925
46000	920	672	0.319	0	672	0	0:02:51.740026
46100	922	922	0.947	1	922	1	0:02:52.599123
46200	924	924	0.656	1	924	1	0:02:52.101727
46300	926	926	0.894	1	926	1	0:02:52.029043
46400	928	927	0.253	0	927	0	0:02:52.087354
46500	930	-1	0.0	0	964	0	0:02:51.990612
46600	932	932	0.428	1	932	1	0:02:52.117010
46700	934	934	0.351	1	934	1	0:02:52.025851
46800	936	936	0.947	1	936	1	0:02:52.133888
46900	938	938	0.408	1	938	1	0:02:52.002576
47000	940	940	0.271	1	940	1	0:02:52.011943
47100	942	942	0.947	1	942	1	0:02:52.054066
47200	944	946	0.704	0	946	0	0:02:52.096623
47300	946	946	0.947	1	946	1	0:02:52.269505
47400	948	948	0.947	1	948	1	0:02:51.885710
47500	950	950	0.764	1	950	1	0:02:51.295672
47600	952	90	0.947	0	90	0	0:02:51.225255
47700	954	-1	0.0	0	954	1	0:02:51.115837
47800	956	956	0.947	1	956	1	0:02:51.089870
47900	958	483	0.575	0	483	0	0:02:51.229339
48000	960	960	0.665	1	960	1	0:02:51.453471
48100	962	962	0.947	1	962	1	0:02:51.156961
48200	964	961	0.161	0	961	0	0:02:51.666639
48300	966	630	0.382	0	630	0	0:02:51.167181
48400	968	968	0.947	1	968	1	0:02:51.102399
48500	970	795	0.93	0	795	0	0:02:51.835963
48600	972	979	0.918	0	979	0	0:02:51.010195
48700	974	974	0.947	1	974	1	0:02:51.383686
48800	976	-1	0.0	0	724	0	0:02:51.401098
48900	978	701	0.137	0	701	0	0:02:51.473038
49000	980	980	0.947	1	980	1	0:02:51.519601
49100	982	982	0.947	1	982	1	0:02:51.361671
49200	984	984	0.947	1	984	1	0:02:51.730599
49300	986	986	0.947	1	986	1	0:02:51.139315
49400	988	988	0.549	1	988	1	0:02:51.377489
49500	990	990	0.313	1	990	1	0:02:51.550782
49600	992	992	0.947	1	992	1	0:02:51.222035
49700	994	994	0.947	1	994	1	0:02:52.371353
49800	996	996	0.744	1	996	1	0:02:51.477745
49900	998	998	0.947	1	998	1	0:02:50.147525
