idx	predict	radius	unperturbed predict	time
0	0	0.641	0	0:02:59.208441
100	1	0.535	1	0:02:55.306593
200	0	0.93	0	0:02:55.561347
300	1	0.539	1	0:02:55.437163
400	1	0.475	1	0:02:55.035227
500	1	0.36	1	0:02:55.079712
600	0	0.947	0	0:02:55.346980
700	1	0.947	1	0:02:55.689689
800	1	0.573	1	0:02:55.277646
900	0	0.564	0	0:02:55.430384
1000	1	0.697	1	0:02:55.187507
1100	0	0.433	0	0:02:55.388259
1200	1	0.93	1	0:02:55.041906
1300	0	0.595	0	0:02:55.148571
1400	0	0.534	0	0:02:51.404179
1500	0	0.28	0	0:02:51.631798
1600	0	0.947	0	0:02:51.705750
1700	0	0.894	0	0:02:52.338639
1800	0	0.947	0	0:02:51.446994
1900	0	0.247	0	0:02:49.874795
2000	0	0.75	0	0:02:49.802814
2100	1	0.266	1	0:02:51.246090
2200	1	0.0289	1	0:02:50.954461
2300	0	0.947	0	0:02:51.471067
2400	0	0.426	0	0:02:51.281027
2500	1	0.123	1	0:02:51.464936
2600	0	0.512	0	0:02:51.114359
2700	0	0.292	0	0:02:51.420085
2800	0	0.186	0	0:02:51.432154
2900	0	0.947	0	0:02:51.482459
3000	0	0.847	0	0:02:51.468013
3100	0	0.355	0	0:02:51.245007
3200	0	0.0821	0	0:02:50.968415
3300	0	0.774	0	0:02:51.379649
3400	0	0.747	0	0:02:51.031942
3500	1	0.918	1	0:02:51.605877
3600	0	0.667	0	0:02:51.424470
3700	0	0.733	0	0:02:51.523192
3800	0	0.0565	0	0:02:51.200137
3900	-1	0.0	1	0:02:51.203840
4000	1	0.947	1	0:02:50.948725
4100	0	0.101	0	0:02:51.262001
4200	0	0.543	0	0:02:51.233199
4300	0	0.947	0	0:02:51.334450
4400	0	0.314	0	0:02:51.349220
4500	0	0.233	0	0:02:51.209859
4600	0	0.421	0	0:02:51.013069
4700	1	0.947	1	0:02:51.272842
4800	1	0.947	1	0:02:51.018947
4900	0	0.179	0	0:02:51.081823
5000	1	0.947	1	0:02:51.349762
5100	1	0.947	1	0:02:51.040239
5200	0	0.758	0	0:02:50.806493
5300	1	0.0982	1	0:02:51.374167
5400	0	0.69	0	0:02:51.264254
5500	1	0.621	1	0:02:51.447166
5600	1	0.216	1	0:02:51.118170
5700	0	0.141	0	0:02:51.220783
5800	1	0.947	1	0:02:50.996635
5900	0	0.348	0	0:02:51.299021
6000	0	0.918	0	0:02:51.402184
6100	1	0.457	1	0:02:51.569973
6200	0	0.918	0	0:02:51.247245
6300	0	0.47	0	0:02:51.214550
6400	1	0.856	1	0:02:51.561099
6500	1	0.87	1	0:02:51.183236
6600	1	0.859	1	0:02:51.213117
6700	0	0.762	0	0:02:51.191909
6800	1	0.947	1	0:02:51.362966
6900	1	0.526	1	0:02:51.172824
7000	1	0.947	1	0:02:51.070396
7100	-1	0.0	0	0:02:51.204056
7200	1	0.406	1	0:02:51.209723
7300	0	0.789	0	0:02:50.884405
7400	1	0.947	1	0:02:51.124857
7500	0	0.223	0	0:02:51.239350
7600	1	0.381	1	0:02:50.959744
7700	1	0.399	1	0:02:51.551165
7800	1	0.389	1	0:02:51.014872
7900	0	0.363	0	0:02:51.174413
8000	1	0.947	1	0:02:50.981098
8100	0	0.527	0	0:02:51.422409
8200	0	0.427	0	0:02:51.165891
8300	1	0.0158	1	0:02:51.240503
8400	0	0.947	0	0:02:50.938916
8500	0	0.4	0	0:02:51.480705
8600	0	0.544	0	0:02:51.060444
8700	0	0.709	0	0:02:50.996088
8800	0	0.207	0	0:02:50.873410
8900	1	0.947	1	0:02:50.933966
9000	0	0.842	0	0:02:51.151730
9100	0	0.78	0	0:02:51.494729
9200	0	0.883	0	0:02:51.223023
9300	0	0.48	0	0:02:51.297728
9400	0	0.715	0	0:02:50.744832
9500	1	0.894	1	0:02:51.497031
9600	0	0.273	0	0:02:51.504453
9700	0	0.947	0	0:02:50.356195
9800	1	0.551	1	0:02:49.506390
9900	0	0.638	0	0:02:49.543545
10000	0	0.0174	0	0:02:49.224286
10100	1	0.202	1	0:02:49.385939
10200	0	0.358	0	0:02:49.334745
10300	1	0.816	1	0:02:49.820823
10400	0	0.736	0	0:02:49.288156
10500	0	0.552	0	0:02:49.769213
10600	0	0.397	0	0:02:49.247578
10700	1	0.0924	1	0:02:49.607162
10800	1	0.259	1	0:02:49.363014
10900	1	0.909	1	0:02:49.678654
11000	0	0.294	0	0:02:49.439099
11100	0	0.947	0	0:02:49.878769
11200	0	0.947	0	0:02:49.502757
11300	1	0.306	1	0:02:49.719462
11400	1	0.546	1	0:02:49.251937
11500	0	0.519	0	0:02:49.791168
11600	1	0.24	1	0:02:49.677713
11700	0	0.374	0	0:02:49.830812
11800	0	0.947	0	0:02:49.649412
11900	0	0.888	0	0:02:49.980216
12000	0	0.602	0	0:02:49.933295
12100	0	0.0367	0	0:02:50.060148
12200	1	0.947	1	0:02:49.688851
12300	0	0.642	0	0:02:49.791946
12400	0	0.947	0	0:02:49.685203
12500	0	0.698	0	0:02:49.530607
12600	1	0.204	1	0:02:49.521324
12700	0	0.679	0	0:02:49.524008
12800	1	0.665	1	0:02:49.337395
12900	0	0.17	0	0:02:49.645965
13000	1	0.223	1	0:02:49.630480
13100	1	0.947	1	0:02:49.727880
13200	0	0.24	0	0:02:49.646528
13300	0	0.947	0	0:02:49.844749
13400	1	0.947	1	0:02:49.538392
13500	1	0.93	1	0:02:49.433087
13600	0	0.593	0	0:02:49.842914
13700	1	0.894	1	0:02:49.804827
13800	1	0.947	1	0:02:50.091865
13900	0	0.475	0	0:02:50.098307
14000	0	0.0641	0	0:02:49.662395
14100	0	0.732	0	0:02:49.696626
14200	1	0.947	1	0:02:49.666968
14300	1	0.888	1	0:02:49.707803
14400	1	0.247	1	0:02:49.560396
14500	1	0.4	1	0:02:49.608844
14600	0	0.172	0	0:02:49.961836
14700	0	0.0344	0	0:02:49.937193
14800	1	0.307	1	0:02:49.596571
14900	0	0.947	0	0:02:50.020284
15000	1	0.947	1	0:02:49.765125
15100	0	0.806	0	0:02:50.260038
15200	1	0.664	1	0:02:49.776577
15300	1	0.947	1	0:02:49.715883
15400	1	0.316	1	0:02:49.702004
15500	1	0.947	1	0:02:49.762083
15600	0	0.947	0	0:02:49.622478
15700	0	0.246	0	0:02:50.223437
15800	1	0.947	1	0:02:49.797333
15900	0	0.306	0	0:02:49.453312
16000	1	0.0716	1	0:02:49.366428
16100	0	0.391	0	0:02:49.969216
16200	1	0.772	1	0:02:49.758452
16300	1	0.25	1	0:02:49.543522
16400	1	0.629	1	0:02:49.711472
16500	0	0.253	0	0:02:49.767642
16600	0	0.859	0	0:02:49.263495
16700	1	0.784	1	0:02:49.761350
16800	1	0.444	1	0:02:50.063448
16900	0	0.947	0	0:02:49.739291
17000	1	0.947	1	0:02:49.449767
17100	0	0.583	0	0:02:49.816856
17200	1	0.763	1	0:02:49.720679
17300	0	0.814	0	0:02:49.633162
17400	0	0.0048	-1	0:02:49.503000
17500	1	0.947	1	0:02:49.878487
17600	1	0.455	1	0:02:49.435078
17700	1	0.791	1	0:02:50.083596
17800	0	0.947	0	0:02:49.786921
17900	0	0.947	0	0:02:50.059068
18000	1	0.435	1	0:02:50.037887
18100	1	0.947	1	0:02:50.067643
18200	1	0.329	1	0:02:49.391384
18300	0	0.503	0	0:02:49.701626
18400	1	0.326	1	0:02:49.793494
18500	1	0.947	1	0:02:50.155224
18600	0	0.192	0	0:02:49.797374
18700	0	0.918	0	0:02:49.587114
18800	1	0.219	1	0:02:49.833130
18900	0	0.642	0	0:02:49.972833
19000	0	0.0259	0	0:02:49.845277
19100	0	0.171	0	0:02:49.820962
19200	0	0.947	0	0:02:49.790953
19300	0	0.947	0	0:02:49.706165
19400	1	0.247	1	0:02:49.310171
19500	1	0.163	1	0:02:49.977889
19600	0	0.0787	0	0:02:49.938782
19700	0	0.947	0	0:02:49.712397
19800	1	0.947	1	0:02:49.759850
19900	1	0.808	1	0:02:49.662291
20000	0	0.901	0	0:02:49.855851
20100	0	0.847	0	0:02:49.953566
20200	1	0.901	1	0:02:49.430671
20300	1	0.0428	1	0:02:49.991560
20400	0	0.553	0	0:02:49.770605
20500	0	0.695	0	0:02:49.962314
20600	0	0.809	0	0:02:49.470059
20700	0	0.191	0	0:02:49.643103
20800	1	0.144	1	0:02:49.737817
20900	1	0.434	1	0:02:49.688113
21000	0	0.947	0	0:02:49.833678
21100	0	0.664	0	0:02:49.819638
21200	0	0.947	0	0:02:49.357641
21300	1	0.947	1	0:02:49.626011
21400	1	0.947	1	0:02:49.379318
21500	0	0.284	0	0:02:49.593544
21600	1	0.901	1	0:02:49.540724
21700	0	0.947	0	0:02:49.677412
21800	1	0.395	1	0:02:49.556257
21900	0	0.592	0	0:02:49.533691
22000	0	0.901	0	0:02:49.425610
22100	0	0.763	0	0:02:49.569742
22200	0	0.947	0	0:02:49.790193
22300	1	0.258	1	0:02:49.913970
22400	0	0.417	0	0:02:49.307070
22500	0	0.878	0	0:02:49.567217
22600	1	0.17	1	0:02:49.818627
22700	1	0.0474	1	0:02:49.684386
22800	0	0.947	0	0:02:49.328434
22900	1	0.357	1	0:02:49.998719
23000	0	0.947	0	0:02:49.620497
23100	1	0.695	1	0:02:50.088335
23200	0	0.718	0	0:02:49.682947
23300	0	0.00798	-1	0:02:49.729299
23400	1	0.14	1	0:02:49.634950
23500	0	0.947	0	0:02:49.450752
23600	1	0.947	1	0:02:49.422618
23700	0	0.947	0	0:02:49.715098
23800	1	0.381	1	0:02:49.351881
23900	0	0.637	0	0:02:49.448018
24000	0	0.947	0	0:02:49.359332
24100	0	0.947	0	0:02:49.931095
24200	-1	0.0	-1	0:02:49.486942
24300	0	0.792	0	0:02:49.769871
24400	0	0.237	0	0:02:49.483720
24500	0	0.424	0	0:02:50.070900
24600	0	0.174	0	0:02:49.709052
24700	1	0.253	1	0:02:49.609166
24800	0	0.542	0	0:02:49.547514
24900	1	0.947	1	0:02:49.527589
25000	1	0.947	1	0:02:49.533906
25100	1	0.411	1	0:02:49.744394
25200	0	0.947	0	0:02:49.948946
25300	0	0.27	0	0:02:49.923554
25400	1	0.43	1	0:02:49.333744
25500	1	0.608	1	0:02:49.862689
25600	0	0.947	0	0:02:49.350815
25700	1	0.947	1	0:02:49.834198
25800	0	0.947	0	0:02:49.522008
25900	1	0.801	1	0:02:49.769003
26000	1	0.804	1	0:02:50.533701
26100	1	0.396	1	0:02:51.542499
26200	0	0.83	0	0:02:51.370194
26300	0	0.947	0	0:02:51.715223
26400	0	0.947	0	0:02:51.238569
26500	0	0.182	0	0:02:51.709675
26600	0	0.397	0	0:02:51.447809
26700	0	0.947	0	0:02:51.409771
26800	1	0.159	1	0:02:51.378526
26900	1	0.947	1	0:02:51.388895
27000	1	0.947	1	0:02:51.358673
27100	0	0.918	0	0:02:50.573167
27200	0	0.789	0	0:02:51.221455
27300	1	0.387	1	0:02:51.321114
27400	1	0.396	1	0:02:51.248199
27500	0	0.372	0	0:02:51.225484
27600	1	0.947	1	0:02:51.095940
27700	1	0.128	1	0:02:51.393054
27800	0	0.947	0	0:02:51.010356
27900	0	0.108	0	0:02:50.384925
28000	0	0.784	0	0:02:50.543137
28100	1	0.947	1	0:02:50.751453
28200	0	0.442	0	0:02:50.490861
28300	1	0.114	1	0:02:50.423288
28400	0	0.624	0	0:02:50.487296
28500	0	0.947	0	0:02:50.551382
28600	0	0.947	0	0:02:50.737467
28700	1	0.947	1	0:02:50.922105
28800	0	0.947	0	0:02:50.520101
28900	0	0.866	0	0:02:51.062440
29000	1	0.635	1	0:02:50.702503
29100	0	0.947	0	0:02:50.677331
29200	0	0.947	0	0:02:50.584871
29300	1	0.394	1	0:02:50.406993
29400	0	0.361	0	0:02:50.840035
29500	0	0.947	0	0:02:50.781870
29600	1	0.146	1	0:02:50.612306
29700	0	0.432	0	0:02:50.571625
29800	0	0.947	0	0:02:50.233969
29900	0	0.947	0	0:02:50.394497
30000	0	0.56	0	0:02:50.295604
30100	1	0.947	1	0:02:50.473945
30200	0	0.275	0	0:02:50.398068
30300	1	0.947	1	0:02:51.049184
30400	0	0.947	0	0:02:50.530068
30500	0	0.874	0	0:02:50.502435
30600	1	0.947	1	0:02:50.529936
30700	0	0.0118	0	0:02:50.723782
30800	0	0.947	0	0:02:50.644035
30900	0	0.947	0	0:02:50.514382
31000	0	0.947	0	0:02:50.568937
31100	1	0.947	1	0:02:50.780907
31200	0	0.947	0	0:02:50.752826
31300	0	0.947	0	0:02:50.519719
31400	0	0.947	0	0:02:50.341674
31500	0	0.301	0	0:02:50.629124
31600	0	0.0646	0	0:02:50.556322
31700	1	0.734	1	0:02:50.475402
31800	0	0.427	0	0:02:50.903418
31900	0	0.947	0	0:02:50.592554
32000	1	0.947	1	0:02:50.289580
32100	1	0.909	1	0:02:50.290758
32200	1	0.947	1	0:02:50.070544
32300	1	0.383	1	0:02:50.450208
32400	0	0.947	0	0:02:50.434307
32500	0	0.947	0	0:02:50.906375
32600	1	0.187	1	0:02:50.642872
32700	0	0.947	0	0:02:50.769566
32800	0	0.947	0	0:02:50.518939
32900	1	0.796	1	0:02:50.719731
33000	0	0.947	0	0:02:50.625920
33100	0	0.947	0	0:02:50.943088
33200	0	0.947	0	0:02:50.344026
33300	0	0.433	0	0:02:50.917195
33400	0	0.947	0	0:02:50.790048
33500	1	0.564	1	0:02:50.792535
33600	0	0.153	0	0:02:50.641438
33700	0	0.456	0	0:02:51.310180
33800	0	0.93	0	0:02:50.687533
33900	1	0.947	1	0:02:50.882146
34000	0	0.808	0	0:02:50.260132
34100	0	0.658	0	0:02:51.200795
34200	1	0.18	1	0:02:50.494368
34300	0	0.947	0	0:02:50.836179
34400	1	0.947	1	0:02:50.581855
34500	0	0.762	0	0:02:50.905822
34600	0	0.947	0	0:02:50.788029
34700	1	0.947	1	0:02:50.975775
34800	0	0.93	0	0:02:50.764440
34900	0	0.947	0	0:02:51.146963
35000	0	0.918	0	0:02:50.575526
35100	1	0.186	1	0:02:50.802444
35200	1	0.325	1	0:02:50.564806
35300	0	0.947	0	0:02:49.976086
35400	1	0.0149	1	0:02:49.638910
35500	0	0.773	0	0:02:49.764990
35600	0	0.947	0	0:02:49.585483
35700	1	0.0535	1	0:02:49.606837
35800	0	0.322	0	0:02:49.429688
35900	0	0.918	0	0:02:49.988209
36000	0	0.909	0	0:02:49.625461
36100	1	0.947	1	0:02:49.831781
36200	1	0.947	1	0:02:49.474784
36300	1	0.801	1	0:02:49.957896
36400	0	0.766	0	0:02:49.996202
36500	0	0.894	0	0:02:49.952173
36600	1	0.947	1	0:02:49.593491
36700	1	0.947	1	0:02:49.835093
36800	1	0.947	1	0:02:49.599648
36900	0	0.76	0	0:02:49.907726
37000	0	0.947	0	0:02:49.889726
37100	0	0.947	0	0:02:50.207164
37200	0	0.765	0	0:02:49.945695
37300	1	0.947	1	0:02:50.581416
37400	0	0.28	0	0:02:51.196948
37500	0	0.947	0	0:02:51.033710
37600	0	0.947	0	0:02:50.622639
37700	0	0.947	0	0:02:50.866143
37800	1	0.437	1	0:02:50.572998
37900	0	0.678	0	0:02:50.971853
38000	0	0.947	0	0:02:50.723924
38100	0	0.947	0	0:02:50.866193
38200	0	0.947	0	0:02:50.717173
38300	1	0.653	1	0:02:50.812672
38400	0	0.35	0	0:02:50.626994
38500	0	0.669	0	0:02:50.757908
38600	0	0.467	0	0:02:51.069937
38700	1	0.124	1	0:02:50.966232
38800	0	0.918	0	0:02:50.624049
38900	0	0.751	0	0:02:50.880827
39000	0	0.947	0	0:02:50.774223
39100	0	0.947	0	0:02:50.811369
39200	0	0.947	0	0:02:50.722723
39300	0	0.947	0	0:02:50.938096
39400	0	0.947	0	0:02:50.661484
39500	0	0.337	0	0:02:50.710917
39600	0	0.947	0	0:02:50.648831
39700	1	0.105	1	0:02:50.620515
39800	1	0.947	1	0:02:50.650073
39900	1	0.947	1	0:02:50.497416
40000	1	0.947	1	0:02:50.568143
40100	1	0.17	1	0:02:50.588955
40200	0	0.947	0	0:02:50.535336
40300	1	0.842	1	0:02:50.819732
40400	1	0.515	1	0:02:50.402732
40500	0	0.947	0	0:02:50.647805
40600	1	0.947	1	0:02:50.794941
40700	0	0.947	0	0:02:50.808038
40800	1	0.947	1	0:02:50.673663
40900	0	0.947	0	0:02:50.945804
41000	0	0.775	0	0:02:50.461613
41100	1	0.483	1	0:02:50.826896
41200	0	0.392	0	0:02:50.435557
41300	0	0.618	0	0:02:50.650455
41400	0	0.894	0	0:02:50.735136
41500	0	0.947	0	0:02:51.008276
41600	0	0.122	0	0:02:51.322916
41700	0	0.894	0	0:02:51.933182
41800	0	0.759	0	0:02:52.141354
41900	0	0.391	0	0:02:51.981232
42000	1	0.449	1	0:02:51.718863
42100	0	0.771	0	0:02:51.916956
42200	1	0.947	1	0:02:52.307510
42300	0	0.461	0	0:02:51.797134
42400	0	0.947	0	0:02:52.088269
42500	0	0.0974	0	0:02:52.226091
42600	1	0.947	1	0:02:52.135420
42700	0	0.414	0	0:02:51.999703
42800	0	0.93	0	0:02:51.868953
42900	0	0.947	0	0:02:51.955432
43000	0	0.87	0	0:02:51.804258
43100	0	0.373	0	0:02:51.906316
43200	0	0.523	0	0:02:51.743268
43300	0	0.63	0	0:02:51.855355
43400	0	0.947	0	0:02:51.853422
43500	0	0.0281	0	0:02:52.063480
43600	0	0.947	0	0:02:51.646364
43700	1	0.547	1	0:02:51.875646
43800	0	0.947	0	0:02:51.810641
43900	1	0.528	1	0:02:51.879674
44000	0	0.947	0	0:02:52.121569
44100	0	0.947	0	0:02:52.161296
44200	1	0.789	1	0:02:52.206524
44300	1	0.698	1	0:02:51.793100
44400	0	0.837	0	0:02:52.042066
44500	1	0.258	1	0:02:52.474074
44600	0	0.819	0	0:02:51.841697
44700	1	0.947	1	0:02:51.946647
44800	0	0.6	0	0:02:52.105917
44900	0	0.947	0	0:02:52.442998
45000	1	0.947	1	0:02:51.704299
45100	1	0.947	1	0:02:52.152738
45200	0	0.947	0	0:02:52.041509
45300	1	0.626	1	0:02:51.918497
45400	0	0.609	0	0:02:51.720818
45500	0	0.419	0	0:02:51.969094
45600	0	0.502	0	0:02:52.005862
45700	1	0.772	1	0:02:51.673928
45800	1	0.947	1	0:02:51.843775
45900	1	0.947	1	0:02:52.076925
46000	0	0.874	0	0:02:51.740026
46100	1	0.777	1	0:02:52.599123
46200	1	0.189	1	0:02:52.101727
46300	1	0.192	1	0:02:52.029043
46400	0	0.738	0	0:02:52.087354
46500	0	0.492	0	0:02:51.990612
46600	0	0.433	0	0:02:52.117010
46700	0	0.199	0	0:02:52.025851
46800	1	0.787	1	0:02:52.133888
46900	0	0.533	0	0:02:52.002576
47000	0	0.704	0	0:02:52.011943
47100	1	0.947	1	0:02:52.054066
47200	0	0.406	0	0:02:52.096623
47300	1	0.723	1	0:02:52.269505
47400	1	0.947	1	0:02:51.885710
47500	0	0.0629	0	0:02:51.295672
47600	1	0.104	1	0:02:51.225255
47700	0	0.93	0	0:02:51.115837
47800	1	0.947	1	0:02:51.089870
47900	0	0.545	0	0:02:51.229339
48000	0	0.185	0	0:02:51.453471
48100	1	0.439	1	0:02:51.156961
48200	0	0.947	0	0:02:51.666639
48300	0	0.823	0	0:02:51.167181
48400	0	0.332	0	0:02:51.102399
48500	1	0.716	1	0:02:51.835963
48600	0	0.244	0	0:02:51.010195
48700	1	0.947	1	0:02:51.383686
48800	0	0.947	0	0:02:51.401098
48900	0	0.947	0	0:02:51.473038
49000	1	0.947	1	0:02:51.519601
49100	1	0.26	1	0:02:51.361671
49200	1	0.947	1	0:02:51.730599
49300	1	0.918	1	0:02:51.139315
49400	1	0.193	1	0:02:51.377489
49500	0	0.422	0	0:02:51.550782
49600	1	0.627	1	0:02:51.222035
49700	1	0.947	1	0:02:52.371353
49800	1	0.245	1	0:02:51.477745
49900	0	0.947	0	0:02:50.147525
