idx	mean	std	min	25 percentile	50 percentile	75 percentile	max
0	0.219	0.05442	0.07616	0.1825	0.2188	0.2554	0.3915
100	0.03394	0.01539	0.004649	0.0224	0.0307	0.04228	0.09531
200	0.5812	0.09446	0.2232	0.526	0.599	0.654	0.7415
300	0.05265	0.01172	0.02142	0.04452	0.05222	0.05979	0.08945
400	0.04233	0.01673	0.01423	0.03072	0.03933	0.05082	0.1311
500	0.04519	0.02497	0.00876	0.02605	0.03901	0.05612	0.1479
600	0.4434	0.06751	0.2295	0.3959	0.4445	0.4894	0.6293
700	0.0008461	0.0007916	0.0001001	0.0003856	0.0006465	0.001005	0.01109
800	0.01812	0.01595	0.0004371	0.007156	0.01299	0.02447	0.1093
900	0.2611	0.06725	0.03857	0.2227	0.2733	0.306	0.4269
1000	0.009892	0.0116	0.0003596	0.003297	0.006498	0.01132	0.08397
1100	0.1612	0.04334	0.03588	0.1356	0.1618	0.1878	0.2923
1200	0.002914	0.002998	0.0001616	0.001054	0.001975	0.003597	0.03241
1300	0.2024	0.0644	0.0672	0.1564	0.195	0.2449	0.4303
1400	0.341	0.1102	0.03214	0.2716	0.3687	0.4238	0.5654
1500	0.1034	0.01982	0.02571	0.09051	0.1063	0.1183	0.1471
1600	0.514	0.07618	0.2669	0.4664	0.5163	0.5664	0.7095
1700	0.5286	0.06967	0.306	0.489	0.532	0.5806	0.6968
1800	0.1382	0.00956	0.09992	0.1317	0.1392	0.1454	0.1581
1900	0.1266	0.04214	0.007848	0.09834	0.1323	0.1571	0.226
2000	0.2555	0.04823	0.1087	0.2235	0.2547	0.2857	0.3987
2100	0.04395	0.03475	0.001849	0.0205	0.0335	0.05752	0.256
2200	0.08679	0.04933	0.007896	0.04881	0.07731	0.1161	0.2591
2300	0.1531	0.02716	0.1077	0.1341	0.1468	0.1663	0.321
2400	0.2825	0.1154	0.04752	0.1886	0.2797	0.373	0.6185
2500	0.073	0.047	0.009898	0.03949	0.05962	0.09397	0.3335
2600	0.1959	0.05486	0.03732	0.1561	0.2019	0.2387	0.3187
2700	0.1237	0.03525	0.04897	0.09724	0.1218	0.1465	0.2554
2800	0.1328	0.06171	0.02505	0.0872	0.1287	0.1736	0.4278
2900	0.4986	0.05379	0.2939	0.4658	0.506	0.5376	0.6434
3000	0.1612	0.02598	0.09709	0.1437	0.1593	0.1785	0.2545
3100	0.09855	0.01187	0.05909	0.09152	0.09998	0.1069	0.1329
3200	0.09346	0.03077	0.03182	0.07093	0.09	0.1116	0.1854
3300	0.3332	0.0649	0.08608	0.3001	0.3438	0.3749	0.4976
3400	0.2907	0.04219	0.07944	0.2796	0.304	0.3169	0.3537
3500	0.01184	0.006527	0.001585	0.007362	0.01034	0.01454	0.04651
3600	0.1245	0.01885	0.07109	0.1117	0.1234	0.1358	0.1863
3700	0.159	0.0337	0.08211	0.1353	0.1543	0.1803	0.2841
3800	0.1307	0.1026	0.00544	0.05546	0.1026	0.1755	0.5763
3900	0.08075	0.04229	0.002641	0.04663	0.07389	0.1093	0.2081
4000	0.009346	0.004633	0.002004	0.006093	0.008643	0.01138	0.05011
4100	0.09386	0.02883	0.04012	0.07322	0.09007	0.1096	0.197
4200	0.2053	0.06828	0.03613	0.1553	0.2011	0.2514	0.3947
4300	0.105	0.004179	0.09319	0.1026	0.1048	0.1076	0.1209
4400	0.1518	0.05558	0.02389	0.1115	0.155	0.1875	0.3354
4500	0.1615	0.08682	0.01762	0.09389	0.1494	0.212	0.5004
4600	0.1774	0.06207	0.03736	0.1321	0.1755	0.2179	0.3743
4700	0.001896	0.001488	0.0002026	0.0009634	0.001537	0.002318	0.01538
4800	0.000592	0.000245	0.0001673	0.000421	0.0005441	0.000693	0.001719
4900	0.1136	0.04164	0.03492	0.08099	0.1093	0.1413	0.2492
5000	0.002415	0.001902	0.0003055	0.001154	0.001838	0.003041	0.01356
5100	0.004527	0.002516	0.0009398	0.002827	0.003959	0.005604	0.01998
5200	0.1985	0.05042	0.08369	0.1606	0.196	0.2349	0.3523
5300	0.07078	0.04925	0.002245	0.03228	0.05795	0.09849	0.2474
5400	0.4257	0.112	0.1118	0.3516	0.4328	0.5149	0.6696
5500	0.03273	0.01426	0.007211	0.02192	0.03003	0.03976	0.08731
5600	0.05587	0.05714	0.00168	0.01976	0.03741	0.071	0.4388
5700	0.1042	0.04439	0.02328	0.07555	0.09918	0.121	0.3466
5800	0.0002115	0.0004649	3.578e-06	3.348e-05	7.575e-05	0.0001954	0.006307
5900	0.1046	0.01658	0.0532	0.09512	0.106	0.1171	0.1586
6000	0.3936	0.07811	0.2137	0.3392	0.389	0.4469	0.6386
6100	0.0305	0.02001	0.005897	0.01712	0.02549	0.03653	0.1558
6200	0.3082	0.07236	0.1491	0.2547	0.3049	0.3566	0.5413
6300	0.1537	0.0402	0.04988	0.1256	0.1538	0.1833	0.2932
6400	0.02444	0.008589	0.008225	0.0179	0.02338	0.0293	0.05576
6500	0.007377	0.006563	0.0004854	0.003234	0.005282	0.009706	0.06301
6600	0.01451	0.008117	0.002482	0.008855	0.01279	0.01832	0.07753
6700	0.2897	0.07337	0.09665	0.2387	0.2876	0.3404	0.4961
6800	1.283e-05	1.114e-05	1.149e-06	5.786e-06	9.435e-06	1.605e-05	9.57e-05
6900	0.02941	0.01711	0.004047	0.01707	0.02571	0.03699	0.1557
7000	0.003787	0.001539	0.001009	0.002652	0.003497	0.00464	0.01052
7100	0.09127	0.05014	0.01631	0.05725	0.07969	0.1117	0.3964
7200	0.03277	0.02374	0.003521	0.016	0.027	0.04069	0.137
7300	0.3989	0.09548	0.1523	0.3376	0.4071	0.4777	0.5775
7400	6.585e-05	4.889e-05	6.774e-06	3.534e-05	5.196e-05	8.181e-05	0.0003881
7500	0.1713	0.1012	0.01363	0.09529	0.1545	0.2218	0.6237
7600	0.04746	0.0187	0.0154	0.03425	0.04439	0.05716	0.1248
7700	0.03748	0.02146	0.007267	0.02211	0.03266	0.04763	0.131
7800	0.04626	0.01765	0.01217	0.0331	0.04402	0.05575	0.1186
7900	0.1293	0.03573	0.04679	0.1027	0.1271	0.1512	0.2498
8000	0.002746	0.003482	0.0001674	0.0009417	0.00165	0.003077	0.03852
8100	0.1925	0.06135	0.05807	0.1447	0.1877	0.2341	0.3587
8200	0.2352	0.08546	0.01464	0.1706	0.2422	0.297	0.4386
8300	0.07918	0.01812	0.03913	0.06643	0.07672	0.08931	0.1406
8400	0.4097	0.08261	0.1704	0.3597	0.4036	0.4606	0.6673
8500	0.1757	0.05673	0.02053	0.1347	0.1785	0.2156	0.3517
8600	0.1493	0.04043	0.06022	0.1188	0.1455	0.1723	0.2907
8700	0.2834	0.08728	0.08548	0.2194	0.2817	0.3465	0.5352
8800	0.1182	0.03955	0.02473	0.09111	0.1177	0.1487	0.232
8900	0.0009255	0.001048	6.299e-05	0.0003075	0.0005892	0.001129	0.00888
9000	0.2064	0.03348	0.105	0.1866	0.2047	0.2259	0.3293
9100	0.517	0.106	0.07401	0.4562	0.5384	0.5914	0.722
9200	0.2717	0.04472	0.09748	0.2433	0.2734	0.3036	0.3761
9300	0.1355	0.02936	0.06763	0.1143	0.1353	0.1568	0.227
9400	0.1754	0.04875	0.08005	0.1429	0.1668	0.2001	0.4152
9500	0.01661	0.007033	0.004467	0.01125	0.01513	0.02042	0.04631
9600	0.1702	0.08825	0.02782	0.1016	0.1551	0.225	0.495
9700	0.4658	0.07148	0.1253	0.4202	0.4628	0.5117	0.6777
9800	0.03155	0.01622	0.006568	0.02039	0.02796	0.03887	0.1184
9900	0.1285	0.02635	0.07383	0.1115	0.1224	0.1396	0.2831
10000	0.1004	0.06213	0.01343	0.05484	0.0833	0.1305	0.3319
10100	0.06242	0.02863	0.01715	0.04265	0.0573	0.07368	0.2071
10200	0.09549	0.009763	0.05063	0.09163	0.09905	0.1026	0.1099
10300	0.01415	0.008996	0.00227	0.008036	0.01157	0.01798	0.07098
10400	0.191	0.0427	0.05718	0.1615	0.1917	0.2193	0.312
10500	0.1943	0.05403	0.04575	0.1545	0.1909	0.2335	0.327
10600	0.2145	0.07376	0.03068	0.1626	0.2254	0.2684	0.3637
10700	0.0743	0.06196	0.002878	0.02924	0.05496	0.1076	0.4129
10800	0.05004	0.03473	0.009663	0.02616	0.042	0.06214	0.3029
10900	0.02209	0.007636	0.008876	0.01684	0.02044	0.02553	0.0689
11000	0.1227	0.03634	0.0356	0.09927	0.122	0.1456	0.2768
11100	0.2994	0.04927	0.1447	0.2667	0.2977	0.3285	0.4618
11200	0.4161	0.06019	0.1998	0.3824	0.4214	0.4557	0.5923
11300	0.04047	0.03245	0.003588	0.01881	0.03062	0.05134	0.2291
11400	0.0118	0.01767	0.0002703	0.002884	0.005662	0.01308	0.1375
11500	0.09695	0.005811	0.06567	0.09488	0.09926	0.1009	0.1053
11600	0.06801	0.01324	0.04125	0.05886	0.06619	0.07441	0.124
11700	0.1975	0.08124	0.02638	0.1336	0.1942	0.2577	0.4003
11800	0.4344	0.067	0.1874	0.3871	0.4374	0.4819	0.6165
11900	0.1429	0.01342	0.09864	0.1344	0.1444	0.1523	0.1807
12000	0.1353	0.02399	0.07807	0.1189	0.1356	0.1514	0.1993
12100	0.09224	0.03275	0.0263	0.06809	0.08914	0.1117	0.1964
12200	0.0006861	0.0004314	0.0001382	0.0003927	0.000584	0.0008494	0.003351
12300	0.2058	0.05267	0.08004	0.1705	0.2061	0.2453	0.3336
12400	0.1259	0.008507	0.1052	0.1198	0.1245	0.1314	0.1641
12500	0.3157	0.07616	0.08573	0.2703	0.3255	0.3678	0.5087
12600	0.05442	0.03585	0.006378	0.02898	0.04605	0.06943	0.2189
12700	0.2579	0.07747	0.04999	0.2012	0.2518	0.319	0.4388
12800	0.01459	0.01	0.003373	0.008446	0.01198	0.01723	0.09041
12900	0.1251	0.05819	0.0117	0.07765	0.1188	0.1678	0.2837
13000	0.04886	0.03138	0.004083	0.0232	0.04042	0.07045	0.156
13100	0.002524	0.001414	0.0003728	0.001594	0.002199	0.003149	0.01048
13200	0.1133	0.03004	0.03035	0.09165	0.1167	0.1346	0.2164
13300	0.1446	0.03259	0.09557	0.1209	0.1365	0.1582	0.28
13400	0.002708	0.003043	0.0002041	0.001042	0.001782	0.003017	0.02914
13500	0.01698	0.006074	0.005837	0.0126	0.01591	0.02002	0.04384
13600	0.1874	0.04487	0.07597	0.1549	0.187	0.2191	0.3238
13700	0.009552	0.006607	0.0005511	0.005125	0.007787	0.01212	0.05712
13800	0.00695	0.003971	0.001232	0.004233	0.006129	0.008582	0.0411
13900	0.1048	0.01382	0.07116	0.09566	0.1037	0.1126	0.175
14000	0.09045	0.02855	0.02448	0.07004	0.08879	0.1101	0.1874
14100	0.1153	0.01166	0.08416	0.1076	0.116	0.1224	0.1563
14200	0.0007886	0.000593	0.0001013	0.0004059	0.0006421	0.0009527	0.005138
14300	0.007401	0.006092	0.000647	0.003243	0.005638	0.009391	0.04441
14400	0.05985	0.01739	0.02464	0.04751	0.0578	0.07159	0.1061
14500	0.0607	0.01146	0.03237	0.05219	0.05978	0.06833	0.09481
14600	0.09159	0.01641	0.03207	0.08103	0.09252	0.1028	0.1359
14700	0.1157	0.08182	0.003545	0.0515	0.09678	0.165	0.3704
14800	0.03612	0.03233	0.0008274	0.01252	0.0264	0.04844	0.1648
14900	0.4762	0.05828	0.2665	0.4435	0.4797	0.5156	0.633
15000	0.004098	0.002686	0.0006053	0.002356	0.003342	0.005217	0.02261
15100	0.1618	0.02353	0.08098	0.1467	0.1597	0.1765	0.236
15200	0.0282	0.009181	0.01036	0.02165	0.02686	0.03272	0.07441
15300	0.0007015	0.000903	4.228e-05	0.0002289	0.0004184	0.0008048	0.01047
15400	0.03857	0.03068	0.001938	0.01725	0.02997	0.05164	0.2371
15500	0.0006153	0.0007627	2.984e-05	0.0002047	0.000372	0.0007543	0.006572
15600	0.5865	0.1015	0.2613	0.524	0.6142	0.6596	0.7777
15700	0.1356	0.05606	0.03299	0.09303	0.1276	0.1698	0.3758
15800	0.005546	0.003683	0.0008576	0.002975	0.00475	0.007144	0.0357
15900	0.1553	0.05823	0.02472	0.1138	0.1568	0.1959	0.3516
16000	0.07907	0.02032	0.03457	0.06434	0.07574	0.0914	0.1497
16100	0.1578	0.05079	0.04261	0.1173	0.1576	0.195	0.2932
16200	0.01798	0.009768	0.003625	0.0108	0.01591	0.02296	0.07098
16300	0.05686	0.02202	0.008382	0.04181	0.05338	0.06914	0.136
16400	0.02205	0.0124	0.003388	0.01295	0.0192	0.0285	0.09151
16500	0.09735	0.01891	0.04231	0.08531	0.09703	0.1066	0.1965
16600	0.4235	0.09782	0.1374	0.3559	0.427	0.4961	0.6407
16700	0.01219	0.009914	0.001613	0.005978	0.009719	0.01517	0.1068
16800	0.02569	0.02413	0.001888	0.01067	0.0181	0.03137	0.1709
16900	0.518	0.07379	0.2187	0.477	0.5272	0.5705	0.6573
17000	0.0002149	9.106e-05	6.363e-05	0.0001506	0.0001955	0.0002608	0.0006576
17100	0.29	0.07946	0.04557	0.2374	0.2962	0.3513	0.4765
17200	0.005841	0.006702	0.0001413	0.001664	0.003423	0.006802	0.04044
17300	0.3668	0.07216	0.07272	0.3294	0.3758	0.415	0.5286
17400	0.08814	0.03488	0.01785	0.06365	0.08456	0.1087	0.2208
17500	3.783e-05	3.749e-05	2.787e-06	1.666e-05	2.669e-05	4.58e-05	0.0003171
17600	0.02618	0.02009	0.004681	0.01492	0.02052	0.03008	0.1715
17700	0.004828	0.008799	6.146e-05	0.0009382	0.002332	0.005131	0.1091
17800	0.5136	0.04788	0.2393	0.4889	0.5198	0.5456	0.6234
17900	0.233	0.05865	0.136	0.1868	0.22	0.2744	0.4074
18000	0.03448	0.01996	0.006396	0.0201	0.03022	0.04287	0.1406
18100	0.003858	0.003354	0.000314	0.001566	0.002935	0.005229	0.02195
18200	0.03041	0.04248	9.976e-05	0.004754	0.01445	0.03747	0.2941
18300	0.2907	0.1257	0.02566	0.1914	0.2825	0.3795	0.6664
18400	0.04237	0.02414	0.004765	0.02497	0.03631	0.05528	0.1595
18500	0.02871	0.008569	0.01028	0.0225	0.02761	0.0336	0.07108
18600	0.1804	0.1094	0.0132	0.09502	0.1583	0.2497	0.5463
18700	0.422	0.1012	0.1582	0.3528	0.4068	0.476	0.7226
18800	0.04787	0.03818	0.00181	0.01923	0.03733	0.06754	0.2105
18900	0.2851	0.08195	0.07675	0.2328	0.2956	0.3374	0.6151
19000	0.09013	0.04184	0.02253	0.05906	0.08092	0.1148	0.2453
19100	0.09578	0.02049	0.04457	0.08038	0.09376	0.1099	0.1556
19200	0.6294	0.07158	0.1918	0.6019	0.6388	0.6756	0.7532
19300	0.1459	0.00782	0.1204	0.1408	0.1462	0.1507	0.1888
19400	0.04403	0.03498	0.001103	0.01541	0.03376	0.065	0.224
19500	0.06216	0.02919	0.009884	0.04127	0.05751	0.07814	0.2034
19600	0.1043	0.05058	0.009858	0.06337	0.09709	0.1426	0.2732
19700	0.6351	0.05891	0.3796	0.5993	0.6441	0.6786	0.7579
19800	0.0001946	0.0001428	2.015e-05	0.0001017	0.0001627	0.0002375	0.00137
19900	0.009486	0.007099	0.0005559	0.004267	0.00763	0.01242	0.04921
20000	0.1763	0.04957	0.09664	0.1404	0.1649	0.2046	0.3989
20100	0.3336	0.09965	0.1181	0.2499	0.3266	0.4055	0.6006
20200	0.02294	0.007886	0.007555	0.01727	0.02145	0.02726	0.05735
20300	0.07753	0.0303	0.01758	0.05476	0.07399	0.09809	0.182
20400	0.2399	0.1057	0.07374	0.1581	0.2194	0.2955	0.6263
20500	0.3967	0.1107	0.07723	0.3218	0.4001	0.4746	0.6712
20600	0.2885	0.07502	0.0893	0.2348	0.2872	0.3419	0.48
20700	0.1001	0.0239	0.03295	0.08352	0.1016	0.117	0.1672
20800	0.0684	0.02625	0.01979	0.04896	0.06422	0.08568	0.1756
20900	0.04251	0.01899	0.01052	0.02842	0.03994	0.05342	0.125
21000	0.5797	0.09447	0.2985	0.5172	0.595	0.6539	0.768
21100	0.1495	0.05964	0.0719	0.1126	0.1304	0.1612	0.4913
21200	0.2715	0.02051	0.1761	0.2588	0.2729	0.2836	0.3463
21300	0.002763	0.001779	0.0003947	0.00151	0.002297	0.003493	0.01184
21400	0.0001513	0.0003302	3.175e-06	2.832e-05	7.411e-05	0.0001517	0.006006
21500	0.1567	0.07588	0.02407	0.09701	0.1448	0.1931	0.4193
21600	0.005143	0.004328	0.0006362	0.002299	0.003886	0.006242	0.02828
21700	0.376	0.05519	0.187	0.3387	0.3759	0.4104	0.5456
21800	0.04438	0.0197	0.01066	0.02989	0.04022	0.05424	0.1319
21900	0.1716	0.0521	0.05099	0.1342	0.1645	0.202	0.3459
22000	0.4583	0.1385	0.1028	0.3604	0.4657	0.5724	0.7656
22100	0.2315	0.05911	0.0765	0.19	0.2276	0.2705	0.4198
22200	0.5375	0.06618	0.277	0.4989	0.5467	0.5816	0.7105
22300	0.04929	0.03354	0.003753	0.02462	0.04022	0.06799	0.1974
22400	0.1651	0.05432	0.04904	0.1249	0.1631	0.2003	0.3401
22500	0.2981	0.06031	0.1188	0.2594	0.2972	0.3371	0.5017
22600	0.06683	0.0574	0.00435	0.02883	0.05017	0.08716	0.4755
22700	0.07744	0.02932	0.02414	0.05679	0.07174	0.09353	0.1942
22800	0.499	0.0644	0.2993	0.4565	0.4985	0.5408	0.6656
22900	0.03527	0.03252	0.002286	0.01409	0.02475	0.04462	0.2748
23000	0.2423	0.03346	0.1439	0.2192	0.2398	0.2632	0.3916
23100	0.006638	0.009032	0.0002477	0.002226	0.003822	0.007313	0.09454
23200	0.3273	0.09501	0.07038	0.2612	0.334	0.3971	0.6077
23300	0.08642	0.04022	0.0195	0.05995	0.07685	0.1078	0.2825
23400	0.06848	0.02596	0.0178	0.04958	0.06517	0.08531	0.1635
23500	0.4176	0.04264	0.2881	0.3884	0.4202	0.4465	0.5358
23600	0.008088	0.003038	0.002684	0.006009	0.007572	0.00962	0.02036
23700	0.3602	0.06048	0.2205	0.3155	0.3627	0.4032	0.5513
23800	0.0297	0.03191	0.0005564	0.009704	0.01925	0.03779	0.249
23900	0.2046	0.04309	0.07748	0.1792	0.2057	0.2326	0.3214
24000	0.2938	0.03439	0.2012	0.2701	0.2931	0.3176	0.4195
24100	0.3174	0.05871	0.1727	0.2718	0.3122	0.3628	0.4727
24200	0.08177	0.01579	0.03643	0.07145	0.08171	0.0919	0.1347
24300	0.09883	0.002507	0.08373	0.0982	0.09986	0.1004	0.1015
24400	0.1579	0.07983	0.02572	0.09468	0.142	0.2088	0.4325
24500	0.2946	0.1447	0.02345	0.1787	0.2812	0.4014	0.6829
24600	0.1359	0.06844	0.02489	0.08327	0.1236	0.1733	0.3775
24700	0.05037	0.02877	0.007482	0.02975	0.04428	0.06368	0.193
24800	0.2067	0.05614	0.0286	0.1762	0.2085	0.239	0.3681
24900	0.004127	0.002073	0.0009931	0.002584	0.003692	0.005042	0.0181
25000	0.002115	0.002313	0.0001321	0.0009534	0.001541	0.002525	0.02917
25100	0.03869	0.01875	0.008036	0.02519	0.03514	0.04874	0.1107
25200	0.4842	0.06364	0.2479	0.4478	0.4875	0.53	0.6565
25300	0.155	0.06886	0.02615	0.1006	0.1472	0.2003	0.3984
25400	0.06172	0.009933	0.03238	0.05468	0.06115	0.06829	0.09388
25500	0.02242	0.01451	0.002938	0.01224	0.01915	0.02822	0.09466
25600	0.5787	0.05229	0.3346	0.5488	0.5829	0.6138	0.6966
25700	0.00204	0.002134	7.559e-05	0.0005869	0.001408	0.002622	0.01413
25800	0.3803	0.08712	0.1936	0.3149	0.3768	0.4431	0.6095
25900	0.01935	0.01047	0.003969	0.01217	0.01659	0.02458	0.08499
26000	0.03104	0.01134	0.0066	0.0236	0.02925	0.03625	0.0773
26100	0.03226	0.02241	0.004711	0.01636	0.02742	0.04198	0.151
26200	0.1997	0.1054	0.08851	0.1237	0.1599	0.2455	0.6148
26300	0.2766	0.01836	0.2235	0.2632	0.2765	0.2889	0.3334
26400	0.6613	0.03553	0.5331	0.6398	0.6624	0.6844	0.7427
26500	0.09478	0.0227	0.0308	0.07908	0.09294	0.1081	0.1742
26600	0.155	0.04553	0.02988	0.128	0.1537	0.1826	0.343
26700	0.6819	0.0572	0.4074	0.6583	0.6913	0.719	0.8168
26800	0.06086	0.04628	0.002755	0.02741	0.04697	0.07925	0.2556
26900	0.01717	0.003677	0.00856	0.01464	0.01672	0.01941	0.02986
27000	0.002145	0.001677	0.0001524	0.001021	0.00166	0.002804	0.0122
27100	0.3194	0.06125	0.1378	0.2793	0.3193	0.3582	0.5089
27200	0.2276	0.04824	0.06236	0.197	0.2328	0.2592	0.3669
27300	0.03607	0.02435	0.006225	0.01819	0.02916	0.04607	0.1279
27400	0.03294	0.0258	0.003392	0.01664	0.02583	0.04018	0.2219
27500	0.09361	0.00771	0.05702	0.09005	0.0965	0.09947	0.1006
27600	0.0001151	0.0001308	4.416e-06	4.242e-05	7.542e-05	0.0001376	0.001716
27700	0.06595	0.05392	0.00344	0.02784	0.04937	0.08813	0.3038
27800	0.3346	0.03281	0.1886	0.3143	0.3373	0.3563	0.4142
27900	0.1227	0.07101	0.003504	0.06875	0.1162	0.1642	0.3803
28000	0.2111	0.04101	0.1065	0.1846	0.2106	0.236	0.358
28100	0.0006662	0.0004921	6.899e-05	0.0003241	0.0005324	0.000848	0.003744
28200	0.1955	0.09426	0.04363	0.1283	0.1702	0.2405	0.5241
28300	0.07405	0.04333	0.01525	0.04427	0.06368	0.0906	0.3157
28400	0.2306	0.08146	0.06151	0.1739	0.2147	0.2783	0.5521
28500	0.4808	0.03617	0.3187	0.4588	0.4832	0.5045	0.5866
28600	0.328	0.04973	0.16	0.294	0.3285	0.363	0.4446
28700	0.005344	0.002599	0.001034	0.003718	0.00483	0.006357	0.02027
28800	0.5307	0.06427	0.2653	0.4915	0.5345	0.5737	0.6887
28900	0.2051	0.0397	0.09391	0.176	0.2046	0.2316	0.3413
29000	0.02784	0.01351	0.007217	0.01893	0.0253	0.03316	0.1119
29100	0.4249	0.07224	0.1658	0.3772	0.4269	0.4741	0.6248
29200	0.5049	0.04498	0.3461	0.4778	0.5122	0.5363	0.613
29300	0.03701	0.02049	0.006331	0.02182	0.03241	0.04669	0.1292
29400	0.1584	0.05767	0.03994	0.1141	0.1557	0.194	0.3584
29500	0.2515	0.03113	0.1378	0.2313	0.2531	0.2733	0.3305
29600	0.06526	0.0348	0.01208	0.04105	0.05603	0.08065	0.2536
29700	0.1879	0.06583	0.03082	0.142	0.1834	0.2271	0.4126
29800	0.5011	0.08555	0.2382	0.4404	0.5153	0.5645	0.6842
29900	0.2935	0.03071	0.2095	0.2726	0.2908	0.3117	0.4083
30000	0.1738	0.04444	0.05314	0.1447	0.1731	0.2008	0.3651
30100	0.01808	0.004088	0.008797	0.01536	0.01778	0.02027	0.03521
30200	0.3235	0.1883	0.005983	0.1475	0.3178	0.4998	0.6612
30300	0.0003044	0.00024	3.684e-05	0.0001485	0.0002463	0.0003833	0.002537
30400	0.3995	0.05744	0.2167	0.3594	0.4002	0.4372	0.5371
30500	0.4317	0.08538	0.1364	0.3824	0.442	0.4949	0.6134
30600	0.001013	0.001304	3.028e-05	0.0002525	0.0005803	0.001227	0.01213
30700	0.1134	0.08649	0.005928	0.04752	0.08989	0.1525	0.4914
30800	0.5808	0.07196	0.256	0.5436	0.5892	0.6321	0.7154
30900	0.5333	0.03571	0.4067	0.5102	0.5389	0.5593	0.6075
31000	0.5035	0.07255	0.258	0.4621	0.5128	0.5549	0.6618
31100	5.272e-05	6.978e-05	5.101e-06	2.302e-05	3.372e-05	6.151e-05	0.001208
31200	0.3665	0.08086	0.165	0.3069	0.3672	0.4198	0.6051
31300	0.6061	0.03025	0.4844	0.5903	0.6095	0.6271	0.6925
31400	0.4618	0.04266	0.3053	0.4344	0.4616	0.4918	0.5768
31500	0.1742	0.08597	0.02207	0.1063	0.1609	0.2281	0.4549
31600	0.09346	0.03414	0.02656	0.06718	0.08921	0.1122	0.2064
31700	0.02347	0.01152	0.003767	0.01515	0.02096	0.03018	0.07299
31800	0.09255	0.006577	0.06483	0.08864	0.09377	0.09754	0.1036
31900	0.1536	0.01027	0.1233	0.1478	0.1536	0.1604	0.1787
32000	2.309e-05	1.711e-05	1.944e-06	1.23e-05	1.889e-05	2.875e-05	0.0001236
32100	0.006651	0.005403	0.0004967	0.003172	0.005352	0.008326	0.04577
32200	0.01287	0.006035	0.001431	0.008485	0.01181	0.01625	0.03721
32300	0.05032	0.01823	0.01833	0.03726	0.04751	0.05923	0.1569
32400	0.3528	0.0221	0.2946	0.3383	0.3502	0.3678	0.4225
32500	0.5423	0.05371	0.3138	0.5069	0.5463	0.5772	0.6778
32600	0.06055	0.02235	0.01497	0.04266	0.06043	0.07767	0.1059
32700	0.3061	0.02407	0.2214	0.2901	0.3077	0.3233	0.3797
32800	0.3456	0.02505	0.2566	0.3297	0.345	0.3608	0.4211
32900	0.02224	0.01139	0.003326	0.01423	0.01975	0.02828	0.08323
33000	0.298	0.05767	0.1129	0.2572	0.3007	0.3373	0.4555
33100	0.3632	0.05228	0.1963	0.3332	0.3648	0.3986	0.563
33200	0.4102	0.04019	0.3037	0.3847	0.4075	0.436	0.5436
33300	0.1129	0.01631	0.05438	0.1048	0.116	0.1236	0.1596
33400	0.5027	0.06596	0.2322	0.4671	0.5109	0.5485	0.6212
33500	0.05218	0.01162	0.02517	0.04385	0.05099	0.05919	0.1023
33600	0.1604	0.1062	0.0094	0.0668	0.1419	0.247	0.4441
33700	0.2524	0.1211	0.03889	0.1643	0.231	0.332	0.6608
33800	0.5225	0.07262	0.1798	0.4899	0.5379	0.5715	0.6487
33900	0.0001629	0.0002261	3.127e-06	4.591e-05	8.444e-05	0.0001775	0.002238
34000	0.6012	0.15	0.1293	0.4958	0.618	0.724	0.8621
34100	0.232	0.0573	0.0758	0.1938	0.2335	0.2715	0.4073
34200	0.06649	0.0374	0.01149	0.04019	0.05765	0.08512	0.2539
34300	0.4809	0.03912	0.3235	0.4554	0.4833	0.5069	0.5962
34400	0.002881	0.001836	0.0003651	0.001687	0.002416	0.003562	0.01217
34500	0.1125	0.01376	0.07337	0.1034	0.109	0.1183	0.1732
34600	0.5099	0.0389	0.22	0.491	0.513	0.5333	0.5949
34700	0.0001981	0.0001422	1.323e-05	0.000102	0.0001623	0.0002477	0.001004
34800	0.6202	0.06697	0.3456	0.5824	0.6302	0.6687	0.7647
34900	0.2371	0.01978	0.1723	0.2237	0.2368	0.2507	0.2965
35000	0.2662	0.07504	0.1095	0.2121	0.259	0.3148	0.5135
35100	0.06349	0.02907	0.0144	0.04228	0.05933	0.08025	0.1968
35200	0.03331	0.03195	0.0009962	0.01096	0.02268	0.04395	0.2181
35300	0.3117	0.04886	0.162	0.2801	0.3145	0.344	0.4569
35400	0.08326	0.03258	0.01595	0.05855	0.08004	0.1025	0.2547
35500	0.3053	0.07283	0.08607	0.2565	0.3166	0.3575	0.4631
35600	0.4465	0.0437	0.2683	0.4217	0.4518	0.4759	0.5499
35700	0.08322	0.05338	0.004552	0.04163	0.07164	0.1201	0.2619
35800	0.1456	0.05243	0.04171	0.1099	0.1375	0.1757	0.333
35900	0.2968	0.04514	0.1475	0.2716	0.303	0.3295	0.3982
36000	0.3624	0.07346	0.1065	0.3183	0.3682	0.4129	0.552
36100	8.279e-05	0.0001122	3.026e-06	2.646e-05	5.338e-05	9.679e-05	0.001366
36200	0.03001	0.007629	0.01284	0.02472	0.02925	0.03423	0.0672
36300	0.005283	0.007662	0.0002657	0.001669	0.003171	0.005467	0.08227
36400	0.2861	0.06119	0.08187	0.2498	0.2866	0.325	0.4426
36500	0.3116	0.08913	0.1232	0.2431	0.2995	0.3707	0.5916
36600	0.01449	0.005832	0.003673	0.01042	0.01345	0.01748	0.04469
36700	0.002472	0.001316	0.0005576	0.001525	0.002171	0.003048	0.009741
36800	5.288e-05	5.67e-05	1.102e-06	2.024e-05	3.514e-05	6.471e-05	0.000418
36900	0.3962	0.1188	0.07534	0.3062	0.3965	0.4806	0.6594
37000	0.5842	0.07719	0.1733	0.5431	0.5931	0.642	0.7341
37100	0.5809	0.05107	0.351	0.5532	0.5869	0.6154	0.7131
37200	0.09429	0.003227	0.08273	0.09228	0.09457	0.09683	0.1006
37300	2.463e-06	1.478e-06	3.319e-07	1.476e-06	2.094e-06	2.981e-06	1.107e-05
37400	0.1159	0.03192	0.04525	0.09282	0.1135	0.1369	0.2186
37500	0.4284	0.06618	0.1847	0.3933	0.437	0.4753	0.6043
37600	0.7376	0.03222	0.5902	0.7189	0.7423	0.7609	0.8061
37700	0.3513	0.05128	0.2183	0.3133	0.3501	0.3834	0.5046
37800	0.0261	0.02606	0.002017	0.01034	0.01808	0.03303	0.3113
37900	0.3151	0.1067	0.05877	0.24	0.315	0.3951	0.5754
38000	0.4084	0.07317	0.132	0.3618	0.4197	0.4602	0.5905
38100	0.3826	0.06841	0.1875	0.3349	0.3863	0.4306	0.5644
38200	0.4094	0.07888	0.1785	0.3519	0.4097	0.4626	0.6217
38300	0.01394	0.01382	0.0005728	0.005155	0.009169	0.01771	0.09545
38400	0.147	0.04761	0.04067	0.113	0.1453	0.1775	0.3063
38500	0.3179	0.08547	0.05776	0.2701	0.3288	0.3789	0.52
38600	0.2559	0.09891	0.02379	0.178	0.2481	0.3307	0.5186
38700	0.06957	0.04966	0.00748	0.03769	0.05685	0.08967	0.4252
38800	0.3118	0.05788	0.1376	0.2708	0.3176	0.3548	0.4411
38900	0.3074	0.08509	0.08856	0.2497	0.3096	0.3617	0.5133
39000	0.2129	0.008566	0.177	0.2083	0.2131	0.218	0.2447
39100	0.2183	0.01493	0.1775	0.2085	0.2179	0.2281	0.2643
39200	0.3403	0.05752	0.1706	0.3014	0.3421	0.3822	0.4826
39300	0.5329	0.06984	0.1874	0.4928	0.5399	0.5789	0.6865
39400	0.6581	0.04003	0.4086	0.6374	0.6634	0.6842	0.7464
39500	0.09361	0.008509	0.05159	0.0896	0.09643	0.09979	0.1053
39600	0.3531	0.07462	0.169	0.3025	0.3511	0.4098	0.5465
39700	0.06864	0.03717	0.009816	0.04153	0.06261	0.08612	0.2327
39800	0.001561	0.001013	0.0001253	0.0008387	0.001348	0.001994	0.00734
39900	0.01997	0.007361	0.005208	0.01467	0.01877	0.02478	0.04675
40000	0.00165	0.00166	6.541e-05	0.0007248	0.001169	0.002021	0.01793
40100	0.05823	0.03485	0.003531	0.03172	0.05042	0.07459	0.1811
40200	0.3704	0.04438	0.1542	0.3436	0.3771	0.3992	0.4706
40300	0.01821	0.008854	0.003026	0.01166	0.01652	0.02262	0.05601
40400	0.02212	0.01788	0.003154	0.01108	0.01683	0.02622	0.1627
40500	0.0993	0.001131	0.09161	0.09884	0.09961	0.1002	0.1004
40600	4.345e-06	5.428e-06	1.371e-07	1.522e-06	2.768e-06	4.956e-06	5.819e-05
40700	0.3676	0.03054	0.2373	0.3521	0.3728	0.3876	0.4324
40800	0.001497	0.001951	2.953e-05	0.0003716	0.0007962	0.001642	0.01266
40900	0.2895	0.04859	0.1282	0.2555	0.2929	0.3193	0.4325
41000	0.2824	0.07449	0.09625	0.2299	0.2796	0.3379	0.4621
41100	0.02729	0.02036	0.001744	0.01365	0.02112	0.03385	0.1685
41200	0.1588	0.05331	0.05061	0.1214	0.152	0.1895	0.3333
41300	0.102	0.006683	0.07654	0.09801	0.1033	0.1064	0.1183
41400	0.2842	0.05058	0.1541	0.25	0.2829	0.3137	0.462
41500	0.494	0.09537	0.1688	0.4309	0.4915	0.5588	0.7302
41600	0.09645	0.03149	0.014	0.07338	0.09589	0.1202	0.1867
41700	0.3367	0.06182	0.1229	0.3028	0.3439	0.3792	0.4835
41800	0.4295	0.1197	0.06711	0.3434	0.4414	0.524	0.6813
41900	0.1061	0.01686	0.0521	0.09548	0.1052	0.1165	0.1679
42000	0.03867	0.0193	0.01022	0.02498	0.03491	0.04825	0.1631
42100	0.331	0.09303	0.09249	0.2703	0.3242	0.393	0.6208
42200	0.002306	0.002141	0.0002134	0.001008	0.001661	0.002959	0.01944
42300	0.2132	0.0696	0.03277	0.1678	0.2189	0.26	0.3867
42400	0.2969	0.03973	0.2133	0.2695	0.293	0.3192	0.4865
42500	0.1113	0.06697	0.003692	0.06117	0.1004	0.1488	0.4192
42600	0.00128	0.0006257	0.0003152	0.0008337	0.001149	0.001607	0.005193
42700	0.2105	0.07611	0.04475	0.1556	0.213	0.2629	0.3999
42800	0.4388	0.09003	0.1096	0.3828	0.445	0.5008	0.6412
42900	0.5642	0.0745	0.2664	0.5149	0.5736	0.6155	0.7528
43000	0.2052	0.06113	0.09798	0.1601	0.1939	0.2447	0.4078
43100	0.1613	0.04954	0.03203	0.1275	0.1629	0.195	0.3206
43200	0.1902	0.05404	0.0457	0.1579	0.1868	0.2178	0.4367
43300	0.432	0.1702	0.05216	0.2895	0.4662	0.5766	0.7231
43400	0.539	0.03085	0.4365	0.5204	0.5418	0.5599	0.6192
43500	0.09979	0.06258	0.005493	0.05348	0.08502	0.1274	0.3507
43600	0.3363	0.06546	0.1645	0.2902	0.3316	0.3827	0.5376
43700	0.03027	0.01526	0.00638	0.01938	0.02703	0.03699	0.1193
43800	0.4626	0.08399	0.2454	0.4033	0.4608	0.5197	0.694
43900	0.05536	0.01034	0.02483	0.04848	0.0546	0.06128	0.09559
44000	0.3506	0.07369	0.1801	0.2945	0.3483	0.3987	0.5822
44100	0.4388	0.05253	0.2017	0.4112	0.4448	0.4764	0.5452
44200	0.02178	0.01076	0.005095	0.0145	0.02003	0.02659	0.09426
44300	0.0226	0.01107	0.00334	0.01413	0.02001	0.02897	0.06978
44400	0.1768	0.04287	0.08796	0.1453	0.1712	0.2004	0.3486
44500	0.04913	0.02805	0.006449	0.0277	0.04234	0.06857	0.157
44600	0.2047	0.03755	0.09645	0.1799	0.2056	0.2294	0.3155
44700	0.005808	0.002414	0.001589	0.0042	0.005203	0.006871	0.01742
44800	0.1711	0.04758	0.06157	0.1391	0.1658	0.1942	0.4048
44900	0.657	0.03105	0.5085	0.6413	0.661	0.68	0.7365
45000	9.388e-05	6.768e-05	1.564e-05	5.091e-05	7.557e-05	0.0001168	0.0005328
45100	0.002527	0.003079	6.954e-05	0.0007043	0.001545	0.003047	0.02298
45200	0.3259	0.06478	0.1195	0.2817	0.3235	0.368	0.4943
45300	0.01541	0.01302	0.001464	0.006968	0.0115	0.01862	0.1037
45400	0.1254	0.02504	0.06437	0.1106	0.1209	0.1352	0.281
45500	0.122	0.02041	0.02834	0.1124	0.125	0.1367	0.1592
45600	0.2122	0.06557	0.03913	0.1675	0.2097	0.255	0.4014
45700	0.02516	0.01035	0.004831	0.01817	0.02338	0.02981	0.07426
45800	0.003683	0.001585	0.0006047	0.002603	0.003405	0.004408	0.01508
45900	0.000148	0.0001359	7.605e-06	6.283e-05	0.0001159	0.0001838	0.001429
46000	0.6057	0.1092	0.1455	0.547	0.6277	0.6885	0.7941
46100	0.02073	0.01052	0.003672	0.01314	0.01871	0.02632	0.07081
46200	0.05255	0.05308	0.001231	0.01687	0.03333	0.07202	0.443
46300	0.06622	0.01958	0.01923	0.05095	0.06484	0.07838	0.1256
46400	0.3366	0.0882	0.1047	0.2731	0.3408	0.3953	0.5603
46500	0.1537	0.03514	0.05672	0.1324	0.1517	0.1742	0.2787
46600	0.15	0.04084	0.04234	0.1214	0.1547	0.1773	0.2989
46700	0.1433	0.06481	0.01397	0.09557	0.1433	0.1914	0.3375
46800	0.01529	0.00908	0.002838	0.008889	0.01291	0.01888	0.05925
46900	0.2099	0.07749	0.0604	0.155	0.1984	0.248	0.548
47000	0.3231	0.08395	0.07563	0.2682	0.3312	0.3902	0.5118
47100	0.005945	0.003963	0.001113	0.003428	0.00507	0.007138	0.04132
47200	0.09459	0.008717	0.06175	0.08995	0.0956	0.1005	0.1161
47300	0.04809	0.01007	0.02037	0.04054	0.04782	0.05452	0.08102
47400	0.003578	0.002262	0.0005179	0.002069	0.003016	0.004379	0.01855
47500	0.1065	0.05123	0.0132	0.06815	0.09671	0.1395	0.2815
47600	0.07128	0.04816	0.003417	0.03638	0.06058	0.09274	0.2977
47700	0.4351	0.06554	0.1967	0.396	0.4418	0.4799	0.5931
47800	0.000372	0.0008881	4.32e-06	6.883e-05	0.0001596	0.0003672	0.01471
47900	0.1614	0.03566	0.0568	0.1347	0.1604	0.1878	0.2909
48000	0.1779	0.1133	0.01536	0.08692	0.1534	0.2392	0.5579
48100	0.028	0.02792	0.001839	0.01224	0.02063	0.03291	0.2567
48200	0.3893	0.07526	0.1641	0.3394	0.3918	0.445	0.6044
48300	0.3248	0.1012	0.09609	0.2454	0.3247	0.3971	0.5797
48400	0.1033	0.01853	0.05474	0.08951	0.1014	0.115	0.1709
48500	0.01725	0.01161	0.002412	0.01012	0.01421	0.02079	0.1148
48600	0.1164	0.03965	0.04494	0.08903	0.111	0.1349	0.312
48700	0.001132	0.0008442	0.0001402	0.0006174	0.0009544	0.001366	0.008968
48800	0.3058	0.05179	0.1294	0.2762	0.3085	0.3383	0.4944
48900	0.5045	0.07791	0.2291	0.4625	0.5219	0.5598	0.6502
49000	0.003726	0.003137	0.0004075	0.001755	0.002747	0.004825	0.03141
49100	0.0445	0.03974	0.00331	0.01973	0.03234	0.05632	0.2786
49200	0.003795	0.001293	0.001201	0.002821	0.00356	0.004485	0.01033
49300	0.001423	0.002375	5.205e-05	0.0003918	0.0008253	0.001709	0.03497
49400	0.04734	0.03868	0.0007096	0.01911	0.0368	0.06241	0.2262
49500	0.1515	0.04275	0.04904	0.1238	0.1476	0.1756	0.3094
49600	0.03467	0.01169	0.00973	0.0262	0.03316	0.04105	0.08707
49700	0.003012	0.002855	0.000277	0.001205	0.002135	0.003838	0.02534
49800	0.05005	0.02954	0.00608	0.028	0.04366	0.06652	0.1559
49900	0.09836	0.001001	0.09567	0.09767	0.09836	0.09903	0.1019
