idx	predict	radius	unperturbed predict	time
0	1	0.113	1	0:02:59.208441
100	1	0.947	1	0:02:55.306593
200	0	0.636	0	0:02:55.561347
300	1	0.947	1	0:02:55.437163
400	1	0.918	1	0:02:55.035227
500	1	0.947	1	0:02:55.079712
600	0	0.724	0	0:02:55.346980
700	1	0.947	1	0:02:55.689689
800	1	0.93	1	0:02:55.277646
900	0	0.113	0	0:02:55.430384
1000	1	0.947	1	0:02:55.187507
1100	1	0.451	1	0:02:55.388259
1200	1	0.947	1	0:02:55.041906
1300	1	0.156	1	0:02:55.148571
1400	0	0.234	0	0:02:51.404179
1500	1	0.947	1	0:02:51.631798
1600	0	0.718	0	0:02:51.705750
1700	0	0.646	0	0:02:52.338639
1800	1	0.947	1	0:02:51.446994
1900	1	0.823	1	0:02:49.874795
2000	0	0.0606	0	0:02:49.802814
2100	1	0.693	1	0:02:51.246090
2200	1	0.683	1	0:02:50.954461
2300	1	0.559	1	0:02:51.471067
2400	0	0.0622	0	0:02:51.281027
2500	1	0.655	1	0:02:51.464936
2600	1	0.187	1	0:02:51.114359
2700	1	0.751	1	0:02:51.420085
2800	1	0.384	1	0:02:51.432154
2900	0	0.729	0	0:02:51.482459
3000	1	0.696	1	0:02:51.468013
3100	1	0.947	1	0:02:51.245007
3200	1	0.947	1	0:02:50.968415
3300	0	0.337	0	0:02:51.379649
3400	0	0.307	0	0:02:51.031942
3500	1	0.947	1	0:02:51.605877
3600	1	0.947	1	0:02:51.424470
3700	1	0.579	1	0:02:51.523192
3800	1	0.254	1	0:02:51.200137
3900	1	0.947	1	0:02:51.203840
4000	1	0.947	1	0:02:50.948725
4100	1	0.768	1	0:02:51.262001
4200	1	0.125	1	0:02:51.233199
4300	1	0.947	1	0:02:51.334450
4400	1	0.381	1	0:02:51.349220
4500	1	0.211	1	0:02:51.209859
4600	1	0.233	1	0:02:51.013069
4700	1	0.947	1	0:02:51.272842
4800	1	0.947	1	0:02:51.018947
4900	1	0.613	1	0:02:51.081823
5000	1	0.947	1	0:02:51.349762
5100	1	0.947	1	0:02:51.040239
5200	1	0.19	1	0:02:50.806493
5300	1	0.638	1	0:02:51.374167
5400	0	0.347	0	0:02:51.264254
5500	1	0.947	1	0:02:51.447166
5600	1	0.543	1	0:02:51.118170
5700	1	0.515	1	0:02:51.220783
5800	1	0.947	1	0:02:50.996635
5900	1	0.947	1	0:02:51.299021
6000	0	0.487	0	0:02:51.402184
6100	1	0.832	1	0:02:51.569973
6200	0	0.228	0	0:02:51.247245
6300	1	0.526	1	0:02:51.214550
6400	1	0.947	1	0:02:51.561099
6500	1	0.947	1	0:02:51.183236
6600	1	0.947	1	0:02:51.213117
6700	0	0.148	0	0:02:51.191909
6800	1	0.947	1	0:02:51.362966
6900	1	0.947	1	0:02:51.172824
7000	1	0.947	1	0:02:51.070396
7100	1	0.593	1	0:02:51.204056
7200	1	0.806	1	0:02:51.209723
7300	0	0.386	0	0:02:50.884405
7400	1	0.947	1	0:02:51.124857
7500	1	0.196	1	0:02:51.239350
7600	1	0.947	1	0:02:50.959744
7700	1	0.909	1	0:02:51.551165
7800	1	0.947	1	0:02:51.014872
7900	1	0.674	1	0:02:51.174413
8000	1	0.947	1	0:02:50.981098
8100	1	0.199	1	0:02:51.422409
8200	-1	0.0	-1	0:02:51.165891
8300	1	0.947	1	0:02:51.240503
8400	0	0.534	0	0:02:50.938916
8500	1	0.281	1	0:02:51.480705
8600	1	0.508	1	0:02:51.060444
8700	0	0.108	0	0:02:50.996088
8800	1	0.709	1	0:02:50.873410
8900	1	0.947	1	0:02:50.933966
9000	1	0.267	1	0:02:51.151730
9100	0	0.485	0	0:02:51.494729
9200	0	0.2	0	0:02:51.223023
9300	1	0.764	1	0:02:51.297728
9400	1	0.3	1	0:02:50.744832
9500	1	0.947	1	0:02:51.497031
9600	1	0.199	1	0:02:51.504453
9700	0	0.719	0	0:02:50.356195
9800	1	0.947	1	0:02:49.506390
9900	1	0.577	1	0:02:49.543545
10000	1	0.423	1	0:02:49.224286
10100	1	0.894	1	0:02:49.385939
10200	1	0.947	1	0:02:49.334745
10300	1	0.947	1	0:02:49.820823
10400	1	0.297	1	0:02:49.288156
10500	1	0.199	1	0:02:49.769213
10600	1	0.0435	1	0:02:49.247578
10700	1	0.512	1	0:02:49.607162
10800	1	0.672	1	0:02:49.363014
10900	1	0.947	1	0:02:49.678654
11000	1	0.681	1	0:02:49.439099
11100	0	0.325	0	0:02:49.878769
11200	0	0.574	0	0:02:49.502757
11300	1	0.821	1	0:02:49.719462
11400	1	0.783	1	0:02:49.251937
11500	1	0.947	1	0:02:49.791168
11600	1	0.93	1	0:02:49.677713
11700	1	0.112	1	0:02:49.830812
11800	0	0.706	0	0:02:49.649412
11900	1	0.947	1	0:02:49.980216
12000	1	0.85	1	0:02:49.933295
12100	1	0.901	1	0:02:50.060148
12200	1	0.947	1	0:02:49.688851
12300	1	0.124	1	0:02:49.791946
12400	1	0.947	1	0:02:49.685203
12500	0	0.254	0	0:02:49.530607
12600	1	0.686	1	0:02:49.521324
12700	0	0.0425	0	0:02:49.524008
12800	1	0.918	1	0:02:49.337395
12900	1	0.491	1	0:02:49.645965
13000	1	0.947	1	0:02:49.630480
13100	1	0.947	1	0:02:49.727880
13200	1	0.842	1	0:02:49.646528
13300	1	0.557	1	0:02:49.844749
13400	1	0.947	1	0:02:49.538392
13500	1	0.947	1	0:02:49.433087
13600	1	0.285	1	0:02:49.842914
13700	1	0.947	1	0:02:49.804827
13800	1	0.947	1	0:02:50.091865
13900	1	0.947	1	0:02:50.098307
14000	1	0.947	1	0:02:49.662395
14100	1	0.947	1	0:02:49.696626
14200	1	0.947	1	0:02:49.666968
14300	1	0.947	1	0:02:49.707803
14400	1	0.947	1	0:02:49.560396
14500	1	0.947	1	0:02:49.608844
14600	1	0.947	1	0:02:49.961836
14700	1	0.319	1	0:02:49.937193
14800	1	0.87	1	0:02:49.596571
14900	0	0.713	0	0:02:50.020284
15000	1	0.947	1	0:02:49.765125
15100	1	0.689	1	0:02:50.260038
15200	1	0.947	1	0:02:49.776577
15300	1	0.947	1	0:02:49.715883
15400	1	0.811	1	0:02:49.702004
15500	1	0.947	1	0:02:49.762083
15600	0	0.654	0	0:02:49.622478
15700	1	0.432	1	0:02:50.223437
15800	1	0.947	1	0:02:49.797333
15900	1	0.346	1	0:02:49.453312
16000	1	0.947	1	0:02:49.366428
16100	1	0.403	1	0:02:49.969216
16200	1	0.947	1	0:02:49.758452
16300	1	0.947	1	0:02:49.543522
16400	1	0.947	1	0:02:49.711472
16500	1	0.777	1	0:02:49.767642
16600	0	0.437	0	0:02:49.263495
16700	1	0.947	1	0:02:49.761350
16800	1	0.811	1	0:02:50.063448
16900	0	0.704	0	0:02:49.739291
17000	1	0.947	1	0:02:49.449767
17100	0	0.164	0	0:02:49.816856
17200	1	0.947	1	0:02:49.720679
17300	0	0.41	0	0:02:49.633162
17400	1	0.788	1	0:02:49.503000
17500	1	0.947	1	0:02:49.878487
17600	1	0.772	1	0:02:49.435078
17700	1	0.947	1	0:02:50.083596
17800	0	0.856	0	0:02:49.786921
17900	1	0.0493	1	0:02:50.059068
18000	1	0.888	1	0:02:50.037887
18100	1	0.947	1	0:02:50.067643
18200	1	0.629	1	0:02:49.391384
18300	0	0.0989	0	0:02:49.701626
18400	1	0.847	1	0:02:49.793494
18500	1	0.947	1	0:02:50.155224
18600	1	0.162	1	0:02:49.797374
18700	0	0.533	0	0:02:49.587114
18800	1	0.715	1	0:02:49.833130
18900	0	0.146	0	0:02:49.972833
19000	1	0.643	1	0:02:49.845277
19100	1	0.947	1	0:02:49.820962
19200	0	0.795	0	0:02:49.790953
19300	1	0.947	1	0:02:49.706165
19400	1	0.835	1	0:02:49.310171
19500	1	0.909	1	0:02:49.977889
19600	1	0.596	1	0:02:49.938782
19700	0	0.862	0	0:02:49.712397
19800	1	0.947	1	0:02:49.759850
19900	1	0.947	1	0:02:49.662291
20000	1	0.306	1	0:02:49.855851
20100	0	0.191	0	0:02:49.953566
20200	1	0.947	1	0:02:49.430671
20300	1	0.947	1	0:02:49.991560
20400	1	0.06	1	0:02:49.770605
20500	0	0.343	0	0:02:49.962314
20600	0	0.134	0	0:02:49.470059
20700	1	0.87	1	0:02:49.643103
20800	1	0.947	1	0:02:49.737817
20900	1	0.947	1	0:02:49.688113
21000	0	0.844	0	0:02:49.833678
21100	1	0.356	1	0:02:49.819638
21200	0	0.399	0	0:02:49.357641
21300	1	0.947	1	0:02:49.626011
21400	1	0.947	1	0:02:49.379318
21500	1	0.282	1	0:02:49.593544
21600	1	0.947	1	0:02:49.540724
21700	0	0.612	0	0:02:49.677412
21800	1	0.918	1	0:02:49.556257
21900	1	0.282	1	0:02:49.533691
22000	0	0.349	0	0:02:49.425610
22100	1	0.033	1	0:02:49.569742
22200	0	0.878	0	0:02:49.790193
22300	1	0.761	1	0:02:49.913970
22400	1	0.31	1	0:02:49.307070
22500	0	0.235	0	0:02:49.567217
22600	1	0.538	1	0:02:49.818627
22700	1	0.947	1	0:02:49.684386
22800	0	0.874	0	0:02:49.328434
22900	1	0.762	1	0:02:49.998719
23000	0	0.0123	0	0:02:49.620497
23100	1	0.909	1	0:02:50.088335
23200	0	0.215	0	0:02:49.682947
23300	1	0.659	1	0:02:49.729299
23400	1	0.947	1	0:02:49.634950
23500	0	0.844	0	0:02:49.450752
23600	1	0.947	1	0:02:49.422618
23700	0	0.52	0	0:02:49.715098
23800	1	0.776	1	0:02:49.351881
23900	1	0.216	1	0:02:49.448018
24000	0	0.384	0	0:02:49.359332
24100	0	0.323	0	0:02:49.931095
24200	1	0.947	1	0:02:49.486942
24300	1	0.947	1	0:02:49.769871
24400	1	0.21	1	0:02:49.483720
24500	0	0.0777	0	0:02:50.070900
24600	1	0.368	1	0:02:49.709052
24700	1	0.894	1	0:02:49.609166
24800	1	0.16	1	0:02:49.547514
24900	1	0.947	1	0:02:49.527589
25000	1	0.947	1	0:02:49.533906
25100	1	0.947	1	0:02:49.744394
25200	0	0.726	0	0:02:49.948946
25300	1	0.285	1	0:02:49.923554
25400	1	0.947	1	0:02:49.333744
25500	1	0.947	1	0:02:49.862689
25600	0	0.947	0	0:02:49.350815
25700	1	0.947	1	0:02:49.834198
25800	0	0.428	0	0:02:49.522008
25900	1	0.947	1	0:02:49.769003
26000	1	0.947	1	0:02:50.533701
26100	1	0.816	1	0:02:51.542499
26200	1	0.174	1	0:02:51.370194
26300	0	0.551	0	0:02:51.715223
26400	0	0.947	0	0:02:51.238569
26500	1	0.947	1	0:02:51.709675
26600	1	0.467	1	0:02:51.447809
26700	0	0.866	0	0:02:51.409771
26800	1	0.667	1	0:02:51.378526
26900	1	0.947	1	0:02:51.388895
27000	1	0.947	1	0:02:51.358673
27100	0	0.345	0	0:02:50.573167
27200	1	0.0258	1	0:02:51.221455
27300	1	0.947	1	0:02:51.321114
27400	1	0.87	1	0:02:51.248199
27500	1	0.947	1	0:02:51.225484
27600	1	0.947	1	0:02:51.095940
27700	1	0.502	1	0:02:51.393054
27800	0	0.57	0	0:02:51.010356
27900	1	0.354	1	0:02:50.384925
28000	1	0.193	1	0:02:50.543137
28100	1	0.947	1	0:02:50.751453
28200	1	0.167	1	0:02:50.490861
28300	1	0.633	1	0:02:50.423288
28400	1	0.059	1	0:02:50.487296
28500	0	0.878	0	0:02:50.551382
28600	0	0.44	0	0:02:50.737467
28700	1	0.947	1	0:02:50.922105
28800	0	0.837	0	0:02:50.520101
28900	1	0.228	1	0:02:51.062440
29000	1	0.947	1	0:02:50.702503
29100	0	0.596	0	0:02:50.677331
29200	0	0.918	0	0:02:50.584871
29300	1	0.894	1	0:02:50.406993
29400	1	0.329	1	0:02:50.840035
29500	0	0.103	0	0:02:50.781870
29600	1	0.761	1	0:02:50.612306
29700	1	0.208	1	0:02:50.571625
29800	0	0.664	0	0:02:50.233969
29900	0	0.464	0	0:02:50.394497
30000	1	0.356	1	0:02:50.295604
30100	1	0.947	1	0:02:50.473945
30200	0	0.0483	0	0:02:50.398068
30300	1	0.947	1	0:02:51.049184
30400	0	0.655	0	0:02:50.530068
30500	0	0.505	0	0:02:50.502435
30600	1	0.947	1	0:02:50.529936
30700	1	0.337	1	0:02:50.723782
30800	0	0.776	0	0:02:50.644035
30900	0	0.947	0	0:02:50.514382
31000	0	0.719	0	0:02:50.568937
31100	1	0.947	1	0:02:50.780907
31200	0	0.378	0	0:02:50.752826
31300	0	0.947	0	0:02:50.519719
31400	0	0.93	0	0:02:50.341674
31500	1	0.182	1	0:02:50.629124
31600	1	0.909	1	0:02:50.556322
31700	1	0.947	1	0:02:50.475402
31800	1	0.947	1	0:02:50.903418
31900	1	0.947	1	0:02:50.592554
32000	1	0.947	1	0:02:50.289580
32100	1	0.947	1	0:02:50.290758
32200	1	0.947	1	0:02:50.070544
32300	1	0.947	1	0:02:50.450208
32400	0	0.947	0	0:02:50.434307
32500	0	0.93	0	0:02:50.906375
32600	1	0.947	1	0:02:50.642872
32700	0	0.621	0	0:02:50.769566
32800	0	0.812	0	0:02:50.518939
32900	1	0.947	1	0:02:50.719731
33000	0	0.244	0	0:02:50.625920
33100	0	0.523	0	0:02:50.943088
33200	0	0.947	0	0:02:50.344026
33300	1	0.947	1	0:02:50.917195
33400	0	0.751	0	0:02:50.790048
33500	1	0.947	1	0:02:50.792535
33600	1	0.16	1	0:02:50.641438
33700	-1	0.0	1	0:02:51.310180
33800	0	0.616	0	0:02:50.687533
33900	1	0.947	1	0:02:50.882146
34000	0	0.524	0	0:02:50.260132
34100	1	0.00494	-1	0:02:51.200795
34200	1	0.708	1	0:02:50.494368
34300	0	0.883	0	0:02:50.836179
34400	1	0.947	1	0:02:50.581855
34500	1	0.909	1	0:02:50.905822
34600	0	0.826	0	0:02:50.788029
34700	1	0.947	1	0:02:50.975775
34800	0	0.787	0	0:02:50.764440
34900	1	0.0201	1	0:02:51.146963
35000	0	0.0539	0	0:02:50.575526
35100	1	0.918	1	0:02:50.802444
35200	1	0.792	1	0:02:50.564806
35300	0	0.361	0	0:02:49.976086
35400	1	0.83	1	0:02:49.638910
35500	0	0.213	0	0:02:49.764990
35600	0	0.842	0	0:02:49.585483
35700	1	0.624	1	0:02:49.606837
35800	1	0.391	1	0:02:49.429688
35900	0	0.292	0	0:02:49.988209
36000	0	0.378	0	0:02:49.625461
36100	1	0.947	1	0:02:49.831781
36200	1	0.947	1	0:02:49.474784
36300	1	0.93	1	0:02:49.957896
36400	0	0.202	0	0:02:49.996202
36500	0	0.184	0	0:02:49.952173
36600	1	0.947	1	0:02:49.593491
36700	1	0.947	1	0:02:49.835093
36800	1	0.947	1	0:02:49.599648
36900	0	0.317	0	0:02:49.907726
37000	0	0.796	0	0:02:49.889726
37100	0	0.844	0	0:02:50.207164
37200	1	0.947	1	0:02:49.945695
37300	1	0.947	1	0:02:50.581416
37400	1	0.735	1	0:02:51.196948
37500	0	0.598	0	0:02:51.033710
37600	0	0.947	0	0:02:50.622639
37700	0	0.658	0	0:02:50.866143
37800	1	0.798	1	0:02:50.572998
37900	0	0.187	0	0:02:50.971853
38000	0	0.483	0	0:02:50.723924
38100	0	0.494	0	0:02:50.866193
38200	0	0.515	0	0:02:50.717173
38300	1	0.947	1	0:02:50.812672
38400	1	0.454	1	0:02:50.626994
38500	0	0.221	0	0:02:50.757908
38600	0	0.0154	0	0:02:51.069937
38700	1	0.55	1	0:02:50.966232
38800	0	0.307	0	0:02:50.624049
38900	0	0.185	0	0:02:50.880827
39000	1	0.734	1	0:02:50.774223
39100	1	0.355	1	0:02:50.811369
39200	0	0.415	0	0:02:50.722723
39300	0	0.767	0	0:02:50.938096
39400	0	0.947	0	0:02:50.661484
39500	1	0.947	1	0:02:50.710917
39600	0	0.378	0	0:02:50.648831
39700	1	0.72	1	0:02:50.620515
39800	1	0.947	1	0:02:50.650073
39900	1	0.947	1	0:02:50.497416
40000	1	0.947	1	0:02:50.568143
40100	1	0.828	1	0:02:50.588955
40200	0	0.582	0	0:02:50.535336
40300	1	0.947	1	0:02:50.819732
40400	1	0.85	1	0:02:50.402732
40500	1	0.947	1	0:02:50.647805
40600	1	0.947	1	0:02:50.794941
40700	0	0.728	0	0:02:50.808038
40800	1	0.947	1	0:02:50.673663
40900	0	0.248	0	0:02:50.945804
41000	0	0.134	0	0:02:50.461613
41100	1	0.87	1	0:02:50.826896
41200	1	0.361	1	0:02:50.435557
41300	1	0.947	1	0:02:50.650455
41400	0	0.213	0	0:02:50.735136
41500	0	0.596	0	0:02:51.008276
41600	1	0.947	1	0:02:51.322916
41700	0	0.354	0	0:02:51.933182
41800	0	0.361	0	0:02:52.141354
41900	1	0.93	1	0:02:51.981232
42000	1	0.93	1	0:02:51.718863
42100	0	0.24	0	0:02:51.916956
42200	1	0.947	1	0:02:52.307510
42300	1	0.063	1	0:02:51.797134
42400	0	0.401	0	0:02:52.088269
42500	1	0.385	1	0:02:52.226091
42600	1	0.947	1	0:02:52.135420
42700	1	0.0687	1	0:02:51.999703
42800	0	0.472	0	0:02:51.868953
42900	0	0.842	0	0:02:51.955432
43000	1	0.162	1	0:02:51.804258
43100	1	0.399	1	0:02:51.906316
43200	1	0.245	1	0:02:51.743268
43300	0	0.224	0	0:02:51.855355
43400	0	0.947	0	0:02:51.853422
43500	1	0.441	1	0:02:52.063480
43600	0	0.381	0	0:02:51.646364
43700	1	0.947	1	0:02:51.875646
43800	0	0.65	0	0:02:51.810641
43900	1	0.947	1	0:02:51.879674
44000	0	0.389	0	0:02:52.121569
44100	0	0.64	0	0:02:52.161296
44200	1	0.947	1	0:02:52.206524
44300	1	0.947	1	0:02:51.793100
44400	1	0.35	1	0:02:52.042066
44500	1	0.947	1	0:02:52.474074
44600	1	0.251	1	0:02:51.841697
44700	1	0.947	1	0:02:51.946647
44800	1	0.352	1	0:02:52.105917
44900	0	0.947	0	0:02:52.442998
45000	1	0.947	1	0:02:51.704299
45100	1	0.947	1	0:02:52.152738
45200	0	0.335	0	0:02:52.041509
45300	1	0.947	1	0:02:51.918497
45400	1	0.645	1	0:02:51.720818
45500	1	0.947	1	0:02:51.969094
45600	1	0.0959	1	0:02:52.005862
45700	1	0.947	1	0:02:51.673928
45800	1	0.947	1	0:02:51.843775
45900	1	0.947	1	0:02:52.076925
46000	0	0.598	0	0:02:51.740026
46100	1	0.947	1	0:02:52.599123
46200	1	0.589	1	0:02:52.101727
46300	1	0.947	1	0:02:52.029043
46400	0	0.251	0	0:02:52.087354
46500	1	0.534	1	0:02:51.990612
46600	1	0.546	1	0:02:52.117010
46700	1	0.365	1	0:02:52.025851
46800	1	0.947	1	0:02:52.133888
46900	1	0.112	1	0:02:52.002576
47000	0	0.227	0	0:02:52.011943
47100	1	0.947	1	0:02:52.054066
47200	1	0.947	1	0:02:52.096623
47300	1	0.947	1	0:02:52.269505
47400	1	0.947	1	0:02:51.885710
47500	1	0.603	1	0:02:51.295672
47600	1	0.572	1	0:02:51.225255
47700	0	0.644	0	0:02:51.115837
47800	1	0.947	1	0:02:51.089870
47900	1	0.56	1	0:02:51.229339
48000	1	0.169	1	0:02:51.453471
48100	1	0.766	1	0:02:51.156961
48200	0	0.463	0	0:02:51.666639
48300	0	0.181	0	0:02:51.167181
48400	1	0.947	1	0:02:51.102399
48500	1	0.947	1	0:02:51.835963
48600	1	0.576	1	0:02:51.010195
48700	1	0.947	1	0:02:51.383686
48800	0	0.302	0	0:02:51.401098
48900	0	0.64	0	0:02:51.473038
49000	1	0.947	1	0:02:51.519601
49100	1	0.62	1	0:02:51.361671
49200	1	0.947	1	0:02:51.730599
49300	1	0.947	1	0:02:51.139315
49400	1	0.698	1	0:02:51.377489
49500	1	0.445	1	0:02:51.550782
49600	1	0.947	1	0:02:51.222035
49700	1	0.947	1	0:02:52.371353
49800	1	0.894	1	0:02:51.477745
49900	1	0.947	1	0:02:50.147525
