idx	predict	radius	unperturbed predict	time
0	0	0.947	0	0:02:59.208441
100	0	0.947	0	0:02:55.306593
200	0	0.947	0	0:02:55.561347
300	0	0.947	0	0:02:55.437163
400	0	0.947	0	0:02:55.035227
500	0	0.947	0	0:02:55.079712
600	0	0.947	0	0:02:55.346980
700	0	0.947	0	0:02:55.689689
800	0	0.947	0	0:02:55.277646
900	0	0.947	0	0:02:55.430384
1000	0	0.947	0	0:02:55.187507
1100	0	0.947	0	0:02:55.388259
1200	0	0.947	0	0:02:55.041906
1300	0	0.947	0	0:02:55.148571
1400	0	0.947	0	0:02:51.404179
1500	0	0.947	0	0:02:51.631798
1600	0	0.947	0	0:02:51.705750
1700	0	0.947	0	0:02:52.338639
1800	0	0.947	0	0:02:51.446994
1900	0	0.947	0	0:02:49.874795
2000	0	0.947	0	0:02:49.802814
2100	0	0.947	0	0:02:51.246090
2200	0	0.947	0	0:02:50.954461
2300	0	0.947	0	0:02:51.471067
2400	0	0.947	0	0:02:51.281027
2500	0	0.947	0	0:02:51.464936
2600	0	0.947	0	0:02:51.114359
2700	0	0.947	0	0:02:51.420085
2800	0	0.947	0	0:02:51.432154
2900	0	0.947	0	0:02:51.482459
3000	0	0.947	0	0:02:51.468013
3100	0	0.947	0	0:02:51.245007
3200	0	0.947	0	0:02:50.968415
3300	0	0.947	0	0:02:51.379649
3400	0	0.947	0	0:02:51.031942
3500	0	0.947	0	0:02:51.605877
3600	0	0.947	0	0:02:51.424470
3700	0	0.947	0	0:02:51.523192
3800	0	0.947	0	0:02:51.200137
3900	0	0.947	0	0:02:51.203840
4000	0	0.947	0	0:02:50.948725
4100	0	0.947	0	0:02:51.262001
4200	0	0.947	0	0:02:51.233199
4300	0	0.947	0	0:02:51.334450
4400	0	0.947	0	0:02:51.349220
4500	0	0.947	0	0:02:51.209859
4600	0	0.947	0	0:02:51.013069
4700	0	0.947	0	0:02:51.272842
4800	0	0.947	0	0:02:51.018947
4900	0	0.947	0	0:02:51.081823
5000	0	0.947	0	0:02:51.349762
5100	0	0.947	0	0:02:51.040239
5200	0	0.947	0	0:02:50.806493
5300	0	0.947	0	0:02:51.374167
5400	0	0.947	0	0:02:51.264254
5500	0	0.947	0	0:02:51.447166
5600	0	0.947	0	0:02:51.118170
5700	0	0.947	0	0:02:51.220783
5800	0	0.947	0	0:02:50.996635
5900	0	0.947	0	0:02:51.299021
6000	0	0.947	0	0:02:51.402184
6100	0	0.947	0	0:02:51.569973
6200	0	0.947	0	0:02:51.247245
6300	0	0.947	0	0:02:51.214550
6400	0	0.947	0	0:02:51.561099
6500	0	0.947	0	0:02:51.183236
6600	0	0.947	0	0:02:51.213117
6700	0	0.947	0	0:02:51.191909
6800	0	0.947	0	0:02:51.362966
6900	0	0.947	0	0:02:51.172824
7000	0	0.947	0	0:02:51.070396
7100	0	0.947	0	0:02:51.204056
7200	0	0.947	0	0:02:51.209723
7300	0	0.947	0	0:02:50.884405
7400	0	0.947	0	0:02:51.124857
7500	0	0.947	0	0:02:51.239350
7600	0	0.947	0	0:02:50.959744
7700	0	0.947	0	0:02:51.551165
7800	0	0.947	0	0:02:51.014872
7900	0	0.947	0	0:02:51.174413
8000	0	0.947	0	0:02:50.981098
8100	0	0.947	0	0:02:51.422409
8200	0	0.947	0	0:02:51.165891
8300	0	0.947	0	0:02:51.240503
8400	0	0.947	0	0:02:50.938916
8500	0	0.947	0	0:02:51.480705
8600	0	0.947	0	0:02:51.060444
8700	0	0.947	0	0:02:50.996088
8800	0	0.947	0	0:02:50.873410
8900	0	0.947	0	0:02:50.933966
9000	0	0.947	0	0:02:51.151730
9100	0	0.947	0	0:02:51.494729
9200	0	0.947	0	0:02:51.223023
9300	0	0.947	0	0:02:51.297728
9400	0	0.947	0	0:02:50.744832
9500	0	0.947	0	0:02:51.497031
9600	0	0.947	0	0:02:51.504453
9700	0	0.947	0	0:02:50.356195
9800	0	0.947	0	0:02:49.506390
9900	0	0.947	0	0:02:49.543545
10000	0	0.947	0	0:02:49.224286
10100	0	0.947	0	0:02:49.385939
10200	0	0.947	0	0:02:49.334745
10300	0	0.947	0	0:02:49.820823
10400	0	0.947	0	0:02:49.288156
10500	0	0.947	0	0:02:49.769213
10600	0	0.947	0	0:02:49.247578
10700	0	0.947	0	0:02:49.607162
10800	0	0.947	0	0:02:49.363014
10900	0	0.947	0	0:02:49.678654
11000	0	0.947	0	0:02:49.439099
11100	0	0.947	0	0:02:49.878769
11200	0	0.947	0	0:02:49.502757
11300	0	0.947	0	0:02:49.719462
11400	0	0.947	0	0:02:49.251937
11500	0	0.947	0	0:02:49.791168
11600	0	0.947	0	0:02:49.677713
11700	0	0.947	0	0:02:49.830812
11800	0	0.947	0	0:02:49.649412
11900	0	0.947	0	0:02:49.980216
12000	0	0.947	0	0:02:49.933295
12100	0	0.947	0	0:02:50.060148
12200	0	0.947	0	0:02:49.688851
12300	0	0.947	0	0:02:49.791946
12400	0	0.947	0	0:02:49.685203
12500	0	0.947	0	0:02:49.530607
12600	0	0.947	0	0:02:49.521324
12700	0	0.947	0	0:02:49.524008
12800	0	0.947	0	0:02:49.337395
12900	0	0.947	0	0:02:49.645965
13000	0	0.947	0	0:02:49.630480
13100	0	0.947	0	0:02:49.727880
13200	0	0.947	0	0:02:49.646528
13300	0	0.947	0	0:02:49.844749
13400	0	0.947	0	0:02:49.538392
13500	0	0.947	0	0:02:49.433087
13600	0	0.947	0	0:02:49.842914
13700	0	0.947	0	0:02:49.804827
13800	0	0.947	0	0:02:50.091865
13900	0	0.947	0	0:02:50.098307
14000	0	0.947	0	0:02:49.662395
14100	0	0.947	0	0:02:49.696626
14200	0	0.947	0	0:02:49.666968
14300	0	0.947	0	0:02:49.707803
14400	0	0.947	0	0:02:49.560396
14500	0	0.947	0	0:02:49.608844
14600	0	0.947	0	0:02:49.961836
14700	0	0.947	0	0:02:49.937193
14800	0	0.947	0	0:02:49.596571
14900	0	0.947	0	0:02:50.020284
15000	0	0.947	0	0:02:49.765125
15100	0	0.947	0	0:02:50.260038
15200	0	0.947	0	0:02:49.776577
15300	0	0.947	0	0:02:49.715883
15400	0	0.947	0	0:02:49.702004
15500	0	0.947	0	0:02:49.762083
15600	0	0.947	0	0:02:49.622478
15700	0	0.947	0	0:02:50.223437
15800	0	0.947	0	0:02:49.797333
15900	0	0.947	0	0:02:49.453312
16000	0	0.947	0	0:02:49.366428
16100	0	0.947	0	0:02:49.969216
16200	0	0.947	0	0:02:49.758452
16300	0	0.947	0	0:02:49.543522
16400	0	0.947	0	0:02:49.711472
16500	0	0.947	0	0:02:49.767642
16600	0	0.947	0	0:02:49.263495
16700	0	0.947	0	0:02:49.761350
16800	0	0.947	0	0:02:50.063448
16900	0	0.947	0	0:02:49.739291
17000	0	0.947	0	0:02:49.449767
17100	0	0.947	0	0:02:49.816856
17200	0	0.947	0	0:02:49.720679
17300	0	0.947	0	0:02:49.633162
17400	0	0.947	0	0:02:49.503000
17500	0	0.947	0	0:02:49.878487
17600	0	0.947	0	0:02:49.435078
17700	0	0.947	0	0:02:50.083596
17800	0	0.947	0	0:02:49.786921
17900	0	0.947	0	0:02:50.059068
18000	0	0.947	0	0:02:50.037887
18100	0	0.947	0	0:02:50.067643
18200	0	0.947	0	0:02:49.391384
18300	0	0.947	0	0:02:49.701626
18400	0	0.947	0	0:02:49.793494
18500	0	0.947	0	0:02:50.155224
18600	0	0.947	0	0:02:49.797374
18700	0	0.947	0	0:02:49.587114
18800	0	0.947	0	0:02:49.833130
18900	0	0.947	0	0:02:49.972833
19000	0	0.947	0	0:02:49.845277
19100	0	0.947	0	0:02:49.820962
19200	0	0.947	0	0:02:49.790953
19300	0	0.947	0	0:02:49.706165
19400	0	0.947	0	0:02:49.310171
19500	0	0.947	0	0:02:49.977889
19600	0	0.947	0	0:02:49.938782
19700	0	0.947	0	0:02:49.712397
19800	0	0.947	0	0:02:49.759850
19900	0	0.947	0	0:02:49.662291
20000	0	0.947	0	0:02:49.855851
20100	0	0.947	0	0:02:49.953566
20200	0	0.947	0	0:02:49.430671
20300	0	0.947	0	0:02:49.991560
20400	0	0.947	0	0:02:49.770605
20500	0	0.947	0	0:02:49.962314
20600	0	0.947	0	0:02:49.470059
20700	0	0.947	0	0:02:49.643103
20800	0	0.947	0	0:02:49.737817
20900	0	0.947	0	0:02:49.688113
21000	0	0.947	0	0:02:49.833678
21100	0	0.947	0	0:02:49.819638
21200	0	0.947	0	0:02:49.357641
21300	0	0.947	0	0:02:49.626011
21400	0	0.947	0	0:02:49.379318
21500	0	0.947	0	0:02:49.593544
21600	0	0.947	0	0:02:49.540724
21700	0	0.947	0	0:02:49.677412
21800	0	0.947	0	0:02:49.556257
21900	0	0.947	0	0:02:49.533691
22000	0	0.947	0	0:02:49.425610
22100	0	0.947	0	0:02:49.569742
22200	0	0.947	0	0:02:49.790193
22300	0	0.947	0	0:02:49.913970
22400	0	0.947	0	0:02:49.307070
22500	0	0.947	0	0:02:49.567217
22600	0	0.947	0	0:02:49.818627
22700	0	0.947	0	0:02:49.684386
22800	0	0.947	0	0:02:49.328434
22900	0	0.947	0	0:02:49.998719
23000	0	0.947	0	0:02:49.620497
23100	0	0.947	0	0:02:50.088335
23200	0	0.947	0	0:02:49.682947
23300	0	0.947	0	0:02:49.729299
23400	0	0.947	0	0:02:49.634950
23500	0	0.947	0	0:02:49.450752
23600	0	0.947	0	0:02:49.422618
23700	0	0.947	0	0:02:49.715098
23800	0	0.947	0	0:02:49.351881
23900	0	0.947	0	0:02:49.448018
24000	0	0.947	0	0:02:49.359332
24100	0	0.947	0	0:02:49.931095
24200	0	0.947	0	0:02:49.486942
24300	0	0.947	0	0:02:49.769871
24400	0	0.947	0	0:02:49.483720
24500	0	0.947	0	0:02:50.070900
24600	0	0.947	0	0:02:49.709052
24700	0	0.947	0	0:02:49.609166
24800	0	0.947	0	0:02:49.547514
24900	0	0.947	0	0:02:49.527589
25000	0	0.947	0	0:02:49.533906
25100	0	0.947	0	0:02:49.744394
25200	0	0.947	0	0:02:49.948946
25300	0	0.947	0	0:02:49.923554
25400	0	0.947	0	0:02:49.333744
25500	0	0.947	0	0:02:49.862689
25600	0	0.947	0	0:02:49.350815
25700	0	0.947	0	0:02:49.834198
25800	0	0.947	0	0:02:49.522008
25900	0	0.947	0	0:02:49.769003
26000	0	0.947	0	0:02:50.533701
26100	0	0.947	0	0:02:51.542499
26200	0	0.947	0	0:02:51.370194
26300	0	0.947	0	0:02:51.715223
26400	0	0.947	0	0:02:51.238569
26500	0	0.947	0	0:02:51.709675
26600	0	0.947	0	0:02:51.447809
26700	0	0.947	0	0:02:51.409771
26800	0	0.947	0	0:02:51.378526
26900	0	0.947	0	0:02:51.388895
27000	0	0.947	0	0:02:51.358673
27100	0	0.947	0	0:02:50.573167
27200	0	0.947	0	0:02:51.221455
27300	0	0.947	0	0:02:51.321114
27400	0	0.947	0	0:02:51.248199
27500	0	0.947	0	0:02:51.225484
27600	0	0.947	0	0:02:51.095940
27700	0	0.947	0	0:02:51.393054
27800	0	0.947	0	0:02:51.010356
27900	0	0.947	0	0:02:50.384925
28000	0	0.947	0	0:02:50.543137
28100	0	0.947	0	0:02:50.751453
28200	0	0.947	0	0:02:50.490861
28300	0	0.947	0	0:02:50.423288
28400	0	0.947	0	0:02:50.487296
28500	0	0.947	0	0:02:50.551382
28600	0	0.947	0	0:02:50.737467
28700	0	0.947	0	0:02:50.922105
28800	0	0.947	0	0:02:50.520101
28900	0	0.947	0	0:02:51.062440
29000	0	0.947	0	0:02:50.702503
29100	0	0.947	0	0:02:50.677331
29200	0	0.947	0	0:02:50.584871
29300	0	0.947	0	0:02:50.406993
29400	0	0.947	0	0:02:50.840035
29500	0	0.947	0	0:02:50.781870
29600	0	0.947	0	0:02:50.612306
29700	0	0.947	0	0:02:50.571625
29800	0	0.947	0	0:02:50.233969
29900	0	0.947	0	0:02:50.394497
30000	0	0.947	0	0:02:50.295604
30100	0	0.947	0	0:02:50.473945
30200	0	0.947	0	0:02:50.398068
30300	0	0.947	0	0:02:51.049184
30400	0	0.947	0	0:02:50.530068
30500	0	0.947	0	0:02:50.502435
30600	0	0.947	0	0:02:50.529936
30700	0	0.947	0	0:02:50.723782
30800	0	0.947	0	0:02:50.644035
30900	0	0.947	0	0:02:50.514382
31000	0	0.947	0	0:02:50.568937
31100	0	0.947	0	0:02:50.780907
31200	0	0.947	0	0:02:50.752826
31300	0	0.947	0	0:02:50.519719
31400	0	0.947	0	0:02:50.341674
31500	0	0.947	0	0:02:50.629124
31600	0	0.947	0	0:02:50.556322
31700	0	0.947	0	0:02:50.475402
31800	0	0.947	0	0:02:50.903418
31900	0	0.947	0	0:02:50.592554
32000	0	0.947	0	0:02:50.289580
32100	0	0.947	0	0:02:50.290758
32200	0	0.947	0	0:02:50.070544
32300	0	0.947	0	0:02:50.450208
32400	0	0.947	0	0:02:50.434307
32500	0	0.947	0	0:02:50.906375
32600	0	0.947	0	0:02:50.642872
32700	0	0.947	0	0:02:50.769566
32800	0	0.947	0	0:02:50.518939
32900	0	0.947	0	0:02:50.719731
33000	0	0.947	0	0:02:50.625920
33100	0	0.947	0	0:02:50.943088
33200	0	0.947	0	0:02:50.344026
33300	0	0.947	0	0:02:50.917195
33400	0	0.947	0	0:02:50.790048
33500	0	0.947	0	0:02:50.792535
33600	0	0.947	0	0:02:50.641438
33700	0	0.947	0	0:02:51.310180
33800	0	0.947	0	0:02:50.687533
33900	0	0.947	0	0:02:50.882146
34000	0	0.947	0	0:02:50.260132
34100	0	0.947	0	0:02:51.200795
34200	0	0.947	0	0:02:50.494368
34300	0	0.947	0	0:02:50.836179
34400	0	0.947	0	0:02:50.581855
34500	0	0.947	0	0:02:50.905822
34600	0	0.947	0	0:02:50.788029
34700	0	0.947	0	0:02:50.975775
34800	0	0.947	0	0:02:50.764440
34900	0	0.947	0	0:02:51.146963
35000	0	0.947	0	0:02:50.575526
35100	0	0.947	0	0:02:50.802444
35200	0	0.947	0	0:02:50.564806
35300	0	0.947	0	0:02:49.976086
35400	0	0.947	0	0:02:49.638910
35500	0	0.947	0	0:02:49.764990
35600	0	0.947	0	0:02:49.585483
35700	0	0.947	0	0:02:49.606837
35800	0	0.947	0	0:02:49.429688
35900	0	0.947	0	0:02:49.988209
36000	0	0.947	0	0:02:49.625461
36100	0	0.947	0	0:02:49.831781
36200	0	0.947	0	0:02:49.474784
36300	0	0.947	0	0:02:49.957896
36400	0	0.947	0	0:02:49.996202
36500	0	0.947	0	0:02:49.952173
36600	0	0.947	0	0:02:49.593491
36700	0	0.947	0	0:02:49.835093
36800	0	0.947	0	0:02:49.599648
36900	0	0.947	0	0:02:49.907726
37000	0	0.947	0	0:02:49.889726
37100	0	0.947	0	0:02:50.207164
37200	0	0.947	0	0:02:49.945695
37300	0	0.947	0	0:02:50.581416
37400	0	0.947	0	0:02:51.196948
37500	0	0.947	0	0:02:51.033710
37600	0	0.947	0	0:02:50.622639
37700	0	0.947	0	0:02:50.866143
37800	0	0.947	0	0:02:50.572998
37900	0	0.947	0	0:02:50.971853
38000	0	0.947	0	0:02:50.723924
38100	0	0.947	0	0:02:50.866193
38200	0	0.947	0	0:02:50.717173
38300	0	0.947	0	0:02:50.812672
38400	0	0.947	0	0:02:50.626994
38500	0	0.947	0	0:02:50.757908
38600	0	0.947	0	0:02:51.069937
38700	0	0.947	0	0:02:50.966232
38800	0	0.947	0	0:02:50.624049
38900	0	0.947	0	0:02:50.880827
39000	0	0.947	0	0:02:50.774223
39100	0	0.947	0	0:02:50.811369
39200	0	0.947	0	0:02:50.722723
39300	0	0.947	0	0:02:50.938096
39400	0	0.947	0	0:02:50.661484
39500	0	0.947	0	0:02:50.710917
39600	0	0.947	0	0:02:50.648831
39700	0	0.947	0	0:02:50.620515
39800	0	0.947	0	0:02:50.650073
39900	0	0.947	0	0:02:50.497416
40000	0	0.947	0	0:02:50.568143
40100	0	0.947	0	0:02:50.588955
40200	0	0.947	0	0:02:50.535336
40300	0	0.947	0	0:02:50.819732
40400	0	0.947	0	0:02:50.402732
40500	0	0.947	0	0:02:50.647805
40600	0	0.947	0	0:02:50.794941
40700	0	0.947	0	0:02:50.808038
40800	0	0.947	0	0:02:50.673663
40900	0	0.947	0	0:02:50.945804
41000	0	0.947	0	0:02:50.461613
41100	0	0.947	0	0:02:50.826896
41200	0	0.947	0	0:02:50.435557
41300	0	0.947	0	0:02:50.650455
41400	0	0.947	0	0:02:50.735136
41500	0	0.947	0	0:02:51.008276
41600	0	0.947	0	0:02:51.322916
41700	0	0.947	0	0:02:51.933182
41800	0	0.947	0	0:02:52.141354
41900	0	0.947	0	0:02:51.981232
42000	0	0.947	0	0:02:51.718863
42100	0	0.947	0	0:02:51.916956
42200	0	0.947	0	0:02:52.307510
42300	0	0.947	0	0:02:51.797134
42400	0	0.947	0	0:02:52.088269
42500	0	0.947	0	0:02:52.226091
42600	0	0.947	0	0:02:52.135420
42700	0	0.947	0	0:02:51.999703
42800	0	0.947	0	0:02:51.868953
42900	0	0.947	0	0:02:51.955432
43000	0	0.947	0	0:02:51.804258
43100	0	0.947	0	0:02:51.906316
43200	0	0.947	0	0:02:51.743268
43300	0	0.947	0	0:02:51.855355
43400	0	0.947	0	0:02:51.853422
43500	0	0.947	0	0:02:52.063480
43600	0	0.947	0	0:02:51.646364
43700	0	0.947	0	0:02:51.875646
43800	0	0.947	0	0:02:51.810641
43900	0	0.947	0	0:02:51.879674
44000	0	0.947	0	0:02:52.121569
44100	0	0.947	0	0:02:52.161296
44200	0	0.947	0	0:02:52.206524
44300	0	0.947	0	0:02:51.793100
44400	0	0.947	0	0:02:52.042066
44500	0	0.947	0	0:02:52.474074
44600	0	0.947	0	0:02:51.841697
44700	0	0.947	0	0:02:51.946647
44800	0	0.947	0	0:02:52.105917
44900	0	0.947	0	0:02:52.442998
45000	0	0.947	0	0:02:51.704299
45100	0	0.947	0	0:02:52.152738
45200	0	0.947	0	0:02:52.041509
45300	0	0.947	0	0:02:51.918497
45400	0	0.947	0	0:02:51.720818
45500	0	0.947	0	0:02:51.969094
45600	0	0.947	0	0:02:52.005862
45700	0	0.947	0	0:02:51.673928
45800	0	0.947	0	0:02:51.843775
45900	0	0.947	0	0:02:52.076925
46000	0	0.947	0	0:02:51.740026
46100	0	0.947	0	0:02:52.599123
46200	0	0.947	0	0:02:52.101727
46300	0	0.947	0	0:02:52.029043
46400	0	0.947	0	0:02:52.087354
46500	0	0.947	0	0:02:51.990612
46600	0	0.947	0	0:02:52.117010
46700	0	0.947	0	0:02:52.025851
46800	0	0.947	0	0:02:52.133888
46900	0	0.947	0	0:02:52.002576
47000	0	0.947	0	0:02:52.011943
47100	0	0.947	0	0:02:52.054066
47200	0	0.947	0	0:02:52.096623
47300	0	0.947	0	0:02:52.269505
47400	0	0.947	0	0:02:51.885710
47500	0	0.947	0	0:02:51.295672
47600	0	0.947	0	0:02:51.225255
47700	0	0.947	0	0:02:51.115837
47800	0	0.947	0	0:02:51.089870
47900	0	0.947	0	0:02:51.229339
48000	0	0.947	0	0:02:51.453471
48100	0	0.947	0	0:02:51.156961
48200	0	0.947	0	0:02:51.666639
48300	0	0.947	0	0:02:51.167181
48400	0	0.947	0	0:02:51.102399
48500	0	0.947	0	0:02:51.835963
48600	0	0.947	0	0:02:51.010195
48700	0	0.947	0	0:02:51.383686
48800	0	0.947	0	0:02:51.401098
48900	0	0.947	0	0:02:51.473038
49000	0	0.947	0	0:02:51.519601
49100	0	0.947	0	0:02:51.361671
49200	0	0.947	0	0:02:51.730599
49300	0	0.947	0	0:02:51.139315
49400	0	0.947	0	0:02:51.377489
49500	0	0.947	0	0:02:51.550782
49600	0	0.947	0	0:02:51.222035
49700	0	0.947	0	0:02:52.371353
49800	0	0.947	0	0:02:51.477745
49900	0	0.947	0	0:02:50.147525
